0,1,2,3,4,5,6,7,8,9,10,11,12,13,14,15,16,17,18,19,20,21,22,23,24,25,26,27,28,29,30,31,Chip,Class
0.52830124,0.053651527,0.55713856,0.2236785,0.7207046,0.20948838,0.37077093,0.75191027,0.579014,0.11539695,0.40290734,0.05391469,-0.041001536,0.5882938,0.4063541,0.42820522,0.44889596,0.6123073,0.49370882,0.56591547,0.20733811,0.35592243,0.042899888,0.44609797,0.33762923,0.7320765,0.2648928,0.60720843,0.39783657,0.21582326,0.48857677,0.46866274,386,1.0
0.5032872,0.0671891,0.47828373,0.21805356,0.80109036,0.22585125,0.3923534,0.6697699,0.61083996,0.07206983,0.4393111,-0.01360698,-0.14459026,0.57077503,0.38208196,0.3955402,0.47078684,0.632319,0.47974446,0.65174705,0.18887174,0.33051363,-0.026443467,0.42488962,0.26482385,0.75358236,0.25334287,0.6029699,0.36506084,0.21381369,0.48426098,0.46805543,386,1.0
0.59219307,0.050509855,0.5924129,0.2621709,0.91853553,0.28576776,0.45748028,0.8439834,0.69655997,0.13173954,0.49558672,-0.004815921,-0.1315498,0.6651112,0.45544252,0.48209003,0.63003147,0.7702395,0.640112,0.67828375,0.28376663,0.38529044,0.04610463,0.48827636,0.35870343,0.8828455,0.40183556,0.7802059,0.50404096,0.3019108,0.5981815,0.55304164,386,2.0
0.57418513,0.094530955,0.7563963,0.26928642,0.5016797,0.18599913,0.43310103,0.80483997,0.5714031,0.3344555,0.21499848,0.2081041,0.2983065,0.5665226,0.60976166,0.6901814,0.5087671,0.56991667,0.43877834,0.53371626,0.37505797,0.41651934,0.24918872,0.5037628,0.46026468,0.73992157,0.3505397,0.5822718,0.43699625,0.35994938,0.60940874,0.6294688,386,4.0
0.49493647,0.059147805,0.45385358,0.24843484,0.7937116,0.2456809,0.38113043,0.7935796,0.6106202,0.08376088,0.48179966,-0.038790867,-0.18382707,0.6138377,0.34262797,0.4007366,0.48286328,0.6450129,0.5369455,0.5733081,0.19370033,0.35834113,0.026835538,0.43149707,0.26074898,0.80493593,0.2951527,0.6194441,0.39246458,0.18642916,0.47336757,0.4877555,386,3.0
0.5153664,0.05069078,0.5098244,0.21728995,0.73424613,0.22691245,0.3631719,0.7058004,0.56966925,0.1071844,0.40279943,0.018932525,-0.06898868,0.56370205,0.3870317,0.41552722,0.46577966,0.60653746,0.51999384,0.56503755,0.20667596,0.3421945,0.021813352,0.39724135,0.28877404,0.71223426,0.30162492,0.6139181,0.3978789,0.19902305,0.4855328,0.45504826,386,1.0
0.5145116,0.06806838,0.5108143,0.23196808,0.76905465,0.21704534,0.38638884,0.73106545,0.62005585,0.100051366,0.42460313,0.009962857,-0.10815176,0.5922909,0.38672927,0.3941977,0.46532264,0.6239898,0.5070015,0.6069619,0.21072215,0.36698502,0.0059292875,0.43470192,0.2996329,0.73813164,0.26038495,0.63148904,0.40263653,0.19521731,0.4807836,0.4788681,386,3.0
0.60174674,0.07733874,0.59132534,0.25407606,0.85748875,0.2628067,0.46435013,0.8579361,0.7123881,0.12032637,0.43302068,0.022138923,-0.07412222,0.6504847,0.46220398,0.47073933,0.5463077,0.7306924,0.6136044,0.69125587,0.2649683,0.4071398,0.021449082,0.51657575,0.35219944,0.8271835,0.34747663,0.7378765,0.44638833,0.24862462,0.5523449,0.5584123,386,1.0
0.54582715,0.07267152,0.515716,0.2289766,0.8231171,0.22101645,0.40731117,0.779061,0.6550208,0.09829973,0.444873,4.4688582e-05,-0.122349605,0.61483145,0.381339,0.4277186,0.47896335,0.69356203,0.53140956,0.64470065,0.22459617,0.40358484,0.015144713,0.48069295,0.30776304,0.7877401,0.269355,0.65647185,0.3794356,0.18330903,0.4905372,0.47901163,386,1.0
0.51532656,0.11518861,0.7242147,0.26617366,0.5457974,0.26785144,0.4580763,0.85565907,0.7060646,0.30643764,0.23765406,0.19502021,0.27217472,0.57498807,0.6254733,0.6953143,0.49411458,0.6067712,0.5166902,0.5701387,0.32346287,0.43165192,0.19215816,0.48016837,0.42568263,0.75594306,0.38613266,0.6606363,0.47028536,0.3657615,0.5693437,0.6173216,386,4.0
0.53045815,0.12873387,0.7751481,0.2800948,0.5552238,0.28806815,0.48744228,0.92229533,0.74963015,0.33696258,0.23044515,0.22501369,0.33023578,0.589993,0.68443745,0.74543357,0.5283799,0.64158267,0.53395474,0.57844603,0.35205042,0.45004487,0.21634912,0.5028257,0.45467812,0.7781879,0.4216203,0.68798006,0.4996527,0.3937588,0.6004527,0.6472101,386,4.0
0.5295174,0.093427025,0.5392717,0.25676987,0.70846397,0.21632206,0.3594455,0.7337437,0.6094602,0.13410494,0.38269496,0.041938424,-0.031954482,0.61039996,0.40883103,0.4394389,0.41906372,0.6244297,0.52995044,0.581043,0.21867079,0.40613765,0.042628057,0.46392694,0.3233541,0.7480271,0.26720917,0.62685025,0.38138694,0.22981074,0.48223424,0.48991865,386,2.0
0.36439312,0.032504324,0.40971655,0.19586116,0.6678412,0.19899786,0.28613645,0.57054716,0.4883042,0.09754312,0.37721714,0.011821542,-0.11534993,0.516541,0.26598474,0.33861437,0.34020194,0.46958587,0.3796019,0.48888665,0.15188771,0.29652348,0.043218777,0.3253784,0.1857248,0.6145644,0.25231242,0.50371534,0.32224768,0.15660118,0.43363872,0.44781822,386,1.0
0.53036666,0.074514575,0.5893792,0.23349118,0.6858833,0.24250245,0.39547086,0.78807276,0.63957036,0.1682573,0.37129158,0.06786415,0.027606796,0.5804529,0.47299653,0.50096905,0.4974292,0.6411001,0.5078306,0.5580536,0.25916016,0.3875589,0.07222822,0.43511534,0.34061903,0.7357905,0.3179555,0.6323995,0.4223866,0.24941832,0.5254537,0.51927674,386,4.0
0.50902224,0.052646603,0.5300071,0.21403554,0.6943828,0.20618455,0.37276003,0.7002956,0.5822236,0.11922473,0.37862724,0.036683846,-0.048161753,0.5566975,0.40017813,0.42203474,0.45358485,0.5969326,0.50122786,0.55730206,0.20692241,0.3537869,0.020152103,0.4099696,0.29600537,0.68765426,0.26197213,0.5798534,0.39041412,0.19783983,0.48307618,0.4712044,386,3.0
0.3933701,0.09226891,0.52967536,0.2301459,0.4421101,0.20168227,0.27923676,0.6285417,0.49714494,0.23321652,0.2648055,0.13514513,0.18058535,0.48416796,0.41043028,0.48634356,0.35846964,0.4615982,0.34035945,0.42467296,0.2607677,0.3262459,0.13699189,0.38316786,0.29608268,0.5621212,0.21868953,0.46584564,0.36136386,0.23403186,0.46352705,0.44635156,386,4.0
0.50264555,0.12390586,0.7860693,0.2807724,0.47935465,0.25615826,0.47066703,0.8739392,0.7060233,0.36706513,0.18134126,0.2447883,0.38781303,0.5650878,0.692104,0.73948264,0.47705773,0.5871974,0.47183892,0.5424155,0.37305915,0.44412544,0.27170843,0.50807375,0.48410067,0.75525963,0.38834327,0.6790529,0.47104,0.403897,0.5774769,0.6256504,386,4.0
0.5972969,0.08215077,0.5609573,0.25441384,0.89146733,0.22515485,0.41080058,0.89038974,0.7152047,0.099627614,0.47485083,0.010352999,-0.12959099,0.65111274,0.42693248,0.47035992,0.5338453,0.7393211,0.6263336,0.6690722,0.20961405,0.4425185,0.0126197785,0.48771396,0.33005893,0.83407414,0.31299892,0.7434253,0.40654585,0.23204073,0.49789336,0.49698326,386,1.0
0.53986007,0.1252861,0.73374015,0.265177,0.59142697,0.26530468,0.4470802,0.910587,0.71302634,0.29449782,0.27065486,0.18688695,0.2535654,0.5846426,0.6352887,0.69878507,0.5264467,0.6366632,0.521304,0.58329046,0.32814813,0.4427955,0.18968572,0.49198258,0.43030676,0.76341414,0.39520797,0.6803096,0.4833506,0.36211416,0.5764272,0.6273539,386,4.0
0.4030056,0.10838929,0.54119366,0.241021,0.6592459,0.19469386,0.2301147,0.8796883,0.551951,0.13327126,0.38162398,0.068094134,-0.0849573,0.586239,0.34804422,0.49009335,0.38586372,0.5330328,0.4000589,0.5100496,0.17517196,0.4083405,0.039132364,0.39851993,0.26936737,0.6753948,0.21248522,0.62759143,0.2834343,0.12132865,0.46774065,0.4042323,386,1.0
0.56549746,0.075781345,0.5285203,0.25007984,0.78775966,0.22475167,0.37939304,0.7696682,0.6284805,0.098632395,0.44098338,0.01616389,-0.10047543,0.6280562,0.39102295,0.4275251,0.44326922,0.668081,0.5647707,0.6111958,0.2124135,0.41035882,0.0136001,0.46572217,0.30969533,0.77915573,0.2612961,0.6596089,0.38194144,0.21855843,0.48042348,0.47054178,386,3.0
0.5308115,0.04013271,0.5064479,0.22187701,0.80125713,0.22319473,0.38114512,0.71785927,0.5643706,0.09904225,0.4470533,-0.0032754987,-0.13181409,0.5780778,0.36524007,0.40001082,0.48504353,0.64467824,0.53390497,0.5845506,0.19611219,0.3364731,0.008913614,0.40585038,0.2853378,0.7307941,0.33308655,0.6520106,0.42231986,0.20090541,0.4944354,0.47221652,386,3.0
0.5872419,0.07739492,0.60495913,0.24599564,0.7903629,0.25110888,0.43864512,0.82103133,0.668217,0.13670397,0.4074155,0.04538798,-0.02677381,0.6266935,0.46198595,0.48941875,0.5094166,0.7000498,0.58133763,0.6358339,0.25323468,0.40364406,0.04677958,0.5069696,0.35576728,0.7958901,0.32829538,0.69302934,0.42801237,0.24993983,0.53868365,0.5439422,386,3.0
0.53414965,0.0473964,0.51435137,0.23300305,0.8267775,0.21483392,0.39555517,0.76653856,0.6298451,0.09621228,0.4482545,0.0005778223,-0.13607617,0.5958633,0.37670043,0.4222622,0.50300616,0.66224617,0.53960454,0.62595135,0.204752,0.38527647,-0.018785328,0.45983845,0.2709248,0.7562574,0.27017346,0.6545535,0.39797017,0.17753811,0.50355315,0.47962195,386,2.0
0.62695724,0.086953655,0.65274453,0.280507,0.869295,0.29719555,0.45924756,0.92941904,0.7463463,0.1547642,0.44745687,0.050911438,-0.031969436,0.69110477,0.5068749,0.5476924,0.5629195,0.7715969,0.6690571,0.7065708,0.30418107,0.44372395,0.07414527,0.56014574,0.41164905,0.90427744,0.3793873,0.7695793,0.4664901,0.30566704,0.6055934,0.5887389,386,1.0
0.52090245,0.10702876,0.6819062,0.25868413,0.6121001,0.25480938,0.44387016,0.84008044,0.6646302,0.2537175,0.2938668,0.14225745,0.18571654,0.5737808,0.5598453,0.630543,0.49420744,0.63301796,0.49565265,0.58101594,0.28733948,0.41054183,0.1527864,0.47923094,0.38153413,0.75659466,0.35332775,0.65873355,0.44404256,0.3245362,0.53582054,0.5787314,386,4.0
0.5055283,0.08092656,0.59684503,0.23857296,0.6434836,0.23182747,0.39749897,0.77007467,0.6137959,0.18793298,0.34011978,0.08593424,0.06016854,0.57252264,0.46310863,0.53721726,0.4384745,0.6123129,0.49038285,0.5775561,0.2559049,0.40721896,0.09975879,0.4502524,0.33897683,0.74146426,0.30811128,0.61488813,0.39762557,0.25701818,0.50085545,0.51332664,386,1.0
0.54167545,0.047409553,0.49475372,0.23071608,0.85419935,0.21410663,0.37353593,0.7532912,0.6481594,0.084719576,0.47009894,-0.016793407,-0.16799161,0.6108953,0.35541904,0.40474707,0.48865527,0.6762103,0.54611987,0.6330442,0.20246871,0.3952153,-0.020642154,0.4703798,0.27792794,0.77101946,0.2617027,0.6595713,0.38547203,0.15715446,0.50266075,0.47487688,386,1.0
0.53234696,0.032872707,0.49254435,0.21600555,0.70599425,0.26273587,0.3740877,0.7161866,0.61720175,0.09455053,0.38446778,0.005746141,-0.10628864,0.55881596,0.3733597,0.44150606,0.45977494,0.59045756,0.47599632,0.5396983,0.20863774,0.36619812,-0.041903578,0.38962597,0.22998112,0.7141415,0.3042082,0.6032575,0.4005138,0.20605269,0.5039776,0.43306965,386,3.0
0.521525,0.1029941,0.69358706,0.2598282,0.6007655,0.265052,0.4507755,0.84569126,0.68914926,0.26755372,0.2809721,0.14844173,0.20507793,0.57905924,0.5820666,0.6505904,0.5104735,0.63149166,0.5160812,0.5847316,0.2921242,0.40829936,0.15534022,0.4691709,0.39295676,0.7629385,0.3738185,0.65509605,0.46231183,0.34354627,0.5624231,0.59684956,386,4.0
0.46667975,0.048007604,0.4891277,0.24969843,0.8472464,0.29913685,0.3926029,0.73235893,0.649591,0.064943835,0.4770947,-0.006275147,-0.15253352,0.60460377,0.35272628,0.4436302,0.50893223,0.660115,0.58573973,0.631613,0.23385978,0.2768222,0.029364606,0.45369682,0.257882,0.7732514,0.38381264,0.57215565,0.385618,0.22927868,0.5213836,0.52818274,386,2.0
0.5208749,0.04657159,0.5177655,0.20983273,0.7334141,0.210347,0.38245654,0.70830244,0.5604545,0.098697625,0.40990975,0.021738805,-0.07961327,0.56788445,0.37751773,0.39708385,0.4640946,0.6096155,0.49568355,0.56094,0.18817478,0.33150733,0.005892072,0.40600243,0.2866922,0.71272945,0.27251834,0.6048526,0.40203252,0.19076905,0.48233005,0.46163687,386,2.0
0.4381804,0.08959433,0.54224783,0.24660307,0.6359297,0.23036772,0.32033634,0.7743326,0.58166254,0.15348372,0.35912862,0.034501433,0.04795994,0.5544852,0.38984013,0.5103235,0.4746702,0.5857422,0.5097623,0.5286886,0.2657156,0.33959487,0.12929426,0.41774744,0.2895368,0.6946033,0.25563335,0.5741993,0.37295356,0.27514815,0.48753533,0.4453286,386,4.0
0.5251384,0.06877215,0.52149963,0.23895472,0.7709982,0.22833751,0.38972297,0.75137454,0.62642175,0.10309006,0.42727035,0.012422305,-0.09594576,0.6033771,0.40084574,0.40616843,0.4636749,0.627673,0.51748097,0.6129279,0.21841735,0.37270245,0.011968713,0.4427249,0.31021732,0.7527429,0.2647746,0.6457025,0.40986484,0.20674595,0.48748383,0.4894369,386,2.0
0.37965488,0.049060542,0.33636126,0.17369002,0.6393318,0.15975083,0.2714826,0.5053488,0.5089498,0.096770845,0.33570015,-0.014319725,-0.163379,0.5010363,0.2688996,0.32876682,0.29765606,0.46638754,0.35311592,0.49100494,0.113792196,0.34641242,-0.019474536,0.3345573,0.18852296,0.6044618,0.22307903,0.48868746,0.29867494,0.14581658,0.38538072,0.32553324,386,3.0
0.51522607,0.038654476,0.47223654,0.2159616,0.766864,0.21222258,0.3557506,0.6944082,0.55019754,0.078816876,0.43571287,-0.008559942,-0.14103091,0.5688019,0.33799443,0.38186422,0.45640552,0.6097766,0.51523405,0.57296854,0.17847627,0.33384767,-0.0123097375,0.38065144,0.26748574,0.7046509,0.2786728,0.60668904,0.3741372,0.16002473,0.46134058,0.42314723,386,3.0
0.5301064,0.053945072,0.5174418,0.21817893,0.74379253,0.22633775,0.37061846,0.73958004,0.577554,0.10256119,0.411398,0.019844797,-0.06577644,0.5765349,0.3824076,0.43779474,0.47024,0.64264435,0.51430136,0.5759433,0.22379215,0.36060986,0.046131756,0.43675312,0.32184404,0.73743117,0.29212365,0.6301399,0.3877513,0.20815517,0.49561244,0.45746619,386,3.0
0.60926294,0.08317399,0.63633823,0.24836832,0.7959566,0.26451844,0.43163666,0.85154915,0.68541354,0.14646997,0.42240998,0.048852857,-0.025218204,0.64504683,0.48444065,0.5015918,0.5210709,0.7152586,0.6071002,0.6266222,0.26444978,0.40690336,0.05229091,0.5165738,0.37083825,0.8161442,0.34013957,0.6950421,0.44880766,0.2621657,0.56165653,0.553512,386,2.0
0.5228416,0.050225634,0.50904167,0.22026283,0.78997093,0.21124527,0.38933074,0.7326587,0.60219336,0.092490494,0.4266642,0.018068876,-0.11530611,0.58339036,0.37382594,0.40960592,0.48037994,0.6406983,0.5296945,0.60288113,0.20680386,0.36893252,-0.010988545,0.4401854,0.28743875,0.7353426,0.25348705,0.6219606,0.38487643,0.17227317,0.48186135,0.4643112,386,3.0
0.36323667,0.066448174,0.45263273,0.18475658,0.47404575,0.22243805,0.24555771,0.49591407,0.38087744,0.13176434,0.33431098,0.0059534907,-0.011591986,0.4609939,0.30252326,0.3483423,0.23811513,0.4423164,0.38571507,0.3780837,0.1978173,0.30320135,0.07083614,0.33619988,0.21373297,0.58129513,0.18013304,0.47044647,0.30109158,0.1633182,0.39072436,0.33173388,386,1.0
0.5928936,0.08957184,0.67533284,0.24192053,0.7443375,0.2686731,0.44100592,0.8604444,0.68409765,0.1923891,0.37792566,0.082990855,0.05602706,0.6173048,0.52670056,0.5639466,0.5403483,0.7017111,0.5744568,0.61739963,0.29492858,0.41749525,0.079781495,0.50389683,0.3837362,0.78658855,0.36698133,0.6920148,0.46691093,0.28480202,0.5849204,0.5794362,386,4.0
0.5231363,0.08744879,0.5439196,0.25062543,0.72406167,0.21696775,0.35777465,0.7644696,0.63278973,0.14303929,0.37248173,0.052748792,-0.019738592,0.5922668,0.41615894,0.47731763,0.44515413,0.6193053,0.52290475,0.57507133,0.20985427,0.40594938,0.054270983,0.45473877,0.31500506,0.73679173,0.29074782,0.6291833,0.38208956,0.22794762,0.47522202,0.4963868,386,2.0
0.46607322,0.111469574,0.6432881,0.2480666,0.51592904,0.21769021,0.406823,0.7695945,0.59863776,0.24900171,0.26592782,0.15419891,0.20461383,0.53436834,0.53850746,0.5916592,0.46050897,0.5352241,0.4512621,0.5311948,0.25375533,0.37749532,0.1539782,0.43224156,0.3608199,0.70049894,0.34494284,0.5949119,0.4101551,0.30987507,0.4994441,0.5417596,386,4.0
0.5196861,0.041764937,0.49488422,0.2164014,0.7615138,0.22852008,0.36707255,0.70540935,0.54616416,0.112182625,0.41836852,0.0040862337,-0.10951637,0.5657681,0.37940332,0.40186563,0.47170234,0.61229134,0.53491384,0.54536176,0.21059462,0.33060935,0.025367081,0.4076617,0.3051035,0.73145354,0.33532926,0.63470876,0.4238322,0.22585784,0.5004862,0.47209975,386,3.0
0.52183324,0.074044414,0.5054547,0.23016796,0.8155317,0.2204022,0.39403427,0.740233,0.6263233,0.10099575,0.42780071,0.022692345,-0.11569174,0.5912594,0.38415495,0.41896787,0.49455303,0.659361,0.5283401,0.6187194,0.20811659,0.37676013,0.008583706,0.45222288,0.30316722,0.7544811,0.27498925,0.62889177,0.38373807,0.18231636,0.48575148,0.47494242,386,2.0
0.525102,0.06584668,0.51330197,0.22487058,0.77934265,0.22051503,0.40399098,0.7336144,0.60217875,0.103345886,0.40537083,0.033539824,-0.07401818,0.5848992,0.3917284,0.42617628,0.48221722,0.6415958,0.52643204,0.6136302,0.21799536,0.37052807,0.014315121,0.44846672,0.31607375,0.743345,0.27926424,0.62366897,0.38667956,0.1906422,0.48823953,0.47550616,386,1.0
0.3763243,0.08163531,0.41314974,0.22471088,0.59415203,0.13722779,0.2170906,0.6032119,0.43149322,0.11361219,0.38145706,0.013361692,-0.09946793,0.55349064,0.27722543,0.3497187,0.27886567,0.4472967,0.36946672,0.40584165,0.11804266,0.32127094,0.02906336,0.3436651,0.196492,0.6860068,0.15006699,0.47098312,0.28790924,0.12826583,0.41247174,0.41444418,386,3.0
0.578842,0.095354795,0.67349964,0.24992928,0.7121669,0.2672067,0.44119623,0.87042934,0.7051439,0.21492013,0.35878137,0.10756021,0.104334876,0.61166537,0.5457883,0.5967035,0.5287251,0.6866812,0.5463858,0.6116131,0.31226537,0.4316918,0.11190139,0.49785435,0.39954594,0.7806665,0.3625822,0.69331723,0.47004768,0.3057881,0.5760831,0.5954499,386,4.0
0.46050578,0.017147,0.42050552,0.23492745,0.7282573,0.20759825,0.34718165,0.68104327,0.5700526,0.07731926,0.39173394,-0.010638304,-0.15844841,0.5654142,0.2984188,0.36098018,0.4384944,0.56324965,0.51061267,0.52360916,0.16340262,0.3615426,-0.07391202,0.39455146,0.18653238,0.6997297,0.2637224,0.5995511,0.3640141,0.17043385,0.46980935,0.3862418,386,3.0
0.51672685,0.06357626,0.5120777,0.21895511,0.730795,0.20497769,0.38006914,0.7116782,0.592583,0.10407916,0.4068394,0.016752277,-0.08916645,0.5718465,0.37660664,0.3973864,0.45304236,0.6219613,0.49319527,0.57864964,0.19842741,0.3611921,0.020260097,0.4238681,0.29724658,0.7083682,0.2525383,0.5985972,0.38170412,0.18424207,0.47377545,0.4635337,386,3.0
0.55004346,0.08187593,0.44856656,0.19479507,0.7743036,0.27333394,0.31981644,0.7345383,0.6438402,0.121927,0.39016783,-0.043036997,-0.22170694,0.57668597,0.35223,0.44946542,0.41492695,0.57637644,0.37545735,0.6328228,0.16859864,0.42837703,0.017174305,0.40810913,0.28547114,0.71683216,0.322255,0.6684498,0.35424304,0.18983807,0.459396,0.39685795,386,3.0
0.5095043,0.027442906,0.43017122,0.20918068,0.7739125,0.2076358,0.33943093,0.6690364,0.5370947,0.0595709,0.45046946,-0.029436067,-0.1633668,0.5520385,0.32548368,0.35956112,0.45056403,0.60923463,0.49264595,0.54264444,0.15390626,0.3091118,-0.012514498,0.36488006,0.24880266,0.68304217,0.26925135,0.58960867,0.36350808,0.14210743,0.458899,0.42064855,386,2.0
0.4670195,0.049324546,0.4944661,0.26528957,0.91346884,0.30837655,0.41061717,0.78583544,0.70291567,0.0634626,0.49733594,-0.0018160865,-0.16142204,0.6270269,0.3715394,0.45544916,0.54143125,0.70042205,0.6444659,0.6818653,0.25548047,0.28182787,0.037891187,0.46553704,0.26828885,0.82169664,0.39289367,0.6160957,0.39804024,0.24828409,0.5380031,0.55721664,386,3.0
0.43779463,0.12710166,0.4749568,0.23474193,0.72225237,0.21719076,0.21854715,0.79927313,0.56420946,0.14899105,0.38012117,0.017784778,-0.1215197,0.56792104,0.32693186,0.43141854,0.3396992,0.5063734,0.4763507,0.56979364,0.19844499,0.40934747,0.06746894,0.42820728,0.2954502,0.6717913,0.24655694,0.6384476,0.30435738,0.15807357,0.45828328,0.37579396,386,1.0
0.5583838,0.07683052,0.5928161,0.24503833,0.73127824,0.24417292,0.41661376,0.79561514,0.6566602,0.14824125,0.38113433,0.056214016,0.003828764,0.6038618,0.45660636,0.49568355,0.48143798,0.66001534,0.54613185,0.602778,0.25161752,0.3999765,0.047871757,0.47572848,0.3334153,0.7569847,0.3196597,0.654116,0.4153478,0.2514932,0.52280146,0.5377692,386,3.0
0.608107,0.06749214,0.62945354,0.25543478,0.82222426,0.2691182,0.44656476,0.8906663,0.68762517,0.14290161,0.42565224,0.06304941,-0.0001341775,0.6394789,0.4773772,0.5376724,0.53930163,0.75650966,0.5959435,0.6664308,0.2917135,0.41738367,0.09485677,0.54000086,0.41154456,0.8400661,0.34831414,0.7344428,0.4345507,0.2776323,0.5670706,0.5592674,386,3.0
0.5653813,0.093167216,0.67718023,0.27586067,0.7441995,0.28778154,0.46852252,0.8650626,0.69429296,0.22692949,0.36451867,0.09131728,0.088680595,0.6247872,0.53684807,0.6005087,0.5553636,0.7176327,0.57513267,0.6402812,0.33601862,0.41829628,0.13655579,0.5162385,0.40233085,0.8352989,0.37923118,0.7369808,0.4629632,0.34978813,0.5831989,0.55559325,386,4.0
0.4662946,0.13902834,0.45589283,0.241611,0.7054774,0.19667679,0.21544594,0.82960695,0.59087735,0.12524927,0.41627446,-0.0034903511,-0.17878163,0.60499597,0.33319235,0.43509945,0.3356368,0.57493275,0.45085064,0.57035226,0.22209945,0.40940988,0.044829775,0.44488958,0.30567002,0.66917694,0.17245781,0.6256964,0.29734352,0.14933741,0.41240427,0.3210537,386,1.0
0.43301964,0.12096105,0.43595034,0.20450935,0.6398609,0.19519678,0.20415325,0.75774896,0.5049014,0.1383672,0.35331208,0.004992351,-0.13264038,0.5331022,0.31002307,0.44283062,0.3130213,0.5069283,0.39458907,0.51932526,0.17919424,0.40515855,0.056565948,0.3913186,0.27504945,0.5899062,0.23084322,0.6157487,0.30548778,0.1441216,0.41107455,0.33828267,386,3.0
0.55194914,0.066250235,0.59696776,0.22067356,0.7205246,0.23973274,0.3992798,0.7804553,0.60380304,0.15158415,0.3814887,0.05961793,0.009028804,0.5854398,0.4499333,0.49348903,0.49171335,0.6448358,0.5261485,0.5814553,0.24909468,0.37777448,0.057302546,0.45442566,0.34958345,0.7516544,0.33583975,0.65314305,0.43376562,0.25063902,0.5295076,0.5117234,386,4.0
0.50795776,0.047779683,0.48890477,0.20853736,0.724826,0.21206774,0.35426614,0.68448853,0.55393094,0.09933988,0.4038438,0.005992517,-0.10055053,0.5554372,0.35756803,0.40452212,0.44931662,0.59819835,0.5099238,0.5575927,0.19882196,0.34621426,0.02029915,0.39990103,0.29872042,0.6982796,0.2845479,0.59625536,0.38035825,0.1817848,0.47184855,0.4308934,386,3.0
0.4952259,0.043306604,0.5243976,0.21376535,0.68111575,0.21622612,0.37114006,0.72242695,0.57651883,0.12819222,0.37865746,0.047812965,-0.019603737,0.557235,0.4029087,0.46118516,0.44913894,0.608891,0.47828057,0.56493884,0.22235675,0.3640777,0.044606403,0.4151865,0.29584742,0.69889355,0.2680452,0.5930517,0.38266686,0.211409,0.4803612,0.46886003,386,1.0
0.50643426,0.12538409,0.44754088,0.2245829,0.7282417,0.21646129,0.24275275,0.84726745,0.61746836,0.13243358,0.41722202,-0.014520802,-0.20411138,0.6083394,0.322369,0.48458976,0.33211076,0.5950371,0.4616182,0.55392474,0.19802028,0.43561766,0.032958236,0.42905924,0.2885499,0.66572213,0.21608159,0.6373162,0.33286598,0.14319839,0.4096412,0.3542569,386,2.0
0.45256323,0.13943705,0.47207728,0.2255326,0.7066086,0.20982619,0.21319737,0.8347798,0.5609576,0.1504626,0.36970028,0.016429432,-0.13422236,0.56484354,0.32884416,0.4546368,0.34275678,0.52211577,0.46198773,0.55746907,0.20083123,0.42387784,0.06198271,0.42556065,0.30319604,0.62935257,0.23822913,0.6567319,0.30938047,0.15262097,0.4329731,0.3507198,386,2.0
0.5851552,0.076230794,0.54252607,0.24418038,0.895412,0.2391158,0.4127797,0.8254973,0.69893855,0.100084245,0.4705907,-0.0022724792,-0.15203092,0.64234185,0.4178038,0.4576245,0.5384451,0.7499453,0.57508457,0.68253803,0.22847243,0.42163226,0.004103318,0.5059143,0.3181012,0.825078,0.30731222,0.71386623,0.41597435,0.21214043,0.53729874,0.5134187,386,3.0
0.46709853,0.12921503,0.43228695,0.17363344,0.6818482,0.1812841,0.22237296,0.67427063,0.5138916,0.13042384,0.35936835,-0.009980492,-0.15408452,0.53661823,0.3058024,0.4317164,0.3006258,0.52236176,0.40197322,0.5516394,0.18399367,0.4147743,0.049986936,0.37980545,0.29197136,0.58798325,0.24188524,0.61666423,0.32399634,0.14921461,0.4004829,0.36434337,386,3.0
0.52531636,0.08224434,0.52663416,0.25036266,0.74938476,0.2131358,0.3526705,0.75770146,0.6301154,0.1264512,0.39113852,0.03827979,-0.05791039,0.5959926,0.39941674,0.4500183,0.43753582,0.61869,0.5308973,0.5772738,0.19506091,0.39970887,0.03322186,0.44897678,0.30212933,0.73540294,0.28323326,0.63256425,0.37381157,0.21181208,0.47065616,0.47635263,386,3.0
0.49919587,0.050988052,0.50501233,0.21451905,0.69848204,0.22206242,0.35273188,0.7029734,0.54710054,0.11576844,0.37844563,0.03731839,-0.03276924,0.5525889,0.38795277,0.43057054,0.43896076,0.58724797,0.4953887,0.54402524,0.21477668,0.34294295,0.0431644,0.40231082,0.3002197,0.7093766,0.30116746,0.60047764,0.39079317,0.21860193,0.4790189,0.4544446,386,3.0
0.49371988,0.036634542,0.47111395,0.23810434,0.81595486,0.26704806,0.37260744,0.680131,0.6101699,0.042131778,0.46840906,-0.02796892,-0.18103978,0.61427903,0.3483602,0.3988096,0.50068706,0.657208,0.5859774,0.5794071,0.21865639,0.2932752,-0.0050029866,0.44780385,0.26859662,0.78081894,0.36111692,0.55878025,0.36909446,0.21901903,0.51890004,0.5106118,386,3.0
0.5140227,0.10752361,0.5668381,0.26201078,0.6732927,0.22156252,0.38287216,0.7600013,0.6234815,0.17487994,0.33255413,0.079663746,0.051386725,0.5906041,0.44969422,0.49572542,0.41399172,0.5870747,0.5063991,0.5766811,0.22814937,0.4072598,0.065814406,0.45616144,0.32286945,0.7302277,0.29371646,0.6211971,0.37947,0.2655398,0.4847387,0.50568444,386,2.0
0.51411176,0.07940445,0.49401808,0.23556355,0.8103375,0.20785278,0.37648028,0.738828,0.6234312,0.09755859,0.43202454,0.0075918213,-0.13669673,0.588306,0.36894524,0.41943157,0.4825771,0.6589098,0.5315853,0.6190918,0.18112865,0.38883016,-0.012103379,0.45243147,0.26343435,0.74846435,0.27553314,0.6456502,0.3706049,0.20039745,0.47253677,0.44800028,386,3.0
0.5674238,0.09489409,0.6889416,0.24984437,0.67716473,0.26900277,0.45275858,0.86218023,0.6946882,0.23071346,0.32706183,0.11570709,0.13417447,0.5996629,0.56294143,0.6107893,0.5267964,0.6773659,0.55075884,0.60118395,0.3088201,0.4161677,0.111981414,0.4917639,0.38604322,0.7658521,0.36997658,0.6787494,0.47298643,0.3136489,0.5783936,0.60190105,386,4.0
0.50405455,0.087836914,0.50657547,0.26122415,0.7107722,0.22166957,0.3429468,0.70328766,0.5947455,0.11842388,0.39917153,0.040779203,-0.071847335,0.6141482,0.38055357,0.41874036,0.39875302,0.5932451,0.5390769,0.5968793,0.20125584,0.3953897,0.030303884,0.45072463,0.31388274,0.76203775,0.24572611,0.5951386,0.3578805,0.22444087,0.46935517,0.4301356,386,2.0
0.509032,0.106200844,0.61150634,0.2653406,0.6252347,0.22991583,0.40357298,0.7882871,0.64888537,0.2124193,0.30061546,0.1142491,0.12110795,0.5784097,0.48899522,0.5488212,0.42557514,0.58954,0.49735054,0.56671834,0.25714648,0.4137926,0.109855,0.46721545,0.35222146,0.7316917,0.31147122,0.63393754,0.39490458,0.288069,0.49285415,0.53760046,386,1.0
0.54103756,0.07176036,0.529643,0.24130622,0.7472829,0.2166799,0.3696427,0.7582361,0.6128658,0.109898284,0.4218764,0.019229509,-0.07365003,0.6069912,0.39254928,0.43947574,0.44122922,0.650475,0.5317149,0.5934727,0.2148641,0.40061906,0.022380391,0.45186055,0.29891104,0.7548529,0.25932837,0.63985234,0.38255507,0.21884562,0.47578013,0.47876033,386,1.0
0.57352513,0.06349921,0.6266295,0.23104027,0.7309611,0.24433008,0.42199796,0.80199265,0.6364814,0.1566273,0.3837766,0.06335668,0.013228007,0.5979518,0.47718573,0.5104588,0.5046776,0.6629648,0.5472652,0.5916703,0.2554587,0.38773045,0.05515495,0.47884387,0.34870914,0.75448334,0.3261344,0.65518874,0.4405182,0.25466228,0.54267305,0.5349128,386,4.0
0.5023936,0.08533038,0.5317644,0.24610195,0.68538976,0.20538579,0.35144982,0.7262299,0.60515255,0.14473036,0.36162084,0.055843085,-0.007834204,0.5858822,0.40155798,0.4630305,0.418985,0.6085374,0.5020588,0.56097174,0.2184487,0.4001682,0.062550604,0.45035422,0.31810367,0.7289387,0.26575956,0.60878575,0.3715675,0.22467071,0.46584165,0.48610312,386,1.0
0.57463616,0.11694554,0.75480044,0.26586828,0.66301364,0.2956359,0.4822286,0.944367,0.74089545,0.28586936,0.3036548,0.16318026,0.22182347,0.61622727,0.6401262,0.7000537,0.5494539,0.7052514,0.5538908,0.6210263,0.34811038,0.45065865,0.1630426,0.51747835,0.42930508,0.80303156,0.4059589,0.7074819,0.4997904,0.35832745,0.60911703,0.64018,386,4.0
0.5402602,0.09091516,0.564878,0.26791742,0.76457185,0.24271129,0.38664877,0.7894187,0.6451315,0.13802482,0.4010874,0.042587545,-0.049688235,0.6235204,0.44216058,0.46970475,0.45164737,0.65209824,0.56411284,0.61684585,0.22846062,0.40683725,0.053556506,0.47587216,0.3383901,0.7984015,0.30408922,0.6624726,0.38973472,0.24563701,0.50238407,0.49175522,386,3.0
0.57954365,0.0898364,0.6728178,0.25309354,0.7128903,0.27771166,0.4492625,0.8638545,0.69392633,0.21131477,0.35706413,0.103046134,0.11572792,0.60650766,0.5422936,0.60088086,0.52559406,0.7052237,0.5453832,0.6170842,0.32139522,0.4217728,0.12830573,0.5121737,0.40537927,0.7867929,0.36726075,0.7109645,0.45675662,0.30918548,0.5707087,0.58831656,386,4.0
0.5187158,0.07865142,0.53973544,0.27745697,0.7584211,0.25900704,0.44212425,0.77448606,0.654684,0.16432583,0.3857287,0.04323168,-0.023611069,0.6164167,0.43251717,0.46969718,0.47026244,0.6329064,0.5569337,0.68500155,0.2781752,0.39310995,0.06534283,0.46226847,0.3320185,0.805156,0.3355448,0.67916965,0.40807945,0.29317078,0.5134518,0.48095152,386,1.0
0.5193242,0.030210048,0.4984828,0.2182061,0.77281755,0.23644319,0.36170572,0.6238459,0.6085096,0.03350047,0.47612667,-0.039046466,-0.1957231,0.6130208,0.34512714,0.37625244,0.4981972,0.65191513,0.5557182,0.57377815,0.2111714,0.32617512,-0.023159765,0.46340486,0.29505253,0.76051223,0.36055347,0.58197546,0.39356452,0.20478255,0.5123985,0.51113045,386,2.0
0.5288207,0.08964,0.48075348,0.24538594,0.82342684,0.29230562,0.35689324,0.7123751,0.628234,0.07837374,0.51955634,-0.07617612,-0.22660251,0.621462,0.34020886,0.4070626,0.46349618,0.6793701,0.51837105,0.6331685,0.21396963,0.3530774,0.015863033,0.45150968,0.2643594,0.7787806,0.32608986,0.6162773,0.3667141,0.20664331,0.52545536,0.47815636,386,2.0
0.45632505,0.117395766,0.45769662,0.21899888,0.60160476,0.20023157,0.22894971,0.7833714,0.5250017,0.12938271,0.40890586,-0.0051526725,-0.13714574,0.5878848,0.3562854,0.43196186,0.32428214,0.53921545,0.42519054,0.45908588,0.20386039,0.38053095,0.027813287,0.3997302,0.26250267,0.66820025,0.14606982,0.53057265,0.31830418,0.16076149,0.41516092,0.34875563,386,3.0
0.48967588,0.04977633,0.50027174,0.22775201,0.7542147,0.2298358,0.34087572,0.60826373,0.6047603,0.051027056,0.46842414,-0.03203989,-0.1855281,0.5988061,0.33498502,0.3738345,0.47223425,0.63335735,0.505033,0.5831751,0.20513466,0.34684935,-0.014912751,0.4604332,0.2928494,0.7240994,0.36132798,0.5796595,0.3939156,0.20289333,0.50628954,0.5007359,386,1.0
0.5072421,0.12593818,0.75459534,0.27009386,0.5196944,0.26798207,0.46431494,0.8870249,0.6994534,0.3276415,0.22624342,0.22738771,0.31299353,0.5687854,0.6638243,0.7239078,0.516379,0.601936,0.503515,0.565534,0.33972907,0.43668008,0.23254608,0.48588508,0.44593123,0.7607447,0.40554357,0.67597264,0.47940683,0.38050383,0.574854,0.62002933,386,4.0
0.5219512,0.045270927,0.5096491,0.22682825,0.7655814,0.22727087,0.37800935,0.706935,0.57349813,0.10307811,0.42449376,0.003530249,-0.109483436,0.5742246,0.37694976,0.3989216,0.47356898,0.6117487,0.5426478,0.5798316,0.20392059,0.34030342,-0.001903478,0.387358,0.28016406,0.7218046,0.31064007,0.6371479,0.39558026,0.18485434,0.48594508,0.4470534,386,2.0
0.5446669,0.09002029,0.66978425,0.24445844,0.67198145,0.2657244,0.4381141,0.86463004,0.67515594,0.22765028,0.32394898,0.10642177,0.12863818,0.5894925,0.54873466,0.59676063,0.51153255,0.6656555,0.5287562,0.5962109,0.29166147,0.40245366,0.10763663,0.4774147,0.3685932,0.7515782,0.3559959,0.65868926,0.4659329,0.30828488,0.5586299,0.58590126,386,4.0
0.51882213,0.05783336,0.5416485,0.2255764,0.7189668,0.21384141,0.379275,0.74065965,0.59131557,0.118698604,0.39945057,0.03900051,-0.050549813,0.5757698,0.4056215,0.43817052,0.4525264,0.61013275,0.49536437,0.571633,0.21524894,0.3713235,0.031981684,0.43473893,0.31065977,0.7175127,0.2660029,0.6090949,0.39467588,0.2091512,0.48331535,0.471295,386,1.0
0.5190974,0.034994762,0.45293683,0.20564662,0.76714545,0.18933748,0.3443427,0.6912959,0.53446084,0.073514685,0.43457595,-0.013611354,-0.15395886,0.5653976,0.31828636,0.38318917,0.43737447,0.62219447,0.5087012,0.56218594,0.16367567,0.332784,-0.005376775,0.39848825,0.26769024,0.7047496,0.28784716,0.6013155,0.38727802,0.17644678,0.4454177,0.43100438,386,2.0
0.5167743,0.04054806,0.5036447,0.22345662,0.7819381,0.22731824,0.37972245,0.7021984,0.54427683,0.10597313,0.44831008,-0.003891334,-0.13435432,0.5711267,0.36223137,0.39073852,0.49976456,0.63390493,0.52142686,0.5770729,0.18773709,0.33414638,0.0033257045,0.3884987,0.27796322,0.7087327,0.33296084,0.62838745,0.41137466,0.18906443,0.49503735,0.46668643,386,1.0
0.49512774,0.13997573,0.47634417,0.23700866,0.7495653,0.21643434,0.23627834,0.9015879,0.6404737,0.14310692,0.41437626,0.003217943,-0.18488468,0.6084868,0.3376838,0.49028194,0.3629205,0.58882606,0.49448004,0.56466144,0.21299039,0.435366,0.047395695,0.44494238,0.30925006,0.66465044,0.21461631,0.6645816,0.32033062,0.1457024,0.41677547,0.34909272,386,1.0
0.5101206,0.13485798,0.78355956,0.2790543,0.470127,0.235875,0.45229316,0.88411,0.6619016,0.35951734,0.19783601,0.24366306,0.39720494,0.5513275,0.6526852,0.7307621,0.49999243,0.582815,0.4264172,0.5050871,0.3555376,0.40975258,0.27801076,0.5195504,0.4533415,0.7184762,0.36352685,0.6427062,0.44959566,0.38200787,0.5548473,0.6098554,386,4.0
0.52871203,0.0599979,0.5314175,0.23245025,0.75019747,0.2177641,0.3906308,0.7606495,0.61576474,0.112721495,0.4210467,0.030979123,-0.06794819,0.5912138,0.39929143,0.4399113,0.45664108,0.63041943,0.5008432,0.5920985,0.22039546,0.38656422,0.02929694,0.44095933,0.30991638,0.73372054,0.26686564,0.6211422,0.39049646,0.20257737,0.47848043,0.48129833,386,1.0
0.51169044,0.03282078,0.4672443,0.2246261,0.7387274,0.2313339,0.37558672,0.71596074,0.6034159,0.07919193,0.39709598,0.00021292269,-0.13150336,0.56197184,0.35031286,0.4084001,0.45768666,0.5866243,0.49473825,0.55578727,0.19016728,0.3597864,-0.056574553,0.39977357,0.21139419,0.7038616,0.2771499,0.6031284,0.3848728,0.1916051,0.4816469,0.43035716,386,2.0
0.39048302,0.090454474,0.48109856,0.23631582,0.66508293,0.15882577,0.2814988,0.8218913,0.52070695,0.09583864,0.4130777,0.027248342,-0.10917008,0.5815457,0.33827263,0.4534857,0.39617258,0.58469486,0.4370517,0.53833187,0.14748897,0.37551293,0.036260888,0.3807557,0.23693977,0.749076,0.24880409,0.6040367,0.29553604,0.12575129,0.44968155,0.42654493,386,3.0
0.5497639,0.07853483,0.57383955,0.24947134,0.7467947,0.2443682,0.38721862,0.78870165,0.6297805,0.13132417,0.42014253,0.035759863,-0.06115344,0.6246177,0.44224447,0.45149758,0.46781164,0.6662823,0.56322104,0.603787,0.22933836,0.3822672,0.052760605,0.4695219,0.33920863,0.7904694,0.30388215,0.6560335,0.41087723,0.2395917,0.5153676,0.49899182,386,1.0
0.5244951,0.0804262,0.5702427,0.24207145,0.7116268,0.22623391,0.38100803,0.77474695,0.62906504,0.14865716,0.38749984,0.050889187,-0.014878616,0.5920141,0.4331031,0.4903763,0.4538307,0.6354664,0.5160144,0.58987004,0.23011263,0.40278935,0.060310144,0.45322424,0.3207333,0.75058115,0.29222098,0.6263603,0.3965333,0.23332486,0.4908893,0.50546384,386,1.0
0.41968465,0.090568885,0.5061578,0.23506573,0.6616864,0.19862951,0.2547643,0.72825843,0.5359987,0.13124368,0.40165827,0.024400502,-0.08343768,0.5785361,0.32937723,0.44260085,0.3350132,0.54139876,0.39938098,0.44972306,0.19776441,0.35571402,0.07570952,0.41426322,0.25385195,0.71562016,0.18028525,0.5594917,0.29939243,0.15729728,0.43620118,0.42330286,386,1.0
0.43054283,0.06182669,0.5638685,0.21830407,0.600169,0.25188866,0.3090904,0.7848467,0.5977778,0.13641033,0.35150695,0.05263474,0.07467907,0.5467974,0.41400445,0.5010797,0.47197258,0.5814496,0.5049877,0.49426997,0.29023367,0.31590024,0.116433136,0.4078219,0.27463618,0.65218675,0.24428624,0.5253397,0.38611504,0.28661546,0.474683,0.4511994,386,4.0
0.54712796,0.061137952,0.4881062,0.2431196,0.8298487,0.19918156,0.37337568,0.7867099,0.6524094,0.08224843,0.44789928,0.005823225,-0.13121706,0.61295223,0.37556916,0.41247192,0.47355577,0.6647289,0.57967716,0.6158336,0.1914326,0.40940922,-0.0035596006,0.43524572,0.30549,0.76764464,0.26470438,0.6777988,0.3683647,0.21000557,0.44899786,0.44588012,386,3.0
0.5020003,0.066240504,0.51444805,0.26779383,0.735922,0.24816036,0.35261908,0.7548267,0.6146441,0.12263507,0.41003346,0.039466128,-0.07899253,0.61784095,0.42731163,0.43926677,0.4416605,0.62213266,0.5766253,0.5968536,0.22539037,0.37509263,0.05846488,0.45149317,0.33656132,0.79962754,0.2865876,0.6107898,0.38151363,0.24278745,0.49618822,0.45414984,386,1.0
0.49063718,0.06471492,0.48061994,0.22278829,0.70806336,0.19099955,0.33965945,0.6940467,0.5646749,0.089902535,0.41163293,0.017936777,-0.1015311,0.57329404,0.33891106,0.3595366,0.39098993,0.5739627,0.46124062,0.56453025,0.18618149,0.35509717,0.010375068,0.41650093,0.3088665,0.6914847,0.21093433,0.56265295,0.34721327,0.16502088,0.43934995,0.4391677,386,1.0
0.5174285,0.080682956,0.5794502,0.2460773,0.6539828,0.22859938,0.39170146,0.7728063,0.6311693,0.17493682,0.34567544,0.07820624,0.04532701,0.57663894,0.4511822,0.5140524,0.43638274,0.6150407,0.5029491,0.5722233,0.24850528,0.4022929,0.078560635,0.44894683,0.3374699,0.7365866,0.29261687,0.63079566,0.40113395,0.25520557,0.49394202,0.52041674,386,1.0
0.32989782,0.049269274,0.29684973,0.16992652,0.5728591,0.12297063,0.23821054,0.42517963,0.44528186,0.098739065,0.31500491,-0.0050980896,-0.12229863,0.47054344,0.24093896,0.2701596,0.25030407,0.4062418,0.3414342,0.44764793,0.10288197,0.30682337,-0.01862529,0.31313756,0.18156657,0.5587191,0.1670484,0.4272626,0.26135713,0.13577706,0.34311053,0.30399317,386,2.0
0.46949452,0.05409193,0.62271154,0.2478382,0.58418167,0.20849848,0.41925034,0.7371401,0.54152423,0.23105764,0.26547024,0.11367747,0.141363,0.54645634,0.4781562,0.57024056,0.49612266,0.60556614,0.4509848,0.51396406,0.31687096,0.3566806,0.15159586,0.46226332,0.3841381,0.7436476,0.3412025,0.5427959,0.37164778,0.31387082,0.50742966,0.5230126,386,4.0
0.55256355,0.09695553,0.48160297,0.23015705,0.7904758,0.25230858,0.3343114,0.89822245,0.6413281,0.11782253,0.4585608,-0.06677544,-0.20516248,0.63186437,0.34687316,0.45881802,0.4545262,0.6845329,0.53547287,0.5864542,0.20599473,0.43004167,0.029985629,0.45749977,0.2989633,0.7737591,0.3041613,0.67835927,0.3965029,0.19999932,0.49496448,0.47202295,386,1.0
0.5942373,0.09859246,0.70919144,0.2578476,0.7338897,0.28985435,0.48221046,0.91072536,0.7309214,0.2301355,0.35101777,0.10899158,0.14118844,0.6316024,0.57569367,0.6251904,0.55051875,0.7064679,0.5757496,0.63853484,0.3148732,0.42182928,0.10702683,0.512637,0.39666104,0.8064015,0.38955006,0.7039028,0.4939044,0.33972368,0.5841232,0.6201798,386,4.0
0.52383274,0.1385817,0.77759665,0.28352758,0.5421682,0.2703468,0.46863288,0.9167267,0.73390764,0.34640905,0.20665815,0.22429086,0.3469177,0.5764767,0.681057,0.7430551,0.5037628,0.6220857,0.51093924,0.54725474,0.35746205,0.45331907,0.24485487,0.5193867,0.4680779,0.7622347,0.40735328,0.6973104,0.48244396,0.39432156,0.5737819,0.642066,386,4.0
0.53839415,0.091482855,0.6391303,0.24847153,0.64789754,0.25136396,0.4023097,0.85305727,0.67937523,0.21981719,0.33301476,0.121636555,0.12216306,0.57928956,0.5347004,0.58491874,0.49215984,0.6389513,0.49797454,0.57093495,0.3097285,0.4240331,0.1428774,0.46016154,0.40289122,0.7379364,0.33826768,0.66340303,0.42988458,0.28846586,0.5416873,0.55479527,386,4.0
0.57323563,0.07281797,0.5254624,0.24788868,0.8565685,0.21182097,0.38884547,0.8456632,0.6876022,0.091576695,0.4582996,0.0042831376,-0.12858546,0.62900496,0.4043017,0.44676065,0.5071278,0.70264804,0.6014925,0.63987356,0.19928403,0.4245969,0.006362118,0.45967957,0.3144311,0.7940452,0.28760824,0.7103926,0.38858503,0.21919434,0.47159255,0.4751663,386,2.0
0.57116675,0.06862221,0.59665865,0.23693576,0.75679606,0.23942356,0.42109078,0.79840875,0.6398903,0.1369704,0.40493104,0.04589972,-0.023561701,0.6120359,0.45497563,0.47642592,0.49666554,0.66798556,0.55277795,0.6065734,0.24009268,0.38479552,0.043924402,0.47659695,0.3438184,0.7663554,0.3080951,0.6659967,0.4338729,0.24506973,0.5283686,0.5313444,386,3.0
0.5366452,0.07145367,0.50072753,0.2514682,0.7670871,0.2166882,0.36197644,0.7505835,0.61197144,0.097201824,0.43145636,0.021424573,-0.107944,0.6180072,0.3759978,0.4119477,0.42490566,0.63778096,0.5613014,0.6007271,0.20634499,0.40531304,0.01875206,0.44762072,0.3078273,0.7617451,0.24497849,0.6437832,0.36282882,0.20590903,0.45896152,0.43680832,386,1.0
0.5282653,0.11966167,0.7300572,0.26851633,0.57700145,0.2672475,0.46523705,0.87749296,0.7094487,0.29875445,0.2568655,0.1894976,0.2595448,0.5840521,0.6343733,0.698701,0.51719034,0.6249816,0.5286724,0.58605975,0.3193032,0.43242484,0.1868494,0.4855723,0.42230332,0.7683537,0.39298135,0.677431,0.48236868,0.37084422,0.5766552,0.63081574,386,4.0
0.48505467,0.08378728,0.57467765,0.2425108,0.62503624,0.21946166,0.3845774,0.75072986,0.62093425,0.18448842,0.3260832,0.09057462,0.060924526,0.56600845,0.4447269,0.52133536,0.40824136,0.5924355,0.47511435,0.5698463,0.25433138,0.40830082,0.10623938,0.4504715,0.34654844,0.7347779,0.27838632,0.6222523,0.37923253,0.24946916,0.4643721,0.4862683,386,3.0
0.4915812,0.047079757,0.48982742,0.21651769,0.73616797,0.19696766,0.3658927,0.70367247,0.5870589,0.10052543,0.40671438,0.00685481,-0.10508877,0.5612717,0.35731122,0.38626426,0.44171247,0.60396355,0.5015913,0.58555,0.20103732,0.35342586,-0.0026630946,0.41063958,0.27569062,0.7030076,0.23080455,0.59722286,0.37020746,0.15854369,0.45781732,0.43331182,386,2.0
0.6126976,0.11065244,0.68608046,0.29292825,0.6655673,0.24541843,0.40758994,0.964129,0.7673449,0.23943508,0.3444514,0.107709,0.1901444,0.6524583,0.5698575,0.6640494,0.5927247,0.7035122,0.62454474,0.5618637,0.36824062,0.47536278,0.19136073,0.56781036,0.433715,0.8005353,0.31064776,0.69281065,0.47144294,0.35367218,0.572341,0.5717926,386,4.0
0.42733365,0.08667525,0.46222034,0.22012103,0.679229,0.16994928,0.2673738,0.8587756,0.55683815,0.120116755,0.3565812,0.029222049,-0.08351536,0.5646161,0.34265953,0.44152194,0.38961458,0.55462784,0.39504707,0.568241,0.1596395,0.39972633,0.06704576,0.40484524,0.28041407,0.6952307,0.23762074,0.6345086,0.29355294,0.16422588,0.43168435,0.38443896,386,3.0
0.3599164,0.040807135,0.34608993,0.17641205,0.5797652,0.1482492,0.2433114,0.5314832,0.48690075,0.106469415,0.3009567,0.0044454783,-0.10835329,0.48589277,0.2866628,0.3105244,0.32695156,0.44702658,0.40345225,0.4592843,0.11122164,0.33177382,-0.005912125,0.3507935,0.213455,0.6205435,0.23449175,0.45870477,0.2816351,0.13099764,0.36434087,0.30258912,386,3.0
0.5348997,0.07349128,0.6071665,0.23705357,0.6881666,0.23499542,0.42683205,0.79407007,0.6358929,0.1829952,0.35532868,0.08364783,0.05597192,0.5796834,0.48872012,0.54391134,0.508161,0.63764375,0.5203941,0.59350955,0.24530034,0.3817861,0.076129556,0.44985574,0.33065242,0.735834,0.3180443,0.6356874,0.4349993,0.27256107,0.52599865,0.54084337,386,3.0
0.47208852,0.11947756,0.73575544,0.26358837,0.52281487,0.26131973,0.44940808,0.84625006,0.66577536,0.30743265,0.24266979,0.22316007,0.2948708,0.56748843,0.62065744,0.6646894,0.4978267,0.5827742,0.4879962,0.5584491,0.3128619,0.4039157,0.20702116,0.47118312,0.42115185,0.73728085,0.37926847,0.6731134,0.46518496,0.3570998,0.554973,0.6166961,386,4.0
0.48433352,0.034325883,0.43602145,0.19603229,0.7058834,0.19605221,0.31788003,0.6499621,0.50425124,0.06989472,0.40444475,-0.006186478,-0.11530115,0.53068376,0.3235363,0.3691251,0.42057717,0.56392497,0.47630996,0.5199966,0.16855413,0.3114566,0.003904,0.36103308,0.25871795,0.66014457,0.25579366,0.55354995,0.34982857,0.16004515,0.44754615,0.40438092,386,3.0
0.49299014,0.04995652,0.5117575,0.21037593,0.69045365,0.20339338,0.3562856,0.68429303,0.5760384,0.11139927,0.37936503,0.02536849,-0.06693488,0.5478655,0.38379014,0.40115246,0.4430797,0.5820815,0.5050379,0.5520591,0.19927359,0.34391344,0.008971795,0.38939145,0.28169805,0.67423546,0.25217125,0.57070124,0.38097146,0.18179603,0.4713234,0.44785586,386,2.0
0.44831383,0.089491524,0.6209497,0.23743159,0.5232927,0.23969927,0.39385328,0.7565599,0.6027483,0.23940128,0.258751,0.1474756,0.21763316,0.524318,0.5100415,0.55602586,0.43475625,0.53654104,0.4206265,0.52003103,0.26345015,0.34861925,0.14237699,0.42812142,0.34781817,0.6788068,0.33169988,0.60087496,0.42318293,0.30942893,0.5100925,0.5279065,386,4.0
0.54752123,0.101243064,0.66196686,0.25406742,0.66222346,0.251866,0.44209167,0.84840554,0.6714871,0.22455147,0.33559382,0.120090276,0.124844015,0.5906755,0.55052996,0.6112226,0.5210891,0.6410295,0.5294608,0.6070966,0.2704131,0.4129809,0.122180484,0.47119308,0.36440423,0.7667879,0.35877684,0.6637453,0.45856684,0.31786737,0.5488983,0.5858128,386,4.0
0.5219755,0.051291298,0.54768664,0.22056669,0.7134607,0.22304699,0.4018627,0.7462527,0.6004223,0.13669291,0.38343322,0.05227346,-0.016826242,0.5722283,0.42522645,0.47895363,0.48440814,0.6312306,0.5059455,0.58637595,0.22588794,0.3701657,0.043079145,0.4359723,0.3065896,0.7199,0.28356865,0.6187799,0.4050175,0.22514516,0.4992628,0.49703723,386,2.0
0.4930907,0.123853944,0.73151076,0.26288626,0.49534693,0.24293493,0.44520667,0.83109367,0.6435867,0.30980918,0.23440132,0.1925171,0.291309,0.5471356,0.6135043,0.67580545,0.48861277,0.57968533,0.45307,0.5310272,0.3097202,0.39393896,0.21811603,0.46158955,0.40723652,0.73183906,0.36313942,0.6441184,0.435425,0.35663524,0.5301216,0.58647144,386,4.0
0.5274857,0.059654094,0.52176815,0.23540178,0.7753021,0.214142,0.39966863,0.7693834,0.62431633,0.111735135,0.41463122,0.021952838,-0.086076304,0.5797438,0.39220566,0.4437913,0.48734325,0.6406709,0.52616155,0.61312217,0.20911671,0.38116133,-0.007293958,0.44687328,0.26404122,0.7294824,0.28996912,0.62530065,0.39652458,0.20371133,0.49389896,0.47998968,386,3.0
0.58970577,0.08517659,0.6290003,0.25662807,0.79426914,0.26609495,0.43104145,0.85632867,0.68164766,0.15096578,0.41622293,0.053641364,-0.01882337,0.6402316,0.48849845,0.5133385,0.5163103,0.71673125,0.5912976,0.63764894,0.25867942,0.4086746,0.069844425,0.51169026,0.37165383,0.82235575,0.34103552,0.70664203,0.4399678,0.2720943,0.550881,0.5511308,386,3.0
0.5512303,0.10736851,0.70499086,0.25867876,0.6404019,0.2740291,0.45723543,0.8933491,0.7161386,0.26111946,0.29978392,0.14416012,0.18747312,0.5974655,0.59502107,0.6460571,0.52028316,0.6670341,0.54249626,0.5975136,0.32162052,0.42746744,0.1374977,0.48730442,0.4070651,0.77279735,0.37745088,0.6801581,0.48023036,0.33363536,0.58212763,0.6157228,386,4.0
0.47086996,0.051281683,0.47261697,0.2336548,0.72773343,0.25130463,0.34517017,0.61547333,0.57496965,0.062404975,0.45210993,-0.031111859,-0.1661872,0.58810866,0.32104045,0.37902388,0.45130673,0.61058635,0.50263005,0.5457259,0.20079432,0.31783658,-0.0038796067,0.43857935,0.26877737,0.71213055,0.36296973,0.5411091,0.36286727,0.20168766,0.48797762,0.47277647,386,1.0
0.5457508,0.11048436,0.72890806,0.26834655,0.6118166,0.28400582,0.4716369,0.91211236,0.7312655,0.28743413,0.27362338,0.16820997,0.24455425,0.5954298,0.61798644,0.6832293,0.5082573,0.6527775,0.5342353,0.5879616,0.33176562,0.43478912,0.16574815,0.50169545,0.4240085,0.77657557,0.38958478,0.68466073,0.4832787,0.3583145,0.5804164,0.6342951,386,4.0
0.48644465,0.07405664,0.46510133,0.25217056,0.8152866,0.29971957,0.35716796,0.6879194,0.62386733,0.07605248,0.5089405,-0.05143331,-0.19201149,0.6066841,0.3414185,0.4069935,0.4576056,0.6541313,0.52900344,0.62518233,0.2164041,0.31437674,0.021059476,0.44969743,0.25286937,0.77440345,0.32588896,0.5704547,0.35772812,0.1998474,0.5258415,0.49689552,386,3.0
0.50412804,0.0850435,0.60056275,0.2462866,0.6552665,0.22780281,0.40628833,0.79354036,0.63440883,0.19324991,0.34553427,0.09092052,0.065554045,0.5863937,0.47120988,0.5409813,0.43981156,0.6289178,0.48908916,0.5837169,0.27023405,0.4175547,0.11314853,0.4600194,0.35617772,0.75314486,0.30257607,0.6343719,0.39735898,0.2608962,0.4940121,0.518225,386,1.0
0.4952759,0.10254076,0.6729747,0.25251102,0.56237113,0.24978815,0.4359052,0.810145,0.6630825,0.26623887,0.26151553,0.16689792,0.2142592,0.56061614,0.5651755,0.63370085,0.465268,0.5886818,0.49598524,0.55799955,0.29638293,0.41193864,0.1616439,0.4560263,0.3913853,0.7293389,0.3511919,0.62812114,0.43878832,0.3320042,0.5314929,0.5826415,386,4.0
0.535423,0.06075021,0.5337896,0.22386478,0.7550474,0.2157597,0.39850897,0.73716784,0.60021716,0.11130792,0.40923643,0.01999031,-0.07826042,0.58380944,0.39640313,0.41769204,0.48192874,0.6405526,0.51830316,0.5973041,0.21129182,0.36516583,0.022084596,0.44024622,0.31046474,0.7309538,0.28098813,0.63356036,0.4043522,0.20326924,0.4940154,0.48287684,386,3.0
0.51696473,0.08612344,0.5673949,0.24966097,0.700326,0.22601178,0.36859003,0.77475715,0.63426566,0.16092397,0.35963368,0.068109885,0.013866805,0.5849179,0.4383104,0.50447774,0.45448035,0.6175581,0.515823,0.5707557,0.2254979,0.40839186,0.0745633,0.45525783,0.32752052,0.74235046,0.30536726,0.6273002,0.39179105,0.2398767,0.48592,0.51243854,386,1.0
0.5256355,0.055536456,0.53561324,0.22248131,0.7289956,0.20565039,0.36934182,0.7369756,0.57850385,0.105955996,0.40957558,0.036985092,-0.069765806,0.58573365,0.3867007,0.41099346,0.4459861,0.6150635,0.4873592,0.5699737,0.20110396,0.361127,0.029699331,0.43995953,0.3222771,0.7261255,0.25362325,0.6066766,0.38756856,0.20153406,0.47946608,0.46118534,386,2.0
0.51387113,0.07432387,0.48336682,0.22057956,0.79295397,0.20784558,0.39083266,0.72991383,0.6213571,0.0844684,0.44764087,-0.0008790791,-0.12915394,0.5880693,0.34653953,0.3582397,0.441007,0.6476748,0.51475555,0.6377224,0.20610045,0.3770944,0.0023438446,0.43815294,0.29973865,0.7446526,0.23929054,0.6139337,0.36282516,0.15275207,0.45085767,0.4552911,386,2.0
0.60951936,0.09017763,0.61955607,0.26743615,0.8365591,0.273182,0.45833945,0.8708502,0.7187112,0.13877097,0.42874214,0.038107626,-0.042620778,0.6647222,0.47647762,0.5040357,0.52474135,0.7371306,0.62789685,0.6844668,0.27131957,0.42722675,0.044471335,0.5347404,0.37015176,0.8509455,0.3562777,0.7357445,0.43978697,0.27340108,0.5642708,0.5644672,386,2.0
0.52129287,0.037797328,0.50022364,0.22368516,0.80096036,0.22426203,0.3805478,0.7027367,0.55245733,0.097255155,0.45901194,-0.011798993,-0.14677802,0.5739602,0.3564419,0.38912335,0.49057978,0.6483625,0.5219795,0.57742274,0.18535759,0.33037105,0.001972258,0.39234746,0.2723906,0.718241,0.33526653,0.643157,0.4158092,0.18556131,0.49375257,0.46729666,386,2.0
0.5309575,0.07332285,0.55507123,0.23971716,0.72103405,0.22317499,0.38281822,0.7449588,0.6202794,0.13539821,0.38534603,0.047065265,-0.0239003,0.59145284,0.42093807,0.45969108,0.45482895,0.6314468,0.52281684,0.58204454,0.22685273,0.39060622,0.041959107,0.45659834,0.31806204,0.7418026,0.2874569,0.6240341,0.39182222,0.22338364,0.49688545,0.5079299,386,3.0
0.49609435,0.03901562,0.44690153,0.2078026,0.73553246,0.19642243,0.33390793,0.6650762,0.5186534,0.07465896,0.4209312,-0.0037050545,-0.1373044,0.55233866,0.31587183,0.36443195,0.41832402,0.5817103,0.4904936,0.5484083,0.16876815,0.3212153,-0.0051581077,0.37860942,0.26417083,0.6888969,0.26429537,0.58939147,0.36422497,0.16264823,0.44502458,0.40819088,386,3.0
0.4961238,0.062407613,0.48780596,0.22334892,0.74280435,0.21184167,0.3820729,0.72812593,0.59909064,0.10006598,0.39615145,0.023882292,-0.088225946,0.55744827,0.37103432,0.4313232,0.46109316,0.5951972,0.5012239,0.59318805,0.19484103,0.36686328,-0.016305774,0.42494383,0.24131386,0.70685375,0.27752483,0.6072194,0.37637323,0.20511432,0.4680913,0.44496763,386,2.0
0.60894734,0.08791287,0.6242814,0.2636599,0.8274192,0.28536382,0.4320158,0.89067405,0.6952987,0.14234614,0.4405021,0.046843167,-0.035974108,0.66580355,0.5044511,0.5179032,0.53613853,0.73784524,0.6308906,0.6607629,0.26195294,0.4110355,0.05976266,0.52618086,0.387337,0.86001074,0.35491443,0.70953417,0.45215622,0.28126368,0.567921,0.5623893,386,2.0
0.56116146,0.072928414,0.54151005,0.23902762,0.8384208,0.23049009,0.4276193,0.79224384,0.6616296,0.113732815,0.4344608,0.01498273,-0.10650794,0.61107653,0.41181788,0.46345076,0.5240886,0.7022388,0.53864026,0.66276336,0.22118257,0.4006547,0.004408896,0.4862508,0.29136255,0.7816688,0.29820558,0.6843431,0.4128544,0.22415861,0.5218561,0.5025862,386,3.0
0.50241995,0.04071522,0.49872503,0.21187879,0.7539051,0.2049091,0.38406393,0.7066808,0.57794553,0.09059876,0.40662816,0.01910641,-0.105475634,0.56220394,0.36449367,0.39904752,0.46291438,0.60838705,0.5169562,0.5859576,0.20980847,0.35374883,-0.014734369,0.41890067,0.2803287,0.70796525,0.2459282,0.6078914,0.37981617,0.16341072,0.46766677,0.4436004,386,2.0
0.48267448,0.08776026,0.5028104,0.2653367,0.7048331,0.21950288,0.33869222,0.7065355,0.58734137,0.13380173,0.37471664,0.048161447,-0.04815977,0.5947833,0.39996246,0.43403563,0.39259493,0.5622534,0.51520216,0.5801189,0.20389348,0.3874345,0.04159128,0.42572296,0.30330786,0.74275196,0.26190582,0.59848243,0.35429707,0.22910158,0.46295422,0.44014677,386,2.0
0.40859896,0.084864184,0.4710571,0.17848812,0.5020159,0.21711577,0.24055283,0.5924767,0.40097404,0.14242235,0.33243337,-0.0056276917,-0.024120174,0.4863064,0.34830984,0.38097954,0.28743422,0.48806617,0.39817396,0.41246963,0.2068799,0.33666214,0.08129485,0.38181624,0.26679182,0.59837246,0.19935654,0.52338207,0.32914624,0.17253621,0.397054,0.3432549,386,1.0
0.5584431,0.07067954,0.54174393,0.23385733,0.8345392,0.22821149,0.40864834,0.7829148,0.6449018,0.109907776,0.43807554,0.013315186,-0.111155555,0.61183447,0.40438274,0.45698413,0.51494735,0.7012814,0.54109615,0.6429967,0.22036882,0.39763254,0.00844327,0.48965624,0.29841757,0.7852384,0.28558826,0.6789227,0.40527472,0.20501988,0.51787335,0.49238175,386,2.0
0.43702763,0.01241081,0.37718707,0.19107017,0.6273165,0.21607628,0.2986756,0.60072434,0.5672921,0.081315964,0.34386972,-0.01767908,-0.16579247,0.50767374,0.29246062,0.3776188,0.38382432,0.51643646,0.4156443,0.49074185,0.13016021,0.34425125,-0.038295604,0.3499554,0.18136683,0.6446398,0.26740956,0.5244006,0.33245665,0.16314524,0.42965505,0.32323188,386,3.0
0.47319996,0.04169681,0.4832619,0.21892042,0.70091707,0.19068025,0.35171598,0.684919,0.5697202,0.10927329,0.38871753,0.010924909,-0.088138804,0.55016696,0.35732514,0.38463864,0.42689806,0.5776108,0.49110535,0.5662131,0.19013335,0.336212,-0.0043215975,0.3815405,0.26496506,0.6831727,0.22330445,0.57232726,0.36519298,0.15852672,0.4437564,0.4188004,386,1.0
0.3567354,0.06445707,0.47512674,0.20603803,0.5611662,0.20990372,0.20660274,0.7551674,0.49373096,0.13922241,0.3142126,0.08174095,-0.01758571,0.51345634,0.2942331,0.4219964,0.34480977,0.43463284,0.3390663,0.41188347,0.17114817,0.344582,0.055892497,0.32788295,0.24669641,0.568018,0.17446347,0.5498582,0.27827582,0.13116771,0.43140057,0.3615508,386,4.0
0.50136364,0.0719539,0.48431793,0.23180488,0.8236614,0.20994443,0.36668107,0.7309018,0.62711024,0.09887214,0.43427628,0.019728944,-0.14785539,0.5748239,0.3709663,0.40928876,0.4862411,0.6379469,0.53503686,0.60537666,0.18446891,0.37086865,-0.0048784055,0.43812737,0.26646656,0.729419,0.27429205,0.6326013,0.37431124,0.18732777,0.473485,0.4506062,386,3.0
0.57385117,0.09559225,0.6898692,0.24552676,0.70955974,0.27391908,0.4407162,0.8686167,0.6769243,0.22350141,0.35648555,0.09792632,0.097751826,0.607175,0.55252326,0.5927949,0.5478661,0.68744344,0.5579933,0.60831237,0.29755828,0.41347,0.097370364,0.48401406,0.3794096,0.775936,0.38069874,0.685857,0.4748715,0.30757967,0.5828977,0.5787027,386,4.0
0.5208324,0.02528673,0.4413351,0.21622375,0.8018269,0.2136141,0.35370865,0.68039906,0.55365616,0.060106277,0.46926013,-0.033902586,-0.17468955,0.5624615,0.33079895,0.35930648,0.47153497,0.63090867,0.49806517,0.5557359,0.15072562,0.31055188,-0.017007917,0.3674273,0.24891035,0.69534624,0.2773263,0.60458785,0.36845863,0.13316387,0.46790528,0.42585284,386,1.0
0.40652025,0.09992744,0.4574747,0.24573442,0.6584036,0.15328708,0.2307111,0.7206867,0.50180584,0.1175147,0.40943798,0.02383259,-0.12063475,0.5874931,0.29457408,0.42867184,0.3327621,0.54317904,0.38536143,0.4502265,0.14012918,0.3630894,0.046311133,0.38577735,0.23125958,0.71586215,0.18015659,0.54190403,0.2938678,0.1277703,0.43022606,0.42576924,386,1.0
0.5806803,0.07093875,0.56329066,0.24189046,0.83602,0.23936705,0.438895,0.81464905,0.6723469,0.1098896,0.42849648,0.019448817,-0.09179787,0.62844306,0.43162066,0.44978768,0.5225099,0.7025876,0.5740304,0.6611155,0.23960488,0.4020858,0.010902878,0.49282226,0.33486962,0.79258835,0.30719468,0.69704497,0.42543525,0.22033808,0.52643436,0.52746964,386,2.0
0.3952011,0.047438797,0.44348565,0.17194355,0.48336875,0.22491302,0.2633646,0.51188403,0.3831069,0.12664965,0.3351744,-0.02357395,-0.02742263,0.4726355,0.32116997,0.3492359,0.2960233,0.49458337,0.3697989,0.37330574,0.1909997,0.3060695,0.06204451,0.359408,0.23158571,0.58880985,0.20988178,0.46302947,0.33082014,0.17803629,0.40296468,0.36437598,386,2.0
0.5168869,0.054965183,0.506662,0.22313353,0.77223533,0.20742114,0.38646427,0.7347898,0.61357296,0.10436607,0.41914907,0.0068258494,-0.10692933,0.5785575,0.37680498,0.40618724,0.47152105,0.637688,0.5164786,0.60685927,0.20554931,0.36664706,0.003555052,0.43731883,0.28693366,0.73221743,0.25190032,0.62539405,0.38754365,0.17542307,0.48251382,0.4636866,386,3.0
0.5343643,0.08098467,0.5763954,0.2473085,0.6871002,0.23215269,0.39622366,0.7723814,0.63416123,0.1577877,0.3638637,0.063816845,0.020118367,0.5899215,0.44465008,0.49301887,0.4488624,0.63115174,0.52011424,0.58223677,0.24355237,0.3996848,0.058242243,0.45886743,0.3283422,0.73959553,0.29943386,0.6372684,0.40135697,0.2508265,0.5004109,0.5217735,386,2.0
0.51416373,0.04488817,0.5199743,0.2232935,0.7419076,0.21195824,0.37736258,0.7219214,0.58812046,0.10851334,0.4099331,0.025610134,-0.07959218,0.56882536,0.39089286,0.43058926,0.46855602,0.61257833,0.51227856,0.57734025,0.20836174,0.36489215,0.00405021,0.43062553,0.2805958,0.7124666,0.26060852,0.6035805,0.38803333,0.18645053,0.48592907,0.46584448,386,2.0
0.51896137,0.051649157,0.51957667,0.21677476,0.7296957,0.20714617,0.388989,0.7139123,0.5848271,0.10450773,0.40542322,0.017787732,-0.08523905,0.56951857,0.3807534,0.40367204,0.4609038,0.6188855,0.49923363,0.5732108,0.19980885,0.352521,0.0128227025,0.4209392,0.29021472,0.70861685,0.2559232,0.6107185,0.3957758,0.18960318,0.4791212,0.46546483,386,3.0
0.49374038,0.11044995,0.70477355,0.2633735,0.5328308,0.25149027,0.44542405,0.8351282,0.6687455,0.29364783,0.24459139,0.18557298,0.2565573,0.5583473,0.59357405,0.6602913,0.46218702,0.59045416,0.47779706,0.5543743,0.31662676,0.42293707,0.20210509,0.4751274,0.41494188,0.74021435,0.36106613,0.65989155,0.4405032,0.34353974,0.5337069,0.5741366,386,4.0
0.4382108,0.09340532,0.47692227,0.25346842,0.7347802,0.28386125,0.35245717,0.716743,0.62732244,0.12026054,0.4377943,-0.0044100583,-0.112694204,0.57143766,0.35425922,0.41874856,0.43253195,0.60178745,0.47859645,0.65884626,0.24485214,0.31791702,0.06611296,0.40388626,0.2599718,0.70898104,0.28069696,0.5778996,0.34917328,0.22220924,0.48691693,0.4370451,386,2.0
0.53384745,0.08642059,0.55634135,0.24853653,0.7169883,0.22305556,0.38159922,0.75664735,0.63107324,0.1438398,0.38033396,0.051473923,-0.012240395,0.60239196,0.42310125,0.4702479,0.44161507,0.63574,0.52614635,0.59054285,0.23070903,0.4047347,0.04623799,0.46503565,0.3222023,0.75007546,0.2853306,0.6350045,0.39187062,0.23541085,0.49492288,0.51162195,386,2.0
0.48028958,0.051784556,0.44903347,0.20895249,0.71330315,0.18767446,0.32731873,0.6637776,0.5271582,0.076303676,0.41492993,-0.0018224418,-0.13222659,0.5511732,0.30365518,0.3438833,0.39135894,0.5684283,0.45989838,0.55920744,0.16919269,0.34113687,-0.0025919788,0.38980412,0.27996498,0.68319154,0.21554728,0.56849855,0.34113654,0.14609887,0.42539445,0.39815786,386,3.0
0.5263642,0.028682064,0.49851438,0.22670189,0.81784767,0.2587114,0.3750156,0.66426295,0.6184831,0.03557247,0.47932413,-0.033966057,-0.19300897,0.6226262,0.36804765,0.3940839,0.5182187,0.68449116,0.58754027,0.58261657,0.2259419,0.31102708,-0.010599844,0.46136495,0.2879683,0.8028436,0.36843002,0.5939859,0.392235,0.21762772,0.5324537,0.5279321,386,3.0
0.50164604,0.056973673,0.5000358,0.20800833,0.70589787,0.20594062,0.3623625,0.6996904,0.55711997,0.09742799,0.3857118,0.03083343,-0.0657748,0.55319726,0.37160987,0.40136567,0.43068725,0.5786239,0.48653796,0.548953,0.20155464,0.34496453,0.009920053,0.40473625,0.30066842,0.68943346,0.26103556,0.562336,0.36825076,0.18169297,0.46463,0.44007626,386,3.0
0.5503888,0.07436276,0.6047151,0.24168125,0.71752733,0.24475595,0.42324397,0.80077666,0.65497667,0.16300362,0.3686288,0.061778583,0.02490798,0.59686816,0.47396448,0.50619483,0.48313543,0.6530662,0.53739387,0.6018513,0.261423,0.38951936,0.05985674,0.46903715,0.3391433,0.7515167,0.31860942,0.65454596,0.43361494,0.26092452,0.5272085,0.54292804,386,4.0
0.5298174,0.047723953,0.52605766,0.22447786,0.77347046,0.236852,0.38324633,0.7258902,0.5652623,0.124021485,0.42269596,0.010978587,-0.096648306,0.5774091,0.3981696,0.41798082,0.49610573,0.62543315,0.5455218,0.57263726,0.21909225,0.34648633,0.025431788,0.41437063,0.3137491,0.7396251,0.34753168,0.6517675,0.4330762,0.22955237,0.51358557,0.4851559,386,1.0
0.5716079,0.06598282,0.6116178,0.23673055,0.753259,0.24292351,0.41945317,0.8158384,0.65052027,0.14823055,0.39696407,0.055633724,-0.0072138384,0.60300267,0.47578943,0.5023031,0.51331115,0.66814244,0.55230266,0.60138893,0.24961002,0.39090735,0.043913797,0.47007406,0.33513564,0.7585473,0.31710845,0.65469414,0.4400734,0.249999,0.5379004,0.53167087,386,4.0
0.5316581,0.074929245,0.43748114,0.20591652,0.78192276,0.27106687,0.30715796,0.70165056,0.63629985,0.10862745,0.415083,-0.04935295,-0.23608832,0.5754914,0.33248395,0.4262687,0.42251688,0.56562483,0.37077504,0.61960477,0.16062866,0.40826836,0.006574642,0.4081028,0.26691693,0.7143663,0.312673,0.6435205,0.33478692,0.1828414,0.4649967,0.40736708,386,2.0
0.5061385,0.047288943,0.47622055,0.21191086,0.7302164,0.2183117,0.34324655,0.68363094,0.5661444,0.08745939,0.4107255,-0.0044322237,-0.1065841,0.55783105,0.35302398,0.4012536,0.45839566,0.60458153,0.503795,0.5567149,0.19581959,0.34098163,0.016403046,0.39938468,0.28390276,0.696259,0.27552953,0.5869263,0.36797702,0.17042881,0.4722826,0.419064,386,1.0
0.53988296,0.121884815,0.7534084,0.28670272,0.57492554,0.26674864,0.48986894,0.90138465,0.72802067,0.31954512,0.24527553,0.1951385,0.3266456,0.58739674,0.63090986,0.70410323,0.51440495,0.6378512,0.49382442,0.56562877,0.3458957,0.42207035,0.21783048,0.53517437,0.442412,0.76795435,0.3924008,0.69938403,0.46992993,0.38476074,0.57458,0.63157415,386,4.0
0.47877532,0.04687196,0.45184886,0.20210418,0.69383675,0.18968748,0.3222327,0.65929633,0.5067991,0.07920345,0.39935544,0.009585023,-0.104809895,0.5403686,0.3124801,0.36154783,0.3963843,0.56012595,0.45848686,0.5349123,0.17013004,0.32444942,0.010065287,0.3839422,0.27704698,0.67296886,0.23432179,0.55986965,0.34779277,0.16197972,0.43581656,0.39963287,386,2.0
0.6428339,0.08428763,0.67744994,0.27690563,0.8894526,0.30358323,0.46997687,0.96938163,0.76313597,0.15777081,0.45335767,0.060224682,-0.020016648,0.6925824,0.52524847,0.57228017,0.5895311,0.80852246,0.68250376,0.7172953,0.3192279,0.44516703,0.091111004,0.5786839,0.43554035,0.9181365,0.39283824,0.7875711,0.47555244,0.31459618,0.62052625,0.6047257,386,2.0
0.44828635,0.08680125,0.58393264,0.26191327,0.5103679,0.2158668,0.3256042,0.7190293,0.59399104,0.26317006,0.2811909,0.15259716,0.21366034,0.5284096,0.45285007,0.5682026,0.4547582,0.518037,0.4169683,0.47099423,0.29989034,0.3613212,0.16645476,0.43245766,0.33178723,0.6061449,0.2492334,0.5325055,0.40829352,0.26399985,0.50821185,0.51312786,386,4.0
0.5418777,0.098685205,0.55455554,0.259575,0.72123265,0.23144583,0.37527275,0.75134957,0.62263566,0.13850711,0.3898216,0.042801365,-0.03072825,0.6238537,0.41956836,0.451497,0.42238015,0.6332658,0.54321945,0.60905004,0.22611943,0.4145478,0.039264392,0.47933054,0.33367088,0.76776314,0.26890945,0.635284,0.39000452,0.242993,0.49067068,0.48698792,386,1.0
0.5187239,0.05923579,0.5106182,0.22109883,0.72845656,0.20739658,0.37843448,0.71226466,0.5880268,0.10079099,0.4053345,0.014310986,-0.09044103,0.57328165,0.37404695,0.39529026,0.44364452,0.62152845,0.50043607,0.5802017,0.20845862,0.36895344,0.014319718,0.42895463,0.29978853,0.7132417,0.24746266,0.6069118,0.3747199,0.17678782,0.47374532,0.45738527,386,4.0
0.64687616,0.09759917,0.65570426,0.26856235,0.8835489,0.29165873,0.47499052,0.94336927,0.7490634,0.14493316,0.4447495,0.050976664,-0.029523462,0.685413,0.51674914,0.5416068,0.57099265,0.79046524,0.666888,0.70361733,0.287469,0.44150645,0.05407288,0.5683868,0.40506345,0.88434744,0.3759968,0.7550144,0.46508104,0.28728715,0.6003855,0.60537755,386,3.0
0.52367455,0.06610427,0.48718926,0.23403385,0.74350965,0.20316482,0.3501166,0.73078585,0.5944131,0.0981953,0.4148568,0.0090441,-0.08262059,0.5942743,0.36266303,0.41902977,0.4261514,0.63358414,0.51750475,0.58420354,0.20265304,0.3860395,0.015592238,0.43983868,0.28160393,0.7333989,0.23979777,0.6300619,0.369004,0.20941617,0.44870016,0.44675002,386,2.0
0.5350906,0.069373466,0.5093627,0.25749257,0.77574664,0.2232983,0.3638683,0.76060474,0.62630683,0.09738135,0.43481085,0.028449342,-0.12090622,0.6265929,0.3861987,0.41585645,0.425736,0.6482314,0.58430225,0.6007601,0.2078493,0.40022147,0.03066169,0.4553416,0.3199185,0.78562856,0.26099417,0.64302176,0.36502808,0.20850305,0.4729278,0.4384215,386,3.0
0.50240666,0.10145734,0.544823,0.26022774,0.6942644,0.21859802,0.37129617,0.74685365,0.60859746,0.15798123,0.3458032,0.06588742,0.015187975,0.5914288,0.43354967,0.4751161,0.40657976,0.5820277,0.5097699,0.57943153,0.21870892,0.39928195,0.055349313,0.44499233,0.31218648,0.73544264,0.2877881,0.61132,0.36769477,0.25211766,0.47906914,0.48186806,386,3.0
0.5006917,0.038283736,0.47901306,0.19765726,0.7041089,0.203249,0.35154346,0.67037886,0.52768016,0.086996175,0.39917597,0.01030162,-0.091807395,0.5419772,0.34490052,0.38963574,0.43409613,0.58137625,0.4721328,0.5427167,0.18085569,0.33308914,0.007701587,0.3859674,0.27917984,0.6795597,0.25253585,0.5698712,0.3723773,0.16885367,0.45803618,0.42305073,386,1.0
0.54543924,0.116016716,0.7257289,0.2638969,0.6063404,0.27129272,0.4476027,0.9314073,0.734815,0.28862798,0.28504917,0.17968577,0.2400373,0.59005696,0.6325802,0.68329966,0.5267284,0.64900327,0.52143097,0.5833416,0.34531072,0.44800425,0.19733618,0.4918415,0.44795093,0.7701467,0.39662498,0.6991662,0.47609487,0.34807053,0.57510996,0.6208869,386,4.0
0.528346,0.0638154,0.54734397,0.2252713,0.72529274,0.21481223,0.37991837,0.7443457,0.58991855,0.119177386,0.4006631,0.03535146,-0.055503294,0.58199346,0.4071215,0.42699426,0.4617688,0.625407,0.50452673,0.5766971,0.21420385,0.3654679,0.03873474,0.44240308,0.32503214,0.7264292,0.27601653,0.61703926,0.3972092,0.21127942,0.49314746,0.47802398,386,2.0
0.4721434,0.12805966,0.7700425,0.27241144,0.45602936,0.26392165,0.46307322,0.8564554,0.6803313,0.35296053,0.18668252,0.26582894,0.37498373,0.55163944,0.6819169,0.7329825,0.50584877,0.5635946,0.48109633,0.534231,0.3476826,0.42030576,0.26535648,0.47880632,0.4567446,0.73759913,0.40083218,0.65653324,0.47136095,0.3952224,0.5676404,0.6199168,386,4.0
0.4859562,0.054684304,0.46075958,0.21188506,0.7063921,0.18688062,0.33464697,0.676184,0.5367008,0.078937754,0.4111859,0.0098361,-0.112796396,0.55966514,0.31485307,0.3510809,0.38342708,0.5647235,0.4498183,0.56109065,0.17630887,0.34608957,0.004835684,0.40769726,0.29665613,0.68488765,0.20577629,0.5636978,0.34461668,0.1586302,0.42831573,0.4181579,386,2.0
0.53333926,0.09466533,0.6493453,0.23972735,0.67209387,0.2671326,0.40117383,0.82469565,0.6582749,0.2163555,0.35161296,0.10616551,0.108503744,0.5928041,0.5232393,0.5578137,0.50702554,0.64429295,0.51608574,0.5750797,0.30208704,0.40064704,0.11830425,0.46382126,0.39429894,0.7681986,0.36617625,0.67007315,0.4585354,0.3030849,0.5552893,0.54959047,386,4.0
0.5308251,0.118919946,0.74322873,0.28499758,0.5623164,0.26870137,0.467983,0.89390194,0.71986485,0.31543285,0.234988,0.19478345,0.29766512,0.58501077,0.6346847,0.69254375,0.48138508,0.6117115,0.50682974,0.56420606,0.34244964,0.44314393,0.20715027,0.51596254,0.44416428,0.76710606,0.38470975,0.6978231,0.46443245,0.37251484,0.56557244,0.62849176,386,4.0
0.5438272,0.08916504,0.5475801,0.27179226,0.7653779,0.24829915,0.39286366,0.7840055,0.64250267,0.13042237,0.40865627,0.03850874,-0.0665701,0.6370629,0.42464185,0.44765303,0.45900017,0.6536583,0.5939155,0.6312245,0.23878975,0.41019318,0.043434825,0.4812976,0.33832082,0.8040651,0.30015758,0.6627334,0.38798496,0.2522565,0.5178847,0.48223305,386,1.0
0.54723775,0.06262484,0.55328715,0.23596367,0.7514269,0.23473062,0.3874644,0.7846951,0.6135835,0.1181525,0.41385338,0.03585561,-0.046652965,0.5980599,0.4159024,0.46391007,0.46686766,0.6650024,0.51540905,0.59868675,0.24094392,0.39453512,0.057357177,0.46862957,0.34539816,0.7564738,0.2828703,0.6462638,0.39043206,0.21796629,0.49855024,0.4850836,386,1.0
0.52303773,0.039784268,0.47865433,0.20366387,0.75035554,0.19356765,0.34757864,0.7059977,0.531212,0.08333551,0.41776466,0.005735919,-0.11191791,0.5662217,0.3329533,0.39911547,0.43987918,0.61863303,0.5005981,0.56820685,0.17521432,0.3429192,0.01238884,0.41263193,0.29525793,0.7185836,0.28391147,0.6005164,0.39033872,0.19403893,0.45151842,0.43973732,386,1.0
0.57142895,0.09550895,0.5825329,0.26736227,0.77328444,0.25287747,0.42293033,0.806841,0.675393,0.14499816,0.39951783,0.039966352,-0.026787043,0.6402173,0.44859394,0.47717458,0.4703747,0.67238855,0.5732038,0.64959955,0.25132883,0.4208599,0.038477622,0.49824473,0.34451368,0.80549884,0.32433528,0.69157416,0.4153941,0.2646001,0.52929217,0.5329454,386,1.0
0.56936455,0.07099144,0.56840795,0.24390242,0.8058425,0.25598627,0.4216233,0.82309574,0.661639,0.12061377,0.4294075,0.017823867,-0.088318735,0.62536836,0.4423469,0.451531,0.52098703,0.7004436,0.5850695,0.6413169,0.24714662,0.38862306,0.0327368,0.48773974,0.33674493,0.80190456,0.32820404,0.69054925,0.41892117,0.23897156,0.53608614,0.5110116,386,1.0
0.47893047,0.013586631,0.39811197,0.19590923,0.7264906,0.17367119,0.3083276,0.6227914,0.49801838,0.058308847,0.4273192,-0.032752447,-0.15609074,0.5288403,0.29227513,0.34082443,0.42189017,0.59162533,0.46473145,0.50246185,0.14283736,0.29195184,0.0023210756,0.37701243,0.23688203,0.6579952,0.25893176,0.5500819,0.35128197,0.14003839,0.4340514,0.39774424,386,1.0
0.48255998,0.13384423,0.74847853,0.27064505,0.4936947,0.25941464,0.44678077,0.8465377,0.67690927,0.3311245,0.21156089,0.247418,0.34395373,0.5579032,0.6553628,0.70606565,0.5014397,0.5709536,0.4816828,0.54706526,0.3234131,0.41885176,0.24020787,0.48126167,0.4431332,0.73883855,0.38757202,0.6479577,0.4660627,0.3812131,0.5632581,0.6232244,386,4.0
0.6062745,0.09280419,0.6183878,0.27690288,0.85221857,0.28686666,0.44895515,0.9021602,0.72200435,0.14217076,0.44075924,0.043306112,-0.05536063,0.6781998,0.48661977,0.51131296,0.5385901,0.75309163,0.66423637,0.69012994,0.28010672,0.43129995,0.056345485,0.53821045,0.38522872,0.8794073,0.35694623,0.7293878,0.43829685,0.28683564,0.580469,0.5608429,386,2.0
0.41980845,0.07873225,0.51702315,0.22653705,0.6910071,0.26348615,0.24081852,0.82743067,0.5620141,0.14913367,0.37223336,0.049078345,-0.058190532,0.55070925,0.31633136,0.44483876,0.3917492,0.5097473,0.4237203,0.5033368,0.20838378,0.37285566,0.076744825,0.39037707,0.27535903,0.65742314,0.25926143,0.63808084,0.31750542,0.16517337,0.47500056,0.41686198,386,4.0
0.5218827,0.044455655,0.50401807,0.21321526,0.76353467,0.21458124,0.3719002,0.7046708,0.5532338,0.09097128,0.42346954,0.012806822,-0.10228518,0.57030666,0.3715101,0.39378485,0.473275,0.6124308,0.51999635,0.57108957,0.18998422,0.32256448,0.00047380477,0.39441103,0.2804554,0.7222204,0.30019453,0.62495786,0.40528336,0.19190477,0.48532167,0.45443678,386,3.0
0.54300797,0.05192021,0.5206612,0.22420934,0.7910759,0.23073736,0.385143,0.74193954,0.5802492,0.1090142,0.42762733,0.014175195,-0.08949484,0.58661884,0.3944685,0.43466315,0.48900646,0.6406595,0.5580352,0.6023545,0.21790291,0.3534247,0.02802493,0.42083666,0.31100157,0.74514747,0.32975623,0.6599698,0.42817387,0.22160235,0.5060584,0.48292795,386,3.0
0.5102092,0.053593807,0.5033031,0.21596685,0.7333695,0.21704105,0.37195396,0.7013647,0.5586912,0.09820696,0.39905366,0.019922763,-0.0872172,0.56432617,0.37736464,0.3974062,0.4509531,0.5858949,0.5266496,0.5618059,0.20518951,0.33678648,-0.00027802214,0.39363533,0.29011738,0.710016,0.28661522,0.6057775,0.38518053,0.18593158,0.47638562,0.4421926,386,2.0
0.54983854,0.06450307,0.5449313,0.23081437,0.7815054,0.22706443,0.41634646,0.7656417,0.6261694,0.11693306,0.41317457,0.015916884,-0.07624592,0.5968497,0.41212824,0.4392436,0.5081809,0.6780995,0.5324005,0.6221582,0.2262729,0.38014957,0.030785171,0.4656213,0.31731632,0.76015425,0.29722446,0.66327584,0.4103532,0.21628407,0.50690705,0.4940735,386,3.0
0.5862127,0.08404178,0.6099732,0.25376862,0.7795137,0.26144046,0.4117609,0.83998233,0.6628114,0.14112017,0.42549086,0.04129075,-0.03825192,0.6427164,0.4746138,0.48699138,0.501103,0.69900537,0.59091294,0.6238522,0.24834336,0.399462,0.056702815,0.5002403,0.36530486,0.8143902,0.32761875,0.684403,0.43692154,0.2584745,0.54245186,0.537402,386,2.0
0.400751,0.107840076,0.46727222,0.25798658,0.68299913,0.19251178,0.23369683,0.7716254,0.52125293,0.14168826,0.40280148,0.049050007,-0.1083079,0.578053,0.31022757,0.44749597,0.34406376,0.50362796,0.42674136,0.50295705,0.15932566,0.38278747,0.04369945,0.39487904,0.24699429,0.7187865,0.2093366,0.60137635,0.28607008,0.13499373,0.463436,0.41553918,386,1.0
0.4873321,0.036680765,0.43891186,0.20459235,0.7092479,0.20267951,0.31538776,0.64905894,0.5329249,0.07609486,0.40299627,-0.013546251,-0.115525454,0.53765637,0.3279415,0.3743186,0.42572603,0.57306063,0.4745191,0.5314425,0.1761331,0.3210179,0.008772027,0.3876291,0.26248652,0.6705849,0.2636333,0.5580051,0.3487258,0.15810336,0.44689748,0.3968133,386,2.0
0.47214836,0.120242335,0.705214,0.2800188,0.43195587,0.2191117,0.38532162,0.75371844,0.5866679,0.33036178,0.2059358,0.21570748,0.33758253,0.53757286,0.57785016,0.6830685,0.43651173,0.53671145,0.38940334,0.4605273,0.338458,0.38748282,0.24012184,0.45897523,0.3964526,0.66651297,0.2943499,0.5626069,0.41747606,0.34471512,0.51405835,0.552476,386,4.0
0.4796337,0.032969248,0.49778944,0.20502082,0.681002,0.19500059,0.34026077,0.6578642,0.53942037,0.09766314,0.38581753,0.024435546,-0.0823237,0.5330248,0.35842222,0.40015343,0.42720616,0.56045526,0.46902832,0.5318502,0.19251463,0.3431132,-0.0031298995,0.3921078,0.26818997,0.66358566,0.23721683,0.5540867,0.36784902,0.16589893,0.45768845,0.42657563,386,2.0
0.36383563,0.063831896,0.48047182,0.24243683,0.65348756,0.23654099,0.25100446,0.6708044,0.5488396,0.12601815,0.40857252,0.0154801905,-0.07363951,0.5617414,0.32079732,0.36833835,0.32992768,0.48968142,0.4587387,0.5191573,0.21878931,0.34196806,0.073151395,0.33992618,0.22157258,0.67108583,0.2174789,0.5682964,0.31394663,0.19045332,0.4712665,0.42016295,386,4.0
0.57354695,0.10846865,0.72192466,0.2689213,0.66290164,0.28058842,0.48768994,0.90154856,0.7326028,0.2630504,0.3047638,0.14064705,0.2069009,0.6099863,0.5936563,0.6557201,0.5283973,0.68542165,0.5514965,0.6139452,0.3290134,0.4278643,0.14973952,0.5188412,0.41436985,0.78930366,0.38903314,0.7156667,0.47835946,0.35427308,0.5816441,0.63407004,386,4.0
0.5192633,0.05118902,0.46051314,0.23604605,0.85419625,0.21847713,0.3952774,0.7240284,0.6525078,0.0687523,0.4490543,-0.020534053,-0.20245077,0.5983022,0.3352886,0.38765022,0.4840442,0.6505892,0.5247007,0.63312346,0.18963078,0.39028737,-0.057508588,0.45675433,0.2308638,0.74705005,0.26730585,0.66725767,0.38896245,0.18320684,0.4927909,0.45989412,386,1.0
0.5704608,0.12098395,0.7563337,0.27427697,0.64055747,0.29214218,0.48079538,0.9641599,0.76397437,0.30004242,0.29569668,0.18129009,0.24989381,0.6150904,0.65297914,0.7096623,0.5524473,0.69603026,0.5443171,0.6099947,0.35887215,0.46749902,0.18973951,0.52321565,0.45778045,0.80415285,0.4172328,0.7293018,0.49785078,0.3640547,0.6038214,0.6485275,386,4.0
0.5327227,0.06011124,0.620936,0.28002566,0.6573937,0.20645985,0.3899594,0.9351589,0.75444114,0.26274377,0.30480376,0.13672474,0.22210225,0.6037539,0.5373385,0.6106024,0.56553465,0.6209051,0.52020454,0.5285975,0.3275091,0.43048498,0.16697407,0.49921387,0.4222984,0.71456313,0.278148,0.62922966,0.4712749,0.3336016,0.54625016,0.6051419,386,4.0
0.54792655,0.07360189,0.5232832,0.24399641,0.75767493,0.2182312,0.36889976,0.7574677,0.61624455,0.10539655,0.424187,0.016257636,-0.07958764,0.61344504,0.38981646,0.43392995,0.43744275,0.6547122,0.53949445,0.6003625,0.21526887,0.40505338,0.01957537,0.45762137,0.30309314,0.7589636,0.25512734,0.6478546,0.38109973,0.21836555,0.47301066,0.47352543,386,2.0
0.4569484,0.11953022,0.43694863,0.21000709,0.6698464,0.22806883,0.22435944,0.6992454,0.50069636,0.14262253,0.38748896,-0.0119616985,-0.1320993,0.54382855,0.31967875,0.41558212,0.3164119,0.5338242,0.43363327,0.55773103,0.1952673,0.3904991,0.07188859,0.39350358,0.28455704,0.6395154,0.24647269,0.6259642,0.31736517,0.15615252,0.43341005,0.3607342,386,3.0
0.54303676,0.10780137,0.7016979,0.2542119,0.62274885,0.26285118,0.43983147,0.8941201,0.69893056,0.26271337,0.29968998,0.15384057,0.20082557,0.58842885,0.5945476,0.6537547,0.50828016,0.65717584,0.520187,0.5906131,0.3312137,0.4318823,0.16215318,0.48359275,0.41587737,0.7593516,0.364628,0.67734975,0.46498787,0.336702,0.5699183,0.60711586,386,4.0
0.47329402,0.024768453,0.4221501,0.21632686,0.7580227,0.22567168,0.36297554,0.65294904,0.6167249,0.06961768,0.40390304,-0.016473025,-0.18439838,0.5475044,0.3006276,0.39155847,0.44353452,0.5782563,0.46224457,0.5559372,0.16766089,0.353829,-0.045354456,0.4151088,0.1917573,0.6915479,0.26193348,0.60080284,0.36394462,0.18149024,0.47095853,0.40080455,386,2.0
0.4607104,0.05506359,0.40162587,0.21814743,0.7712322,0.22189923,0.34450966,0.6296309,0.6120672,0.059506364,0.4208978,-0.040260173,-0.1949402,0.548131,0.33628482,0.36714837,0.41086233,0.5809707,0.40937167,0.6400222,0.1767343,0.35497662,-0.013067637,0.37152526,0.21131693,0.6955737,0.26187813,0.59504557,0.34162563,0.1931977,0.46267682,0.39492214,386,3.0
0.52176505,0.044892255,0.52241135,0.2176002,0.71290946,0.21382354,0.37409627,0.71954787,0.5743213,0.105217874,0.4053201,0.027623657,-0.0622883,0.5677345,0.3860362,0.4252395,0.44125953,0.6058183,0.47900847,0.55857015,0.21124592,0.3629594,0.027963609,0.4231279,0.30198038,0.7066171,0.25861844,0.59706974,0.38578576,0.19600172,0.47492644,0.4600319,386,1.0
0.49766898,0.03654808,0.46361938,0.20221648,0.7150874,0.20392524,0.35281947,0.67250973,0.5445957,0.074577,0.41548365,0.002458863,-0.10945453,0.54608166,0.3383669,0.37320954,0.4377877,0.5894581,0.46939817,0.5474271,0.17951833,0.33490673,0.0019350909,0.3836032,0.2626356,0.67145574,0.23626867,0.5720133,0.36100286,0.15563028,0.45158085,0.42777056,386,3.0
0.53375304,0.054353222,0.54093397,0.23351955,0.7683925,0.22071289,0.39334053,0.76623774,0.61998975,0.11781156,0.41822538,0.02621286,-0.07687999,0.58500063,0.41246718,0.4531666,0.49400192,0.6391511,0.53262174,0.59928155,0.21391214,0.37934205,0.004855912,0.4467153,0.2849197,0.7360654,0.28190833,0.6275817,0.40675148,0.20477594,0.5030913,0.4912592,386,3.0
0.51662475,0.05751136,0.5459806,0.21139506,0.70228046,0.22274147,0.37457293,0.72467977,0.5548324,0.13122502,0.3895908,0.047187906,-0.031085119,0.56751657,0.41710562,0.4247971,0.46430776,0.58897054,0.4797756,0.5408168,0.2058212,0.32976806,0.03678926,0.40735856,0.31445023,0.7185962,0.29602388,0.6029848,0.4205883,0.22863287,0.50341445,0.47988588,386,2.0
0.50951076,0.12629864,0.8067155,0.29941335,0.48328242,0.2560722,0.47218254,0.8920322,0.71718085,0.37696373,0.16988245,0.24750279,0.39952052,0.5671679,0.7168328,0.7350371,0.4827261,0.5676256,0.4802367,0.52849555,0.36970717,0.4431765,0.2809506,0.52421874,0.48864034,0.7487111,0.39347437,0.6939297,0.47919288,0.40927842,0.5795067,0.6473291,386,4.0
0.5371297,0.06614525,0.5682989,0.22661583,0.71691036,0.22104108,0.3860175,0.7537186,0.6023618,0.13019156,0.39895248,0.037636384,-0.04560212,0.5856192,0.425013,0.4400706,0.47049573,0.6361669,0.5146621,0.5674041,0.2203336,0.3655208,0.040923525,0.44123918,0.3202378,0.7276827,0.28472224,0.6249199,0.4086531,0.21968386,0.5061026,0.4938414,386,2.0
0.50395465,0.110771656,0.7044225,0.26062742,0.544895,0.25213003,0.4400852,0.849547,0.6630277,0.28796107,0.2628151,0.18268695,0.24052769,0.5628108,0.6001518,0.66787755,0.4979022,0.5997303,0.48860127,0.5578869,0.3087581,0.41512454,0.19650243,0.4646413,0.40563688,0.7463567,0.3686012,0.66595644,0.45342696,0.345814,0.543385,0.58434117,386,4.0
0.5052445,0.05141791,0.49257368,0.2101072,0.7173691,0.20609708,0.3630662,0.6905993,0.56088585,0.099560335,0.39825845,0.014681444,-0.079206064,0.5561544,0.36182377,0.408699,0.43952477,0.6008751,0.49200383,0.5711649,0.20529108,0.35612926,0.030500226,0.41092417,0.30425942,0.70131457,0.26288605,0.58925265,0.3760236,0.1865096,0.4665015,0.44346973,386,2.0
0.49252605,0.12083774,0.745468,0.27318245,0.49085358,0.26264253,0.46355703,0.86876214,0.6924999,0.33487216,0.2060817,0.2227014,0.32500905,0.5534063,0.6526425,0.7068193,0.47925243,0.57932645,0.48292196,0.5406224,0.33756933,0.43426818,0.23767085,0.48490942,0.44714576,0.7394452,0.39073843,0.66682315,0.461832,0.37250838,0.552292,0.5967243,386,4.0
0.4638605,0.12374198,0.77622676,0.267745,0.39170963,0.2480978,0.44898528,0.8505986,0.63339305,0.37708676,0.14606512,0.27695096,0.43250233,0.52271307,0.69885457,0.73737,0.46743405,0.52389,0.42672366,0.48460227,0.3623884,0.4134048,0.30231175,0.47144443,0.47972748,0.7056184,0.3769894,0.6192253,0.45051417,0.39491224,0.55665094,0.5907999,386,4.0
0.6108227,0.07647614,0.63621175,0.242825,0.8127443,0.26234713,0.45859736,0.86160606,0.6789132,0.14774388,0.41700685,0.053946078,-0.008485712,0.6408553,0.4924637,0.51771003,0.5466463,0.71454823,0.5960098,0.6521401,0.25792545,0.40049908,0.04786216,0.51214844,0.37268707,0.8157648,0.3518677,0.7152864,0.46751577,0.27509293,0.5650355,0.5736047,386,3.0
0.5429334,0.05997178,0.5216858,0.22363847,0.7706728,0.22378911,0.3976561,0.7434847,0.586349,0.10604683,0.41704956,0.025384825,-0.06764145,0.5871322,0.3901151,0.4227449,0.4707841,0.63377357,0.52921367,0.6107643,0.21286741,0.36143714,0.027109575,0.4333143,0.32040286,0.7430841,0.29346013,0.6369482,0.41439524,0.21360603,0.49129575,0.4902267,386,1.0
0.47161096,0.12877169,0.521638,0.25882787,0.7881602,0.24765712,0.25812057,0.9604098,0.6527689,0.16513222,0.40461943,0.058932513,-0.10288441,0.61679745,0.35221252,0.49021694,0.41967562,0.545224,0.49027127,0.5974516,0.2128521,0.428568,0.060741752,0.46032852,0.31441557,0.70212984,0.2388148,0.6993246,0.32592696,0.16168208,0.5005758,0.42119157,386,1.0
0.47089005,0.12549534,0.75668716,0.26868248,0.46032482,0.26081145,0.45002884,0.85327554,0.6580492,0.34045953,0.20161751,0.25536186,0.35782766,0.54814845,0.6609886,0.7162595,0.49849033,0.5617315,0.46762827,0.5328174,0.33611864,0.4134796,0.25611523,0.475929,0.44631562,0.73854136,0.38737512,0.64543384,0.4621459,0.3795514,0.5612774,0.60807884,386,4.0
0.37594074,0.107385725,0.42252782,0.22900246,0.5885409,0.15589699,0.20076036,0.7293783,0.44672644,0.13004918,0.37641892,0.03628111,-0.10568419,0.53701776,0.297337,0.42537475,0.31684232,0.48486254,0.3775435,0.44769722,0.1431602,0.3592328,0.033036724,0.34935105,0.2282304,0.64604855,0.17558849,0.54662466,0.27011093,0.11907785,0.4182149,0.36443585,386,2.0
0.50378495,0.034662385,0.47243792,0.20600778,0.71289796,0.20219032,0.35678455,0.6831279,0.54775584,0.078954175,0.4165759,0.0074633285,-0.10102174,0.5525321,0.34217426,0.38571447,0.4233571,0.587633,0.45991495,0.5510652,0.19030617,0.34995723,0.008235037,0.39614612,0.27297705,0.6798799,0.23365472,0.5760608,0.3595943,0.16345583,0.4492544,0.43243536,386,2.0
0.4761811,0.03613075,0.49752367,0.2011475,0.6613559,0.19201912,0.33742598,0.64929444,0.5341344,0.10540208,0.37109873,0.021510985,-0.076866284,0.52612007,0.3610201,0.39642847,0.4258642,0.5526611,0.4716862,0.51807964,0.18753277,0.33060867,-0.001278352,0.3765095,0.264503,0.6488758,0.23618072,0.5460502,0.36971277,0.16978566,0.456528,0.4255792,386,1.0
0.58120835,0.046866495,0.58208853,0.2602653,0.91309243,0.28077555,0.44818714,0.82654715,0.69494057,0.12930886,0.4909463,-0.005578302,-0.12665695,0.6581913,0.44485497,0.4874184,0.62341255,0.7726002,0.6273451,0.6705653,0.28327367,0.38200542,0.05950058,0.49005148,0.35667694,0.88051045,0.39106727,0.7793025,0.49948317,0.3038817,0.5927022,0.5501199,386,3.0
0.512191,0.05360448,0.5206956,0.24097359,0.76387656,0.27540326,0.38317183,0.7307808,0.6244651,0.087955505,0.44045419,-0.0074538663,-0.12538262,0.61460704,0.33878535,0.41065884,0.50228494,0.62269396,0.56015015,0.53991973,0.22784188,0.33429062,-0.00021415949,0.47034082,0.3005239,0.7262429,0.41499773,0.5925629,0.3888486,0.23402795,0.50155413,0.50982225,386,3.0
0.38253248,0.028342817,0.3478578,0.20172024,0.6490535,0.15981111,0.28310746,0.5667305,0.5241351,0.080627546,0.3475891,-0.007641971,-0.15777424,0.5135043,0.26901805,0.30657756,0.34972405,0.4829988,0.4340794,0.49367273,0.11890477,0.33825448,-0.052209496,0.36629874,0.18211661,0.63964474,0.223908,0.51450783,0.29700434,0.14148696,0.38938117,0.32754797,386,2.0
0.51837856,0.08633304,0.5335499,0.24987164,0.7020056,0.20890431,0.3556978,0.72867143,0.6070463,0.13530603,0.38012815,0.041146494,-0.031265296,0.6008713,0.4035756,0.44053304,0.41824648,0.6238729,0.5150874,0.5709642,0.22084978,0.40279666,0.053228978,0.45587915,0.32426244,0.74219763,0.26032603,0.6126526,0.37661925,0.22013675,0.4719634,0.49050853,386,1.0
0.45912403,0.0072152037,0.37639877,0.190642,0.7022257,0.15605606,0.29511085,0.6099978,0.48003888,0.05409588,0.41877237,-0.03269635,-0.1524849,0.5178654,0.278067,0.33427924,0.40142334,0.58772254,0.45460278,0.48056906,0.13598113,0.28192478,0.0113572255,0.37383235,0.22743565,0.64916086,0.2440978,0.5357969,0.34155777,0.1456863,0.41704816,0.3892039,386,2.0
0.52297634,0.036936272,0.45745966,0.21145555,0.8067065,0.2000764,0.36073622,0.7011768,0.5681054,0.058259815,0.48219195,-0.025566615,-0.1906174,0.57755876,0.32899988,0.38861424,0.468469,0.6902625,0.5423731,0.5571094,0.18512182,0.31100014,0.007861096,0.41480413,0.2640227,0.73846257,0.314136,0.6509867,0.42819545,0.20358033,0.4792609,0.47247022,386,3.0
0.46678853,0.120707475,0.77546257,0.27553365,0.43710306,0.25730678,0.45719278,0.862328,0.652277,0.36007187,0.1863361,0.26390693,0.38205147,0.54337025,0.679967,0.7276267,0.49906492,0.55482036,0.45571324,0.5221564,0.34423068,0.41614604,0.273947,0.47894642,0.45609015,0.7355008,0.39241236,0.6528148,0.4621641,0.38475686,0.558664,0.6098981,386,4.0
0.44134957,0.10745881,0.483779,0.25022152,0.6971371,0.2749287,0.35965204,0.70568377,0.62957686,0.1328938,0.4045358,0.009131547,-0.06822935,0.5597832,0.36650357,0.43249416,0.4272134,0.59436977,0.4370782,0.6570294,0.2442144,0.32593113,0.07540064,0.40616143,0.27084455,0.7034795,0.2768337,0.5838754,0.35815752,0.23099402,0.48116252,0.4392158,386,3.0
0.57095647,0.10791028,0.716233,0.2572286,0.67141885,0.27597067,0.4594759,0.8871845,0.7193912,0.25441232,0.31807783,0.13115007,0.16201961,0.607242,0.5963541,0.6400943,0.5396596,0.68058103,0.55567557,0.6092472,0.32197332,0.42723393,0.12662733,0.4919416,0.40414834,0.7846266,0.3846858,0.6908786,0.48730123,0.33249685,0.59383863,0.6168978,386,4.0
0.5226115,0.04834398,0.52000326,0.22632083,0.7602016,0.22624256,0.38263026,0.71127415,0.57747865,0.11098255,0.42152306,0.00682535,-0.100293785,0.5743197,0.38557956,0.40541497,0.48625833,0.61712956,0.5422212,0.58298075,0.20334692,0.3413825,0.0032393895,0.39104095,0.28339168,0.71862197,0.3103734,0.6346751,0.3997583,0.18919209,0.49097967,0.45414484,386,1.0
0.49617034,0.042712435,0.5241243,0.21777701,0.6870108,0.21113284,0.36605123,0.7077061,0.57152456,0.12137799,0.38640818,0.041446924,-0.041376993,0.55479515,0.399137,0.44586954,0.44656515,0.5893778,0.49068087,0.55615216,0.21778555,0.3589232,0.020849181,0.41369984,0.28527027,0.6917262,0.2582722,0.5854249,0.38260415,0.19860595,0.48183724,0.45945457,386,1.0
0.5585811,0.11494603,0.72439003,0.26967722,0.63043356,0.2727776,0.4682397,0.9032721,0.7342289,0.27974448,0.28981382,0.16309622,0.23231429,0.59990394,0.6104309,0.67504835,0.5185125,0.6639152,0.5350535,0.5911927,0.34018978,0.43691546,0.17791931,0.5109149,0.43037432,0.7755208,0.38755727,0.70711315,0.47897446,0.3553918,0.5735722,0.63189983,386,4.0
0.5099023,0.10444304,0.47497523,0.2246683,0.784494,0.2699036,0.32058504,0.75404054,0.59193134,0.09637478,0.47969183,-0.061917126,-0.20651041,0.6023595,0.32214212,0.4049293,0.42044657,0.63818836,0.4866424,0.6079251,0.20302528,0.3641077,0.03178563,0.41664422,0.25579494,0.7318634,0.2987603,0.63351524,0.34415027,0.19668049,0.4884029,0.44098788,386,1.0
0.38809347,0.09934831,0.50970566,0.2302993,0.63530505,0.16290738,0.23659419,0.8437483,0.5315405,0.11532289,0.37526459,0.05116742,-0.086153686,0.5721388,0.34640598,0.4695546,0.37260434,0.54042685,0.3921527,0.50977266,0.15312473,0.39966887,0.041632857,0.38347057,0.26274565,0.6880915,0.22648902,0.6086871,0.2792531,0.11869282,0.4429792,0.39023006,386,2.0
0.58129245,0.095698714,0.63090014,0.27430117,0.7786884,0.27098963,0.44165844,0.8356917,0.695734,0.17063653,0.3982631,0.062349744,0.012433823,0.6485158,0.4978748,0.52488625,0.5006885,0.69544476,0.59710044,0.6514644,0.27920896,0.42350733,0.07975525,0.51450336,0.37655637,0.83625937,0.35099792,0.71268934,0.44703,0.2921126,0.5550037,0.56274164,386,1.0
0.35309088,0.02898654,0.41205704,0.18779266,0.5302649,0.22988991,0.26532662,0.49330747,0.40405005,0.10961519,0.36651412,-0.020036004,-0.057308204,0.46803144,0.290915,0.3287971,0.31903064,0.4764658,0.37355566,0.3832001,0.18032503,0.2686591,0.05167043,0.3317793,0.19386481,0.60224545,0.21510634,0.4424628,0.30779958,0.16224861,0.41263166,0.39183587,386,3.0
0.4972629,0.045240972,0.4887278,0.21308112,0.7135689,0.2209907,0.34357196,0.68457663,0.5455559,0.10268916,0.3933404,0.019571237,-0.06732628,0.549538,0.37321806,0.40547928,0.44029805,0.58273953,0.4969778,0.5412164,0.19847517,0.33010882,0.025274375,0.3851916,0.2780977,0.6976532,0.29867786,0.5953965,0.38700595,0.19883808,0.46991786,0.4418446,386,2.0
0.52473176,0.07865617,0.6847304,0.2654478,0.6017053,0.24543436,0.45917708,0.81760395,0.61664045,0.26323423,0.29012555,0.14656308,0.19532973,0.580914,0.55690473,0.6384766,0.5045568,0.6552342,0.45207712,0.5878828,0.3393906,0.38563484,0.19094175,0.49420205,0.4144531,0.7732849,0.33455822,0.62814575,0.41327393,0.33955204,0.55042464,0.59662795,386,4.0
0.52808815,0.088911556,0.5376455,0.25818226,0.7297999,0.21986598,0.36327955,0.74554884,0.61370957,0.12704995,0.38821945,0.045496754,-0.04455954,0.60696447,0.4077031,0.44787443,0.43488535,0.63109463,0.54522026,0.5797798,0.21180508,0.40293917,0.041630067,0.46029627,0.31338617,0.74950695,0.28570387,0.63902295,0.372327,0.22487041,0.4880676,0.4791945,386,3.0
0.47184372,0.1270754,0.45566553,0.23009953,0.7303332,0.24547848,0.2339106,0.74605024,0.56234473,0.14772823,0.4220655,-0.012148149,-0.13825352,0.57449305,0.33457372,0.4212005,0.33369973,0.53378654,0.50417084,0.59369546,0.2098667,0.39046085,0.06522538,0.42784113,0.30576557,0.6888976,0.24845925,0.6500819,0.3225443,0.15855592,0.46315384,0.38535592,386,2.0
0.5069986,0.051027283,0.48747218,0.23701477,0.80252063,0.19869374,0.36953682,0.73214704,0.61830425,0.0836701,0.43579525,0.007879838,-0.15112117,0.58435965,0.33995298,0.39730027,0.46572515,0.6336782,0.5477528,0.60561097,0.17907783,0.3792037,-0.045876667,0.44524953,0.2300929,0.7170383,0.27777153,0.608088,0.3675595,0.18187381,0.47679514,0.44113266,386,3.0
0.5715642,0.10667022,0.6987228,0.25564727,0.7024704,0.27511683,0.45038548,0.9338871,0.7295923,0.23257044,0.3512384,0.12814422,0.14085089,0.61598784,0.5849848,0.6305082,0.55171955,0.698166,0.55239844,0.6222359,0.32185224,0.44072992,0.13343975,0.5001468,0.4108773,0.7997768,0.37555933,0.70529085,0.4782727,0.32037103,0.5854323,0.60196567,386,4.0
0.5031547,0.055007935,0.49929446,0.21753144,0.6870606,0.23989038,0.370513,0.7004837,0.60376364,0.11316169,0.3683321,0.03000984,-0.053711317,0.5443274,0.38415888,0.44731414,0.4393101,0.57903177,0.46351722,0.5580472,0.21405579,0.35743573,-0.0022247136,0.4022412,0.24268481,0.6897094,0.29751372,0.5851644,0.38934124,0.22051597,0.47959957,0.44876605,386,3.0
0.54354763,0.05881814,0.524604,0.22490177,0.8082572,0.22414608,0.39444888,0.7601322,0.62049747,0.10255651,0.43108046,0.013121884,-0.108616486,0.6002871,0.38761058,0.44184765,0.49202472,0.67454433,0.53282297,0.620991,0.22166863,0.38778633,0.0060621984,0.47255754,0.29739615,0.7645762,0.2693126,0.65770113,0.39001283,0.18783838,0.5010202,0.4719915,386,1.0
0.5161265,0.051121973,0.5098947,0.22540027,0.75635815,0.22180496,0.38047332,0.71308535,0.5782697,0.10132296,0.41390997,0.009985194,-0.10233387,0.5757036,0.38323677,0.3927733,0.4682585,0.60470945,0.54000664,0.5818086,0.20208307,0.3382256,-0.0051001124,0.39162156,0.28277266,0.72131443,0.2919893,0.62616414,0.39467984,0.18256533,0.47957072,0.44898295,386,1.0
0.5343195,0.046772856,0.55700934,0.21230274,0.7166595,0.21511862,0.38673958,0.7335856,0.57809126,0.116016716,0.4029672,0.03997429,-0.047060303,0.5773978,0.40726086,0.42546174,0.46466228,0.6127046,0.4868471,0.5538767,0.20217754,0.34422496,0.022487681,0.4237394,0.30835927,0.72457695,0.27954897,0.6046136,0.4147765,0.21343558,0.49858618,0.48139197,386,1.0
0.4082864,0.06047424,0.43835524,0.19800544,0.55708027,0.18754318,0.26168823,0.67649376,0.4849115,0.121025085,0.38398528,-0.012378156,-0.09326863,0.5471542,0.31278184,0.37078813,0.31497055,0.4847901,0.3986958,0.3594126,0.16592823,0.31944835,0.030696655,0.35277426,0.22086497,0.64164996,0.1602085,0.46113256,0.32981697,0.15149882,0.3960985,0.38995373,386,3.0
0.5363733,0.06400448,0.5563467,0.2220959,0.74197745,0.22665797,0.38176316,0.7477252,0.59093314,0.13364765,0.39643264,0.04187679,-0.043479532,0.58036065,0.4103842,0.44234687,0.46733287,0.62246203,0.5372124,0.58862936,0.22961076,0.36205953,0.042668458,0.43494955,0.3321697,0.7347473,0.31938034,0.6460649,0.42173383,0.22944929,0.50545096,0.48674244,386,1.0
0.5466671,0.09233125,0.54923636,0.26421568,0.7433103,0.23160958,0.37269992,0.7566438,0.6243746,0.1266156,0.40283787,0.036976527,-0.05509925,0.62667346,0.41675684,0.44315958,0.43732864,0.64560205,0.561318,0.5986369,0.2207639,0.40981594,0.037866823,0.47538167,0.32797545,0.77734935,0.28355506,0.6511805,0.38654223,0.23474853,0.50061524,0.49156195,386,3.0
0.5515653,0.10279998,0.68814296,0.25539058,0.6670146,0.2667596,0.4446146,0.8815977,0.69982344,0.24047232,0.3203784,0.13223538,0.16824071,0.59564674,0.5717345,0.6277677,0.51113623,0.6641164,0.5347261,0.5962528,0.31768125,0.42302454,0.14780022,0.49835607,0.40612856,0.7672875,0.36216483,0.6802899,0.46664563,0.3210749,0.5580183,0.5996697,386,4.0
0.5338067,0.1086556,0.67819786,0.25593922,0.6171696,0.25356242,0.43897745,0.8591414,0.6782315,0.2466133,0.3095811,0.14746934,0.16978961,0.5840578,0.57943666,0.6360185,0.5180185,0.61889344,0.53078437,0.58813864,0.29035807,0.4137882,0.14032388,0.46668532,0.3853345,0.7622014,0.36422753,0.6619995,0.46884117,0.33330548,0.55786246,0.5948138,386,4.0
0.4364717,0.09140946,0.43434584,0.2422449,0.710494,0.27063632,0.25574878,0.6627442,0.5568978,0.12536621,0.450753,-0.026385486,-0.13409358,0.5646938,0.32306373,0.37634748,0.32605323,0.5194176,0.48899582,0.5709048,0.21337846,0.32628965,0.0542306,0.40403306,0.25806516,0.70105195,0.23751923,0.5687785,0.30746937,0.1625698,0.47716865,0.40494838,386,1.0
0.625287,0.0880112,0.6425769,0.26592395,0.8617368,0.2876355,0.5000341,0.90029204,0.7315477,0.153636,0.42159644,0.049848847,-0.005934067,0.6614982,0.5031725,0.5454923,0.5746833,0.779352,0.63269323,0.7104818,0.3031365,0.42669123,0.07006013,0.56273204,0.3958403,0.8735106,0.3834671,0.775246,0.45986313,0.2992738,0.58269066,0.5886725,386,3.0
0.5224844,0.065309316,0.5360976,0.2285546,0.7780167,0.21575315,0.4050592,0.7686844,0.6176904,0.11959925,0.41687807,0.025737315,-0.08000632,0.58312035,0.40061125,0.45671403,0.5026834,0.64981824,0.52140033,0.6218043,0.21055329,0.38097098,0.012371767,0.455939,0.28061065,0.74664843,0.27879933,0.6487741,0.4015073,0.20823316,0.49997064,0.48236024,386,1.0
0.5315426,0.051895928,0.52410454,0.22799093,0.7625545,0.22956386,0.39353836,0.7267394,0.58423716,0.107102744,0.41241878,0.016800273,-0.08789244,0.5823518,0.38795897,0.4152833,0.47528678,0.6172109,0.5522562,0.5931819,0.22052543,0.35706672,0.0018160939,0.41314688,0.29959852,0.73719835,0.3070223,0.64928573,0.4036006,0.1970251,0.4933267,0.4608204,386,3.0
0.4994741,0.106462814,0.677082,0.24987328,0.5843804,0.24747124,0.43466675,0.82360816,0.6494856,0.24983037,0.30054113,0.14188941,0.16947643,0.56958586,0.5538141,0.6215787,0.5044077,0.6152105,0.49638036,0.58114487,0.28363705,0.40248883,0.1540238,0.46064284,0.376358,0.7610394,0.3544254,0.66140807,0.44046444,0.31952778,0.5318303,0.5599587,386,4.0
0.53241646,0.067089,0.5925492,0.2310682,0.7000692,0.23373498,0.41170648,0.79634553,0.63165414,0.16554612,0.35484672,0.05964446,0.026231095,0.5724546,0.4741159,0.5054861,0.4895879,0.6340679,0.52458304,0.586616,0.24306442,0.36506575,0.047972996,0.44593114,0.3082999,0.71607673,0.30500987,0.6305872,0.43957564,0.2621535,0.51670134,0.5241122,386,4.0
0.5067194,0.07952339,0.56788707,0.23879322,0.65708035,0.22289494,0.38019857,0.7578065,0.6139456,0.1684483,0.34710172,0.0712041,0.032122932,0.57152736,0.43733934,0.5085776,0.42919016,0.60841036,0.49371374,0.5737778,0.24144207,0.40749952,0.08255189,0.44596773,0.33160368,0.7380518,0.28823617,0.61712694,0.3871139,0.24574216,0.48084846,0.50306845,386,3.0
0.526565,0.11093475,0.7220349,0.27543882,0.5772587,0.26720586,0.47278625,0.88140404,0.713803,0.29580775,0.25701246,0.17383018,0.26156306,0.57946026,0.60936755,0.6706954,0.49310726,0.6219692,0.5119855,0.57267565,0.32371235,0.42526177,0.18531232,0.4960469,0.42164826,0.7600212,0.38228938,0.6886791,0.46419457,0.36029097,0.56136554,0.62084424,386,4.0
0.4040091,0.08111977,0.4641428,0.20910478,0.58883965,0.18460941,0.23217075,0.68395233,0.49241203,0.12598805,0.3858064,0.008878186,-0.08816147,0.5465087,0.32400137,0.41430405,0.3117065,0.5085489,0.3768737,0.39750832,0.1856489,0.33110288,0.06271132,0.3679352,0.23161845,0.6565659,0.15269913,0.49823335,0.3010951,0.15195146,0.4072846,0.38712463,386,2.0
0.55446863,0.07109513,0.5861867,0.23331165,0.74456125,0.23693408,0.39169878,0.80002576,0.6156711,0.13297948,0.40607584,0.046179704,-0.031330034,0.60538006,0.44769663,0.464422,0.48866582,0.6578757,0.54119813,0.5966272,0.23319119,0.37713245,0.05684643,0.47233355,0.35585088,0.7671257,0.30939588,0.65187675,0.4195495,0.23887207,0.52275205,0.5057476,386,1.0
0.54019684,0.1148197,0.72246367,0.26578236,0.59743184,0.26697838,0.46303827,0.8774672,0.7032233,0.28592446,0.2810012,0.17080037,0.22641489,0.5904352,0.6186105,0.6815536,0.52542645,0.64415556,0.52413815,0.59241784,0.31845865,0.42961118,0.17634706,0.48696324,0.4133699,0.7786232,0.38256815,0.6868633,0.47672573,0.3556877,0.574965,0.6149713,386,4.0
0.5180261,0.14414254,0.7760753,0.28345996,0.47011268,0.26323947,0.42329192,0.8654176,0.6524777,0.33327776,0.22290933,0.23504074,0.35534722,0.57372296,0.63936704,0.7232014,0.49893594,0.6094955,0.44363776,0.50596684,0.38355973,0.4146807,0.26694727,0.5066273,0.45089746,0.7226641,0.34169054,0.59226567,0.4643928,0.3858517,0.56240094,0.6069473,386,4.0
0.5316703,0.05466368,0.5442489,0.21937087,0.75624543,0.22574244,0.37460992,0.74047655,0.5776105,0.12757757,0.405155,0.03459443,-0.06330401,0.5762749,0.40017873,0.43590644,0.46642634,0.6201032,0.54257256,0.5818743,0.22458628,0.34864673,0.038022153,0.42585674,0.31769127,0.73570216,0.33591467,0.6560579,0.42822018,0.23309252,0.5014306,0.4791837,386,2.0
0.5392355,0.05825676,0.52963024,0.2266781,0.74405026,0.22749726,0.38040075,0.75934047,0.5970646,0.1055025,0.4136127,0.02591316,-0.058281727,0.5868405,0.3924543,0.44301277,0.45709252,0.65265656,0.50612795,0.5896155,0.23328324,0.3809721,0.05169524,0.45466623,0.33612448,0.74203897,0.27525073,0.63137895,0.3811963,0.20634817,0.49166083,0.47113824,386,2.0
0.46408892,0.030078765,0.41606468,0.20084202,0.6739466,0.19283028,0.29560462,0.6296886,0.5084687,0.07386265,0.3866297,-0.009483427,-0.10314329,0.5203223,0.3176386,0.36406833,0.39416242,0.54670715,0.44873932,0.5068804,0.16860242,0.31206295,0.014208633,0.37747777,0.2516175,0.64983,0.25022164,0.5371831,0.33532545,0.15841901,0.42585215,0.3843445,386,3.0
0.51398563,0.039480645,0.51912516,0.21628532,0.742592,0.21203604,0.37734807,0.71269804,0.5767779,0.10689137,0.40152353,0.030439422,-0.072319835,0.5654093,0.38611278,0.43308157,0.47433597,0.61461896,0.5093287,0.5788244,0.20589957,0.361538,0.007057555,0.43093047,0.28604978,0.7118616,0.26073986,0.606165,0.38499084,0.1862621,0.48400182,0.46280795,386,3.0
0.5225904,0.053624075,0.509725,0.22493532,0.74203,0.21169212,0.38400736,0.7350743,0.5963058,0.10115917,0.42111194,0.023116678,-0.08092053,0.5825034,0.37784714,0.42138404,0.44233537,0.6193766,0.48829132,0.58573484,0.21364768,0.37824294,0.021667637,0.4315545,0.30079573,0.7196709,0.25291023,0.61149275,0.37934405,0.1892333,0.46698895,0.46597266,386,2.0
0.48806846,0.11113853,0.64747506,0.23655078,0.5733119,0.23672469,0.41497332,0.78811115,0.6343391,0.24383977,0.28573927,0.16391562,0.2008838,0.56497836,0.55003846,0.58783376,0.4858237,0.5760881,0.49463275,0.55271477,0.2717188,0.3832967,0.13065152,0.43939945,0.37073648,0.69948566,0.35071957,0.6250502,0.44976568,0.3204446,0.5410013,0.586938,386,4.0
0.49441695,0.05081385,0.47738677,0.20838538,0.69822305,0.1938996,0.34422058,0.69158125,0.5315941,0.08601997,0.4004777,0.023617133,-0.07940264,0.5549569,0.3371777,0.37548718,0.40185857,0.5750249,0.4531082,0.5497963,0.1843019,0.33812895,0.021585828,0.40818927,0.3034996,0.6857307,0.22552726,0.5608474,0.3546144,0.17387202,0.4464134,0.42725962,386,1.0
0.43463194,0.094943516,0.4399333,0.24886546,0.6913202,0.14918475,0.2865544,0.78722984,0.53659725,0.104619384,0.4535326,0.010440562,-0.16024545,0.6191442,0.31422597,0.4203032,0.38633898,0.5640513,0.45487338,0.48999918,0.14155601,0.3692034,0.021934364,0.3829641,0.2286182,0.77873755,0.21021245,0.58015555,0.3504444,0.1336483,0.42617822,0.46395394,386,3.0
0.5189163,0.10323548,0.669249,0.27041677,0.59820426,0.25050914,0.44843188,0.8400204,0.6784604,0.25418946,0.28751066,0.14171875,0.18817043,0.58034134,0.5467044,0.6121632,0.4587669,0.6127189,0.4979718,0.5769951,0.2993491,0.42008507,0.15386975,0.4856786,0.39273337,0.7558923,0.34412757,0.6689741,0.4298335,0.322157,0.5284984,0.57884896,386,4.0
0.6028631,0.09193748,0.7888951,0.29081303,0.4905226,0.1861084,0.44326434,0.8077306,0.607843,0.3590943,0.20535392,0.23719135,0.33841658,0.5869895,0.6393914,0.7190709,0.5121563,0.579819,0.4609384,0.5228742,0.4082224,0.43581334,0.27104738,0.51495117,0.4866955,0.7425014,0.34617674,0.6001936,0.46489444,0.3869784,0.6095772,0.6487695,386,4.0
0.5299036,0.05372572,0.5079717,0.22113298,0.7461518,0.21404833,0.39701414,0.727415,0.59228563,0.09722128,0.41445306,0.020729382,-0.08030066,0.580799,0.3772676,0.41445374,0.45111042,0.62836444,0.4955374,0.5902935,0.21208642,0.3702483,0.0191287,0.43348414,0.3026911,0.7217883,0.2598928,0.6168077,0.38509092,0.19082025,0.47295743,0.46981385,386,3.0
0.5142297,0.047714777,0.5006453,0.21094579,0.72516155,0.20646386,0.3824259,0.6955486,0.5678093,0.096275195,0.4039149,0.015094288,-0.08696902,0.5615722,0.36527196,0.40489012,0.44604293,0.6043316,0.48663765,0.5729414,0.2034592,0.35750178,0.011775836,0.41845062,0.29145694,0.70094585,0.24611712,0.599953,0.38373968,0.18154907,0.46617216,0.44874918,386,3.0
0.5305272,0.05221142,0.50258374,0.23260829,0.8190365,0.21679707,0.40164733,0.76405406,0.6268925,0.08909059,0.4420271,-0.009045705,-0.14348045,0.59834194,0.3594465,0.41603252,0.4959594,0.6524461,0.529947,0.6171573,0.2022602,0.38648576,-0.03499057,0.45986122,0.2511188,0.7409036,0.27050668,0.6597532,0.3956735,0.18349108,0.49927932,0.47162065,386,1.0
0.52858645,0.04928545,0.53126466,0.22005853,0.7144784,0.22194181,0.38697553,0.7297167,0.5883498,0.11429382,0.39843848,0.03320874,-0.048253164,0.5695995,0.4014235,0.44021878,0.45731646,0.6200788,0.49697438,0.5683981,0.22455835,0.3675655,0.028485933,0.42961562,0.3060633,0.7129693,0.26895595,0.6138912,0.39325225,0.20357154,0.48656678,0.474795,386,4.0
0.4958405,0.0501821,0.5160039,0.21351875,0.70116776,0.20513855,0.35546482,0.6872875,0.58198583,0.115513854,0.3846741,0.023112744,-0.066578686,0.5503378,0.39057684,0.4019914,0.45833048,0.584936,0.519215,0.5535792,0.19699217,0.33739933,0.010984175,0.38383287,0.28005052,0.67641973,0.2613735,0.57900053,0.38572374,0.18297526,0.47573006,0.45076466,386,1.0
0.5681187,0.076850384,0.59748286,0.23896655,0.7507116,0.24724868,0.3958186,0.80599034,0.6347502,0.13939297,0.4161002,0.037825067,-0.04636585,0.61803126,0.4560907,0.4642477,0.49434286,0.6751757,0.56606114,0.5911023,0.2405885,0.38117063,0.054635834,0.47614026,0.34947,0.7773229,0.3180647,0.6629622,0.4259857,0.24095438,0.5343362,0.51557434,386,1.0
0.41345578,0.06972889,0.55657625,0.2670576,0.7677288,0.29515043,0.3247621,0.86095047,0.7111125,0.09059206,0.44922972,0.010643739,-0.06913428,0.62726665,0.40310192,0.46753928,0.4841076,0.6554594,0.607169,0.6296249,0.2671554,0.33243656,0.07106632,0.43065885,0.25510758,0.74020886,0.28980222,0.6350064,0.3792852,0.27981332,0.51590794,0.4807781,386,4.0
0.5366279,0.08260001,0.54850596,0.24546885,0.74601245,0.2238742,0.37466264,0.7724289,0.6384447,0.13003969,0.4031577,0.03386401,-0.047911935,0.6033639,0.41260058,0.46827215,0.45532483,0.648448,0.52935165,0.59957296,0.22058584,0.4072437,0.038679957,0.46263024,0.31456637,0.75750315,0.28282204,0.6381856,0.39058727,0.22346132,0.48279017,0.4980425,386,3.0
0.48833555,0.035322726,0.49781466,0.2124254,0.72951835,0.19954963,0.37960753,0.6945066,0.57045084,0.095069446,0.39452687,0.014444545,-0.104107544,0.55286837,0.3607307,0.38721046,0.45242053,0.5933389,0.51593375,0.57801634,0.20822293,0.34067446,-0.01871299,0.39994004,0.269513,0.69746625,0.2364439,0.60132444,0.38150844,0.15785004,0.4566451,0.43011066,386,1.0
0.512017,0.030984093,0.43575227,0.20588711,0.7649762,0.18272042,0.3376455,0.68293864,0.53321856,0.06625206,0.43597645,-0.01904811,-0.16040614,0.56070817,0.31158182,0.37706432,0.42448407,0.6203383,0.5019764,0.55327255,0.1586851,0.32478324,-0.0039958954,0.3997441,0.25601098,0.703997,0.2792002,0.5994345,0.38383487,0.17731746,0.4362524,0.42737293,386,3.0
0.527682,0.04243292,0.5069465,0.2217569,0.7872277,0.23361887,0.37957233,0.7162462,0.5593415,0.1123534,0.43660635,-0.0019603223,-0.12452331,0.5747326,0.38338572,0.40447876,0.48832613,0.6353515,0.54409665,0.5597467,0.2103441,0.33429965,0.021302475,0.4105325,0.30258423,0.7402587,0.3493477,0.6527312,0.43411705,0.2225475,0.50827575,0.481255,386,2.0
0.49221426,0.062386915,0.47816724,0.21668054,0.7562546,0.20930196,0.3671454,0.69638324,0.5992823,0.08262099,0.4379425,8.3737075e-05,-0.1236348,0.56837416,0.33872896,0.35057828,0.42650917,0.6127078,0.5127155,0.60888404,0.20263436,0.36123207,-0.008364312,0.4035774,0.28120255,0.7087978,0.23203993,0.5854898,0.35860077,0.14365192,0.43678975,0.4234121,386,1.0
0.50262123,0.068130165,0.51751405,0.24589917,0.7097535,0.2784993,0.37311545,0.6806164,0.59418035,0.10215143,0.42946327,-0.010672532,-0.10773398,0.5982164,0.33179083,0.4029185,0.44517884,0.61817575,0.5162203,0.53029734,0.22607441,0.3546773,0.013260104,0.46509144,0.29981261,0.70457816,0.41231883,0.583381,0.38852105,0.24219114,0.48090962,0.4997092,386,2.0
0.5279249,0.07532521,0.5466568,0.2357812,0.7344276,0.2179325,0.38349682,0.7541739,0.61843073,0.12101996,0.41332603,0.027494166,-0.07300225,0.5989828,0.41175392,0.42213348,0.46448925,0.6439973,0.5177541,0.5864901,0.21365598,0.37278676,0.03321391,0.44065246,0.3128292,0.7387366,0.27383515,0.6309484,0.4013035,0.21169592,0.49838197,0.49668643,386,3.0
0.5077104,0.09673257,0.64875543,0.25461674,0.5924747,0.25027663,0.42652765,0.8110122,0.6583975,0.23827448,0.28641728,0.13742743,0.16301641,0.566193,0.5309596,0.6039971,0.45616743,0.6009075,0.49804035,0.5667604,0.2836119,0.41337195,0.13473491,0.4606772,0.37589478,0.73660827,0.33958295,0.6415158,0.42786437,0.30971098,0.5245526,0.56687367,386,4.0
0.3684368,0.07546375,0.4175021,0.21228851,0.556286,0.14589985,0.23920962,0.68903947,0.40329498,0.118296996,0.38725075,0.01654502,-0.08802496,0.5236263,0.30812633,0.39195362,0.3367256,0.49373963,0.37477586,0.42565918,0.15439914,0.33230594,0.029443597,0.3198904,0.20207004,0.67721725,0.17755516,0.5103261,0.29088837,0.12263772,0.4211252,0.39013022,386,3.0
0.5906824,0.091389604,0.67327267,0.24074665,0.75194895,0.26496598,0.45529523,0.8438588,0.6852926,0.19874823,0.379088,0.08568297,0.068479076,0.61846596,0.53462553,0.5660517,0.55059445,0.6922164,0.5796046,0.629847,0.29479805,0.40272716,0.08480343,0.49286014,0.3807812,0.7931107,0.37671188,0.71112984,0.48963353,0.3084955,0.5813328,0.5950072,386,4.0
0.541683,0.06573691,0.48278186,0.23846844,0.77369565,0.20679446,0.35712564,0.73409176,0.59963983,0.08898457,0.4379311,0.0029533207,-0.10492718,0.607679,0.35694733,0.40480238,0.42923346,0.644365,0.5373008,0.59989613,0.20259671,0.39354256,0.001510404,0.44294864,0.28434125,0.7506516,0.23445134,0.64517915,0.36822912,0.20491408,0.45395616,0.4423296,386,3.0
0.56474996,0.11752244,0.73567045,0.264831,0.65940994,0.28523436,0.46100178,0.923703,0.73804784,0.26887283,0.3162212,0.15045424,0.1883226,0.616519,0.61218077,0.6618247,0.53682965,0.6890143,0.55512565,0.6093913,0.33806476,0.44971478,0.14382865,0.49933192,0.42547607,0.8038665,0.39753097,0.69966877,0.48904616,0.3392824,0.60078984,0.6191703,386,4.0
0.4775862,0.12065206,0.702353,0.25496182,0.5261978,0.25078425,0.43677777,0.8276129,0.64404094,0.2893616,0.24830979,0.19903247,0.26808876,0.5576391,0.60653204,0.655486,0.49857914,0.5662149,0.49797085,0.55739766,0.2858536,0.39499107,0.19145086,0.45395333,0.3988475,0.73381805,0.3779558,0.6474226,0.46058857,0.36098656,0.55119145,0.5986537,386,4.0
0.5025018,0.038832672,0.46986935,0.20339446,0.7277104,0.20746526,0.3395319,0.6703335,0.5273597,0.08225959,0.40986618,0.0011532158,-0.111900076,0.5460627,0.3429233,0.38024902,0.4410641,0.5828981,0.49284035,0.5475943,0.17424561,0.32076454,0.000621777,0.37481278,0.26952899,0.68450296,0.27607208,0.576763,0.37585762,0.16706811,0.45857164,0.41675994,386,2.0
0.37768984,0.07356435,0.4667891,0.17523298,0.46027407,0.21905974,0.24351372,0.5233945,0.36963087,0.13327934,0.3220445,0.006960891,-0.014482155,0.45796868,0.3109613,0.38279617,0.24525642,0.46458077,0.36464226,0.36488277,0.19566162,0.31938878,0.073367484,0.34573203,0.22351499,0.5761001,0.190138,0.48241445,0.30859745,0.15995185,0.38721746,0.31640425,386,2.0
0.53563535,0.07145126,0.53752536,0.24538687,0.7750576,0.24542052,0.39811102,0.7687911,0.62993073,0.110935904,0.4192746,0.017133337,-0.074287385,0.6111442,0.42934453,0.4260099,0.47726518,0.63764584,0.5338085,0.627405,0.22503394,0.36846578,0.019753896,0.4506058,0.31724364,0.7674409,0.29194805,0.66337174,0.42458177,0.23100206,0.50145847,0.50162125,386,1.0
0.47198474,0.03809874,0.55595136,0.23060161,0.6601282,0.24326992,0.40499085,0.7454836,0.568155,0.15786335,0.36103904,0.059025496,0.026317358,0.5539663,0.4589908,0.50014496,0.5040076,0.6477235,0.47302473,0.5746327,0.25492653,0.32299703,0.08812583,0.42928186,0.34600443,0.75476646,0.3176048,0.56277823,0.38556287,0.28738472,0.48597172,0.49863815,386,4.0
0.5654864,0.12777787,0.7754885,0.282109,0.65231425,0.3039686,0.47543013,0.9758915,0.7756125,0.30958197,0.29274607,0.19199054,0.26869276,0.62067807,0.66632265,0.72452104,0.55793834,0.6979718,0.54996234,0.6105611,0.3809772,0.47994173,0.21248928,0.543067,0.48833758,0.8184041,0.42830768,0.7387161,0.500798,0.37343752,0.61141115,0.6395844,386,4.0
0.4878351,0.034449883,0.37650466,0.22651747,0.7932994,0.24396434,0.35382885,0.63326526,0.6345632,0.045012064,0.41649854,-0.04401654,-0.2203779,0.5413002,0.3218361,0.36722678,0.4363181,0.5793813,0.3858572,0.62616867,0.17213175,0.34086296,-0.012829281,0.3808467,0.21752518,0.7031406,0.28880388,0.58296245,0.33581913,0.19159968,0.46483618,0.39299706,386,1.0
0.44368607,0.038386486,0.43163297,0.23623908,0.795981,0.24441369,0.35630476,0.6540594,0.5932387,0.0645899,0.45861325,0.0011121035,-0.17511906,0.5876521,0.3058435,0.3690207,0.45311317,0.5678551,0.5209378,0.56262404,0.17849341,0.2894795,0.01857419,0.39958268,0.22660586,0.74081516,0.30430663,0.56402826,0.36424544,0.18572,0.4832576,0.5021044,386,3.0
0.41433877,0.029305328,0.4277517,0.21501648,0.7251175,0.2272549,0.33969793,0.62092537,0.5377752,0.076690845,0.42249396,0.002838686,-0.15126202,0.55706656,0.28020218,0.35243276,0.41022366,0.5209155,0.45510656,0.5260115,0.15676185,0.29454255,0.01700144,0.37001666,0.21197145,0.6650324,0.292027,0.53127635,0.35108936,0.16832632,0.45689997,0.46922997,386,2.0
0.54677975,0.06657817,0.50411034,0.23126793,0.83539087,0.21314976,0.4156167,0.7828866,0.65810466,0.09408775,0.45693076,-0.01539062,-0.14323546,0.6100442,0.3680556,0.39090517,0.47783315,0.69336426,0.5316568,0.6474639,0.21405081,0.3969331,-0.0013872162,0.46765667,0.30068338,0.7802274,0.264505,0.65712714,0.38446295,0.16941774,0.48654455,0.4882094,386,3.0
0.38794696,0.08529248,0.43908662,0.22008565,0.5979971,0.15425353,0.20266962,0.61736435,0.44800848,0.121943206,0.35739455,0.010697942,-0.08342713,0.5411309,0.28160232,0.37416962,0.25707746,0.47110265,0.36129728,0.42835778,0.1482354,0.33559284,0.04925548,0.3741289,0.23247951,0.66106915,0.14624907,0.49653807,0.2597581,0.14633363,0.41505814,0.36686718,386,1.0
0.53517747,0.061072014,0.53324455,0.22148144,0.7482358,0.21217605,0.3825214,0.74195385,0.5873632,0.10757038,0.41101727,0.02536733,-0.07800718,0.5876319,0.38601652,0.41337416,0.463079,0.6328183,0.5027358,0.5864513,0.20387676,0.36591682,0.027489906,0.4449966,0.32312566,0.73610485,0.27222556,0.62582433,0.39635882,0.202223,0.48876062,0.473318,386,3.0
0.5143488,0.032386273,0.4672436,0.2278716,0.78800815,0.21476465,0.36140668,0.6924294,0.5886036,0.082042985,0.46111682,-0.017242461,-0.15763886,0.5784631,0.33478498,0.3759796,0.45945877,0.61644715,0.51552373,0.5929375,0.16012368,0.3319967,-0.015576076,0.372265,0.25438374,0.70373917,0.25867745,0.593336,0.36198223,0.13216764,0.44926077,0.409643,386,1.0
0.52872086,0.06578409,0.573144,0.22415629,0.7133275,0.2515826,0.38909563,0.76995206,0.59998405,0.14885174,0.37949,0.05998765,0.012176041,0.5851191,0.44676012,0.48619965,0.49786007,0.6268765,0.50710946,0.56688935,0.24256851,0.36842874,0.056956187,0.43675703,0.3419301,0.75010026,0.33630633,0.6352668,0.4233664,0.25551715,0.518766,0.5052347,386,4.0
0.54405427,0.06703049,0.5135025,0.23790956,0.76445496,0.2113613,0.37201336,0.76438075,0.6117216,0.10107887,0.43085563,0.010411743,-0.08672005,0.6055768,0.3779226,0.43483317,0.44902447,0.6573005,0.5355965,0.59765416,0.20520002,0.3993879,0.012412757,0.45017338,0.28229022,0.75976706,0.2592638,0.6445436,0.3805802,0.21876808,0.4629135,0.46779165,386,1.0
0.51043975,0.08508048,0.5619937,0.24919775,0.667363,0.21810317,0.37619424,0.7574137,0.6275262,0.16495344,0.3537001,0.07072173,0.025652703,0.5854774,0.4311336,0.4955632,0.426447,0.6140126,0.503236,0.57262456,0.23941289,0.4067961,0.07500192,0.45550627,0.33155316,0.74023175,0.27750662,0.6291977,0.38916647,0.24250741,0.4798344,0.5052842,386,1.0
0.5130891,0.090805665,0.52321506,0.2507831,0.70017564,0.20609598,0.34721547,0.7189461,0.5995729,0.13193186,0.3727436,0.047723915,-0.028583884,0.5949675,0.3939811,0.44233584,0.416207,0.6098044,0.5151077,0.5655951,0.20694543,0.39856035,0.042956326,0.45197073,0.30818528,0.72570133,0.26398334,0.61422026,0.36841032,0.22085962,0.4692897,0.47661018,386,2.0
0.5104541,0.036593974,0.4490018,0.21428353,0.77444017,0.21009926,0.33891144,0.6738591,0.54948765,0.071846455,0.45202908,-0.025674552,-0.16883294,0.5615536,0.3207283,0.36405176,0.44533858,0.608371,0.49246952,0.56476873,0.15593936,0.32520986,-0.023852274,0.36826023,0.24953556,0.6860143,0.27001792,0.586541,0.36013582,0.1347414,0.45048338,0.41192287,386,1.0
0.46746695,0.13570657,0.45299643,0.22999403,0.6641193,0.19818465,0.21140403,0.80031556,0.56205326,0.12413305,0.41596043,-0.0048582926,-0.17145817,0.5954466,0.34064397,0.43877554,0.32433143,0.5644063,0.43570563,0.53061986,0.2127561,0.39893648,0.03803346,0.42627648,0.28649268,0.65824735,0.16405125,0.575563,0.30320132,0.15062098,0.40209627,0.32153982,386,2.0
0.48584527,0.08387073,0.5910404,0.24474594,0.6231714,0.22154333,0.3955974,0.771922,0.62973005,0.19779515,0.32582468,0.09973381,0.077106,0.5726791,0.46389663,0.53776866,0.41537666,0.5990746,0.47622314,0.5741489,0.26787797,0.4181111,0.120114714,0.45610362,0.35895044,0.74497235,0.2877066,0.6311427,0.3871148,0.25874412,0.47278348,0.49476367,386,2.0
0.45870298,0.05176832,0.5037551,0.24613008,0.83789563,0.3031159,0.39499712,0.7448115,0.65386915,0.07581155,0.4740017,-0.0038385168,-0.14010331,0.5999124,0.35550764,0.4457362,0.4963194,0.6592836,0.5737241,0.6368885,0.23889576,0.2807952,0.03758904,0.44451734,0.25026503,0.7688502,0.36736527,0.5732143,0.38575912,0.23459828,0.5266501,0.53147626,386,1.0
0.50654125,0.10884346,0.40810126,0.20723866,0.66129804,0.20053473,0.24996388,0.7969326,0.56367517,0.124677025,0.40083912,-0.031071156,-0.1865769,0.5967784,0.31293288,0.44811794,0.31071678,0.5773977,0.44393662,0.5081898,0.17499974,0.41737548,0.012045357,0.40749475,0.27110356,0.65416956,0.20613307,0.5794817,0.34616056,0.1545719,0.4061039,0.36418846,386,3.0
0.5285241,0.053142898,0.53250927,0.2175912,0.7627478,0.2310306,0.38285384,0.7292632,0.5690688,0.1193507,0.41657686,0.024787065,-0.071330875,0.5788351,0.41403624,0.41865546,0.49049324,0.61345094,0.52843934,0.5708517,0.20995985,0.32688668,0.022075802,0.40308204,0.30265015,0.73952794,0.32561234,0.6425663,0.43607444,0.23059802,0.51431,0.48761266,386,3.0
0.5298798,0.053364675,0.54024094,0.21560764,0.74680465,0.21979623,0.3700393,0.7405386,0.5662596,0.12528835,0.39628136,0.04140603,-0.051842563,0.57281333,0.39684016,0.43942842,0.4558684,0.61366564,0.53646123,0.57712287,0.22558494,0.34589815,0.044203166,0.4332564,0.3245712,0.7413262,0.3295648,0.6503004,0.42661676,0.24245052,0.49706048,0.47724536,386,3.0
0.5762312,0.08695522,0.69598264,0.27470142,0.6956283,0.27896553,0.48456928,0.89469796,0.6746042,0.24331963,0.33091503,0.13022211,0.17435564,0.6020522,0.55143857,0.6540514,0.5275699,0.70696,0.53819317,0.6307002,0.33966482,0.42228863,0.17679554,0.5311963,0.42354226,0.79245365,0.3867272,0.729173,0.4528796,0.34404138,0.5732488,0.5925374,386,4.0
0.51478785,0.067138076,0.5316683,0.22477023,0.7083254,0.2054843,0.36977085,0.7217509,0.58952415,0.11585578,0.39847267,0.031709593,-0.0642007,0.575307,0.39140704,0.40964472,0.43977392,0.6122724,0.4880073,0.5643158,0.20621863,0.36497048,0.031463683,0.42745623,0.31142622,0.7070246,0.25565025,0.59210074,0.38315144,0.19574542,0.47897628,0.4696757,386,2.0
0.50244564,0.1322228,0.75190544,0.26959762,0.5218591,0.26799297,0.4518915,0.88552487,0.6975395,0.32748774,0.21860656,0.22536977,0.3273362,0.5631826,0.6604612,0.7211418,0.5019755,0.5944062,0.49449933,0.55625415,0.3404118,0.43352887,0.22712244,0.48682907,0.45078757,0.7511389,0.39551887,0.67594916,0.47367036,0.37999207,0.5718206,0.6234119,386,4.0
0.39756674,0.049943704,0.5202922,0.22771232,0.65174663,0.2488967,0.32191426,0.71452826,0.5785397,0.13015455,0.36505684,0.034674328,0.008658987,0.5262075,0.33282703,0.47629488,0.43385866,0.54679596,0.45467785,0.5286679,0.23631282,0.28266332,0.091827795,0.42534244,0.26029804,0.6565999,0.2706753,0.49278617,0.35581854,0.24676743,0.46553436,0.4701881,386,4.0
0.5286031,0.118686266,0.7378709,0.27513462,0.5754962,0.2670072,0.4614094,0.892537,0.72176963,0.30689168,0.247901,0.19204746,0.27943665,0.5815063,0.6305902,0.6994494,0.49437755,0.63047606,0.51317316,0.5726053,0.34537545,0.44612023,0.20804226,0.5057875,0.4407943,0.76365805,0.3941052,0.6984874,0.47160608,0.36758935,0.5660354,0.6247543,386,4.0
0.5333008,0.0747983,0.5739108,0.22883874,0.7074551,0.22031184,0.38338035,0.75194085,0.60739666,0.13867943,0.3906451,0.049136393,-0.025419995,0.5876806,0.42868808,0.44225967,0.4610505,0.6297486,0.5108727,0.56880146,0.22706245,0.3684426,0.051665943,0.44587675,0.3372864,0.7269803,0.28475395,0.6188341,0.4105335,0.22419928,0.50901884,0.50193125,386,1.0
0.5353855,0.07799221,0.561654,0.23965779,0.7307766,0.22627471,0.38098618,0.77011096,0.6168837,0.12736888,0.41387275,0.033658493,-0.06127408,0.6065073,0.42616934,0.4355672,0.46368393,0.6499599,0.5293569,0.5861386,0.21946904,0.37485158,0.044307183,0.44856519,0.32281074,0.75322247,0.28384802,0.6398146,0.40501955,0.223844,0.5048699,0.49944776,386,2.0
0.4933486,0.038783073,0.47662792,0.22958705,0.7620843,0.25308585,0.3593438,0.6363675,0.5922792,0.0467794,0.463389,-0.032776646,-0.17891714,0.60247815,0.33161297,0.38735187,0.4850012,0.6249479,0.5463246,0.55534124,0.2039563,0.30837843,-0.0133162625,0.44909602,0.276753,0.7391726,0.3654815,0.5514067,0.36844283,0.20293556,0.4998977,0.48997808,386,2.0
0.52645594,0.0805869,0.5571066,0.24435595,0.72285485,0.22401646,0.37279716,0.7730367,0.63490665,0.14156733,0.39066675,0.043557428,-0.027068503,0.59497356,0.42248112,0.48087883,0.44990182,0.63874364,0.5172305,0.59357965,0.23087318,0.40837336,0.056607146,0.45873475,0.3230989,0.7530242,0.2826058,0.632807,0.39186662,0.22614916,0.48343056,0.500928,386,2.0
0.49269885,0.049001295,0.51354885,0.2151877,0.7100512,0.20560881,0.37497094,0.7012028,0.5792536,0.11741142,0.38087422,0.025789395,-0.06279203,0.5583093,0.3864273,0.42078844,0.45744553,0.6025597,0.5034778,0.57555723,0.20538743,0.3483973,0.0106453635,0.41181794,0.2822814,0.69658923,0.24880883,0.5952418,0.38685882,0.18749784,0.47300687,0.45286825,386,1.0
0.55253345,0.071381785,0.6084724,0.23081023,0.7227265,0.24868836,0.40806016,0.7986433,0.6167711,0.1663168,0.38545063,0.05732984,0.006071586,0.592479,0.47786933,0.49713624,0.51296794,0.64789,0.5218508,0.5795038,0.24473421,0.3784809,0.053475827,0.44691765,0.33489558,0.74566996,0.32464886,0.64316773,0.44124824,0.26201957,0.54141045,0.51581347,386,4.0
0.52981275,0.032529768,0.46875948,0.20173196,0.7611735,0.2041937,0.35706073,0.6994664,0.5260883,0.06927071,0.42842433,0.007125072,-0.11170763,0.5659712,0.34124944,0.406859,0.46258312,0.62763226,0.5111711,0.56997097,0.18742569,0.32647914,0.01383533,0.41560498,0.30269,0.7337123,0.29503557,0.60752344,0.40007886,0.21069303,0.4692284,0.4560499,386,1.0
0.54935956,0.063773006,0.4995954,0.22727658,0.84334797,0.2228043,0.38880146,0.76936966,0.6487483,0.08489248,0.45638207,-0.009065203,-0.15480307,0.61484456,0.3731366,0.4163627,0.48974848,0.69455624,0.5378468,0.6403349,0.21815936,0.39713782,-0.00064700097,0.4731634,0.29867625,0.77934337,0.264634,0.66941476,0.3868496,0.17571372,0.49382383,0.4691028,386,2.0
0.5162416,0.057705067,0.51079756,0.22130094,0.7235268,0.20936784,0.37956345,0.72269666,0.58147734,0.10796904,0.39526686,0.035785936,-0.04945357,0.5712398,0.3818362,0.42940956,0.43311512,0.604661,0.4871481,0.5858948,0.2198978,0.37172487,0.03650435,0.4310782,0.3196108,0.7141565,0.2623554,0.5984369,0.37964392,0.20162813,0.46744373,0.46653458,386,1.0
0.51621383,0.035843402,0.4901256,0.22890604,0.7792739,0.21368721,0.4005296,0.7523057,0.60516834,0.09016818,0.4166079,-0.0033036098,-0.12291929,0.5722449,0.36185828,0.4104611,0.48293194,0.6153814,0.51287925,0.58497584,0.19612527,0.3642115,-0.035774097,0.42745444,0.23700629,0.7146164,0.26759437,0.6331678,0.39479527,0.18559161,0.48463804,0.4606726,386,1.0
0.4644022,0.11490414,0.513765,0.23863009,0.7435965,0.2209815,0.26134652,0.9310949,0.62284935,0.15255255,0.38083437,0.046682626,-0.101142436,0.601769,0.35407883,0.48349044,0.40431193,0.55911684,0.43820962,0.5799231,0.19670776,0.43246317,0.06876886,0.43836537,0.30549604,0.68422365,0.24351451,0.6884733,0.3209695,0.16074201,0.46420157,0.39933062,386,2.0
0.5211278,0.11214779,0.7120774,0.2621233,0.5779198,0.2668258,0.45901337,0.8570872,0.6994941,0.28679022,0.2669735,0.17582954,0.2339144,0.58298504,0.6135601,0.67730474,0.5090048,0.62092644,0.52730304,0.58784676,0.31542695,0.42361626,0.17517124,0.4759705,0.413807,0.7672905,0.3828539,0.6721206,0.47487733,0.35782182,0.57172185,0.6126144,386,4.0
0.44494933,0.12913397,0.45596707,0.20057446,0.68696994,0.18025683,0.22165643,0.66835296,0.52370924,0.13951217,0.35841283,0.013883624,-0.09947877,0.5494892,0.3179492,0.39753968,0.3077907,0.5019573,0.45266762,0.56286395,0.18668175,0.4024631,0.065949716,0.41053244,0.31034407,0.6404736,0.23265456,0.6005232,0.30318427,0.16122474,0.41486657,0.37344807,386,1.0
0.5398665,0.08578872,0.54253286,0.2657185,0.7671329,0.23882633,0.37868917,0.76668674,0.6389477,0.11905054,0.4223249,0.039173152,-0.082479104,0.63609374,0.41109383,0.44608808,0.44144654,0.650279,0.58367115,0.6226682,0.2162442,0.40474474,0.036264513,0.47647995,0.3335857,0.8055662,0.28212857,0.641489,0.380338,0.2335825,0.49842075,0.46577486,386,3.0
0.5099325,0.03453889,0.4513171,0.21554095,0.7732397,0.21010107,0.34116954,0.682117,0.5504285,0.07104794,0.44737148,-0.023213834,-0.16372627,0.563228,0.32438585,0.3676949,0.44584548,0.60739565,0.49834538,0.56499285,0.16192167,0.32592532,-0.021988511,0.3690939,0.25055045,0.69149673,0.26897463,0.5925476,0.36137483,0.14014049,0.4519819,0.41158178,386,2.0
0.54424095,0.05697152,0.5218267,0.22482309,0.78728104,0.23035543,0.39262885,0.7415572,0.585858,0.106081344,0.42769626,0.016813092,-0.0847539,0.5882528,0.39236945,0.42630857,0.4869733,0.63854116,0.5545092,0.6129473,0.21348284,0.3575181,0.021569619,0.4216367,0.31194603,0.7437273,0.31394115,0.65089273,0.42211038,0.2108638,0.50030625,0.48280862,386,2.0
0.47066748,0.14230087,0.46135306,0.19784841,0.71536297,0.1935901,0.22563729,0.7311996,0.5439528,0.14194731,0.3652846,0.0077157095,-0.13357969,0.55595654,0.32370195,0.43217275,0.32437176,0.5255345,0.45561057,0.5744845,0.19660014,0.42079073,0.06137523,0.4107133,0.31807056,0.6195012,0.23972338,0.64256644,0.31725153,0.15857258,0.4112647,0.36790246,386,2.0
0.5156602,0.054017253,0.5630195,0.2131614,0.68493444,0.22657664,0.3686526,0.7400185,0.5502388,0.1412589,0.37897715,0.06505002,0.0005217418,0.567821,0.4372791,0.44721234,0.46144354,0.5854895,0.46572876,0.5377501,0.21095088,0.3371457,0.055088382,0.4170591,0.33450538,0.72404313,0.2986728,0.6016261,0.4237598,0.24048951,0.5037621,0.47791275,386,1.0
0.46124196,0.06761277,0.42188364,0.21840206,0.7713492,0.22709212,0.34392825,0.62493587,0.61083555,0.06832773,0.42775202,-0.029197864,-0.17800374,0.5562613,0.3435235,0.36750802,0.41573912,0.5796385,0.43414214,0.64088696,0.18098779,0.33885527,-0.016865894,0.38339758,0.22434844,0.6967758,0.2490106,0.5796967,0.33719203,0.1968878,0.46584663,0.42457786,386,2.0
0.37752485,0.082157195,0.40952075,0.21000043,0.5669433,0.13746235,0.19304998,0.60149413,0.42235166,0.1188512,0.3589992,0.0053629503,-0.088980556,0.5344417,0.27621812,0.35802558,0.2573106,0.45001414,0.3549671,0.39214098,0.12670255,0.32165498,0.03426662,0.34366742,0.20872283,0.64617276,0.13451542,0.45739958,0.27011782,0.13559054,0.4030694,0.37252373,386,2.0
0.5840563,0.08743094,0.6244151,0.27289477,0.80579686,0.27908584,0.4340958,0.8603157,0.6986674,0.15619493,0.4242046,0.050743543,-0.030432642,0.6573224,0.4927541,0.5162736,0.5159526,0.7169505,0.6204907,0.6575316,0.2710265,0.41622424,0.074414186,0.5148167,0.377833,0.85649276,0.35189292,0.7195763,0.44143507,0.28687942,0.5594591,0.54709285,386,2.0
0.60483736,0.06449669,0.6163232,0.262348,0.8938498,0.29057735,0.4663594,0.8681225,0.69713414,0.14760616,0.4741203,0.01606365,-0.08987981,0.66684365,0.47999832,0.50081813,0.6237624,0.76479554,0.64026445,0.6853285,0.29241785,0.40089083,0.052801196,0.5021665,0.37080997,0.87953436,0.3990587,0.7774618,0.49690253,0.30393067,0.6039285,0.5654032,386,1.0
0.47841227,0.03534373,0.4435729,0.23912275,0.7642736,0.20200437,0.36368674,0.70547074,0.58340013,0.0764486,0.40828082,-0.010462277,-0.14960898,0.57808137,0.313624,0.3710625,0.4549866,0.588892,0.52436614,0.56082124,0.17179278,0.36822936,-0.07008431,0.42227468,0.20059212,0.696972,0.25866583,0.6252989,0.36979717,0.1760813,0.4733476,0.41879222,386,2.0
0.5376705,0.07577363,0.5479438,0.26181644,0.74661523,0.24820799,0.3727054,0.7724332,0.6263508,0.12947294,0.41487744,0.031881787,-0.070363805,0.6303908,0.4350726,0.44291636,0.4519381,0.6446588,0.5705093,0.6062607,0.22906803,0.38874316,0.04909802,0.46856636,0.33862773,0.7997023,0.295599,0.63903487,0.4035007,0.2453422,0.5084782,0.47877884,386,1.0
0.50827366,0.046311714,0.5241176,0.22186793,0.73696816,0.20855954,0.36084685,0.71079975,0.5833079,0.104052834,0.41019908,0.02930002,-0.08300443,0.56510144,0.3844382,0.4252311,0.46298954,0.6063714,0.5020394,0.56852084,0.20183961,0.36497456,0.0049085133,0.42666373,0.28524923,0.7062502,0.26000473,0.59215033,0.38350567,0.18104468,0.4794479,0.45631057,386,3.0
0.55614644,0.12503281,0.7411385,0.29219303,0.54101247,0.2591202,0.42883354,0.87462544,0.6839193,0.30294362,0.26698405,0.1961269,0.29360366,0.60459,0.60368145,0.7210692,0.5045064,0.6626448,0.48775008,0.57278556,0.39855888,0.4279495,0.26400608,0.519774,0.448202,0.7334223,0.33189684,0.6222009,0.46193004,0.3824933,0.5567037,0.6124717,386,4.0
0.541621,0.10513917,0.6941154,0.26399782,0.62117875,0.26463637,0.45339322,0.8688331,0.70934355,0.2623665,0.29226527,0.15183544,0.19733582,0.59007776,0.5819925,0.64516866,0.49794918,0.64423054,0.53194183,0.5868661,0.32014662,0.4305192,0.15440209,0.48710847,0.40826067,0.7635006,0.37367636,0.68193924,0.4640475,0.3338728,0.5599032,0.608438,386,4.0
0.5434154,0.061347917,0.5325228,0.2277942,0.803469,0.21843906,0.39721322,0.7573328,0.6237852,0.10417081,0.42431158,0.012838546,-0.10783622,0.59763986,0.39584813,0.4359648,0.49736536,0.6639768,0.52915275,0.62497365,0.21344887,0.3857836,0.0064897425,0.46530107,0.30253536,0.75861466,0.27204305,0.65568006,0.40146562,0.19539356,0.49953112,0.47955522,386,3.0
0.5032258,0.03614942,0.51682794,0.21010831,0.7135089,0.21104835,0.3737437,0.70709354,0.5658155,0.10680072,0.3881011,0.03599847,-0.054851413,0.55250514,0.38554856,0.43429342,0.45754942,0.5994953,0.4983297,0.56733614,0.2154096,0.35636055,0.014000021,0.41916996,0.29015845,0.6950332,0.26487198,0.5979365,0.3786935,0.18636568,0.4768048,0.45236906,386,2.0
0.52744305,0.088889256,0.6421156,0.24200821,0.6394824,0.24515171,0.42870685,0.813644,0.6549911,0.21722347,0.3173501,0.114675306,0.12739077,0.5683007,0.53761154,0.57823455,0.4932992,0.6136166,0.5247849,0.57669365,0.28179634,0.38438916,0.0967236,0.4536566,0.3551361,0.7179383,0.3364385,0.6234691,0.44946945,0.29011843,0.54552335,0.56685483,386,4.0
0.4920566,0.11311388,0.6417435,0.25462487,0.5988588,0.23866509,0.40548807,0.8026867,0.6491077,0.24240723,0.27369207,0.13594112,0.15445265,0.5553912,0.53795934,0.58951306,0.45970795,0.57952964,0.48795444,0.550849,0.2577951,0.42095184,0.15527995,0.45363873,0.36643514,0.7387886,0.3423512,0.6292728,0.40670756,0.29785052,0.5030175,0.54138494,386,4.0
0.4967314,0.047408395,0.4878778,0.21676001,0.7412515,0.20436731,0.35918897,0.6954416,0.5742715,0.09415793,0.41711295,0.0030940846,-0.11288279,0.5634326,0.35322908,0.37941357,0.45166767,0.6042653,0.51273626,0.5811387,0.17805853,0.3402504,-0.006365504,0.38152745,0.26845068,0.69145715,0.25026986,0.58741623,0.3730362,0.15980999,0.4521439,0.4293837,386,3.0
0.51072264,0.051428664,0.5159493,0.2191405,0.7194995,0.20675084,0.37755686,0.71322244,0.57733136,0.10597221,0.40304136,0.028252475,-0.071469486,0.5674014,0.3805889,0.41854477,0.44284937,0.5978588,0.48348528,0.56770515,0.2061667,0.36444134,0.01808333,0.42405555,0.29699117,0.7046151,0.25020978,0.59681785,0.38495767,0.19273788,0.4690224,0.456115,386,2.0
0.55667615,0.08760599,0.6380942,0.24077305,0.7146175,0.2623809,0.41328588,0.8325141,0.64358187,0.19375426,0.37606418,0.074303664,0.04211861,0.59981674,0.50371605,0.5426562,0.5221999,0.67250943,0.5340137,0.59028655,0.2748912,0.4097149,0.079544015,0.46931884,0.36132187,0.76082444,0.34870407,0.6601965,0.44496197,0.2739874,0.5614309,0.53863144,386,4.0
0.52812266,0.0349079,0.46093592,0.20759134,0.79420054,0.20292507,0.3605522,0.7029215,0.5492842,0.062614344,0.46085453,-0.012355238,-0.16366735,0.5748869,0.33487767,0.39617866,0.47215748,0.66348237,0.53541815,0.5702734,0.18556537,0.3198815,0.003631223,0.40949264,0.27836823,0.73388684,0.3127968,0.6303398,0.41745722,0.20523204,0.47678903,0.467038,386,2.0
0.40492213,0.0934229,0.42275763,0.23264995,0.6269431,0.14247876,0.23771484,0.7215171,0.49030054,0.112197824,0.41525653,0.015659496,-0.13210782,0.58091843,0.29270408,0.414624,0.33590564,0.5336569,0.39359984,0.43156576,0.13158505,0.35287985,0.02953765,0.36059436,0.2197687,0.69946814,0.17662525,0.5187819,0.31304514,0.12164665,0.409701,0.419908,386,2.0
0.48973656,0.116610326,0.7648829,0.27188015,0.4531373,0.2482308,0.4598381,0.8650115,0.67204785,0.35568765,0.18095416,0.23944072,0.36654156,0.5425179,0.6817911,0.71210647,0.4692936,0.55306053,0.4534151,0.5237296,0.35415176,0.4315829,0.27310586,0.48677716,0.475114,0.7286918,0.3823422,0.6517431,0.45952788,0.3828334,0.5512127,0.58824396,386,4.0
0.52337724,0.06619631,0.46826497,0.23158213,0.76151323,0.24911927,0.36207414,0.8204063,0.60006446,0.09927862,0.46016726,-0.064995915,-0.18937834,0.6110775,0.34349805,0.41285235,0.45880932,0.66181695,0.5298896,0.566105,0.1990288,0.3945698,0.02196035,0.43903852,0.27806756,0.78413737,0.30288297,0.6346675,0.3961811,0.19834945,0.48172733,0.4662915,386,2.0
0.52767223,0.097767256,0.69649136,0.25622073,0.61627436,0.2698262,0.45556322,0.87614214,0.69796956,0.2624361,0.28369626,0.14846441,0.21164018,0.58433473,0.5792649,0.64148355,0.49339318,0.6479226,0.5073605,0.58627236,0.32338634,0.41578218,0.15004456,0.4912268,0.4052288,0.75750554,0.36622253,0.67847556,0.4639888,0.33962145,0.55800414,0.6088555,386,4.0
0.5319695,0.059980847,0.53334117,0.22908226,0.7877855,0.22293285,0.38368487,0.7444765,0.6223513,0.11572434,0.4211872,0.02037635,-0.094652176,0.58735067,0.40495604,0.451221,0.49841243,0.65669143,0.52857834,0.6102068,0.20883173,0.37925372,0.011796642,0.45426688,0.28873664,0.7421272,0.2827925,0.63838553,0.40407887,0.20243376,0.50734055,0.4858982,386,3.0
0.45105368,0.007896805,0.38809785,0.18626663,0.68552077,0.15038285,0.28754285,0.62742305,0.47511214,0.062321335,0.40378445,-0.016411737,-0.12558739,0.5168128,0.28921908,0.35571262,0.40419835,0.5940591,0.456631,0.4802333,0.15018602,0.2864838,0.03502858,0.37565958,0.24327809,0.6595242,0.24564642,0.53263044,0.34936056,0.17574932,0.41921142,0.3896929,386,3.0
0.5203725,0.048196312,0.5064009,0.22392222,0.80051935,0.21731201,0.38045037,0.7429129,0.6179253,0.097283974,0.442896,0.0041229203,-0.12621294,0.58932185,0.37329912,0.42282766,0.47898275,0.643465,0.53061366,0.6088462,0.2099069,0.3761925,-0.00685272,0.4475708,0.2778184,0.74474525,0.2576028,0.64213663,0.39061987,0.17138669,0.4932375,0.46461475,386,1.0
0.5121427,0.050712496,0.5158135,0.21819644,0.7520626,0.2111416,0.38335022,0.7164038,0.59473497,0.108848065,0.4020974,0.020747744,-0.0833835,0.57118917,0.3865492,0.4267966,0.4752402,0.6284291,0.5132628,0.5922686,0.20918016,0.36251557,0.010753397,0.43677682,0.28657198,0.7185888,0.2587508,0.6174401,0.38932216,0.1864543,0.4855964,0.46340555,386,2.0
0.55566585,0.05550021,0.58754617,0.22491428,0.7275453,0.22823654,0.40607196,0.7597137,0.6087001,0.13604331,0.38780937,0.048306562,-0.02098661,0.58489263,0.4420822,0.47102025,0.48932844,0.64332676,0.5283086,0.57912195,0.22983678,0.37230852,0.03797693,0.45792577,0.3243249,0.73478436,0.29865858,0.6357244,0.4198549,0.23218483,0.51788783,0.5088415,386,3.0
0.50445145,0.10204338,0.54376197,0.26897407,0.68318164,0.22609474,0.36374226,0.7327431,0.6026923,0.16249587,0.3485993,0.06894565,0.01482629,0.5967529,0.43631548,0.47166622,0.40198258,0.57022655,0.5124077,0.5827101,0.21920872,0.40572828,0.056725904,0.44343677,0.3205002,0.7361065,0.28174114,0.61812574,0.37478647,0.254189,0.47561583,0.48163125,386,1.0
0.41187853,0.057659432,0.3444974,0.20078433,0.68561035,0.16589496,0.32356942,0.51345557,0.5103917,0.077425845,0.37976018,-0.008688442,-0.13780174,0.5078598,0.27938956,0.31272954,0.3423529,0.5047506,0.40456095,0.52689666,0.13948484,0.31786332,-0.03884273,0.34900057,0.1944733,0.6197617,0.18620956,0.51168925,0.30017805,0.16123421,0.39794642,0.38017642,386,1.0
0.54029924,0.08674486,0.6267529,0.24738902,0.67708,0.2512864,0.42315182,0.818702,0.65186346,0.18788585,0.3435684,0.09050998,0.078590415,0.5884155,0.49551657,0.5557351,0.47730586,0.64328885,0.52212393,0.5856992,0.26153237,0.4049632,0.08694623,0.4680343,0.34385023,0.7537414,0.33510968,0.64657104,0.42507866,0.28827757,0.526584,0.5527929,386,4.0
0.47004777,0.08805577,0.6618179,0.27525052,0.49800318,0.21197289,0.3787848,0.7699605,0.61908746,0.3039928,0.24802577,0.19338074,0.28644037,0.54566205,0.51620764,0.64631677,0.47621456,0.5526201,0.4217694,0.49669927,0.3226498,0.38172346,0.20571832,0.46981204,0.3721158,0.6533878,0.28209507,0.58526194,0.41728866,0.3137955,0.5180583,0.5401224,386,4.0
0.5586393,0.06989457,0.5673055,0.23547402,0.7834531,0.23708503,0.41477746,0.79162604,0.6409785,0.12347555,0.41375262,0.024973065,-0.070361316,0.6068518,0.4312371,0.45097056,0.5107949,0.6846298,0.54903513,0.6222905,0.23431641,0.38737276,0.036867987,0.475407,0.33148375,0.77086425,0.30811402,0.6718479,0.4150632,0.22853576,0.5213792,0.5093487,386,2.0
0.49793452,0.07902359,0.5310905,0.2568242,0.6975088,0.2987006,0.37391523,0.67574126,0.58393353,0.12007793,0.42061847,-0.009969331,-0.08092238,0.59314,0.34030092,0.4168735,0.42350334,0.65085286,0.49523982,0.5224946,0.24883424,0.36549282,0.04405238,0.46776643,0.29854006,0.7282691,0.41819564,0.5888552,0.38864407,0.26510447,0.47610524,0.5090109,386,1.0
0.5374441,0.0560833,0.49627268,0.22567376,0.86075133,0.23260345,0.4281363,0.752522,0.65253353,0.08549396,0.45151016,-0.008825041,-0.16525568,0.6008847,0.35875556,0.41983804,0.50932634,0.67662185,0.5307469,0.63523585,0.2119456,0.38006136,-0.012126744,0.4770557,0.26282266,0.7781521,0.27604115,0.68277144,0.40873352,0.19029629,0.4977966,0.4729986,386,1.0
0.5120492,0.053371266,0.47403184,0.21796486,0.77335477,0.20929222,0.37167335,0.713093,0.5990864,0.08377186,0.42982805,-0.0059717596,-0.1376937,0.58049035,0.35214993,0.38815153,0.44992077,0.6293228,0.50413543,0.5965029,0.20978773,0.3647339,-0.003926687,0.42440724,0.2805749,0.72240746,0.24077335,0.6186292,0.36808506,0.1602985,0.4572536,0.4325707,386,1.0
0.5641959,0.07525907,0.5782228,0.27402836,0.83240885,0.2809951,0.47050002,0.851337,0.69693875,0.14704764,0.42698443,0.030785657,-0.055319995,0.6493025,0.45436898,0.49320394,0.532373,0.7222026,0.61663663,0.71268326,0.29325756,0.4013214,0.06091645,0.5077596,0.35722163,0.8630669,0.36625874,0.7245931,0.4265362,0.2949664,0.5533136,0.5272655,386,2.0
0.55920154,0.07695223,0.5296868,0.23953763,0.8579123,0.22616203,0.41451246,0.7992453,0.67350906,0.102102965,0.45592856,-0.0045192987,-0.13694459,0.6248473,0.39275533,0.44403705,0.51227504,0.71894425,0.54503566,0.6607509,0.21848473,0.41297123,0.004459247,0.49320808,0.30058852,0.80322456,0.28814277,0.68143016,0.39776802,0.19796456,0.5083709,0.4992598,386,2.0
0.4907869,0.03397784,0.45052218,0.19988005,0.71266425,0.20095924,0.3210136,0.6561974,0.511665,0.07765071,0.40367907,-0.0008992702,-0.11471774,0.5369254,0.33196327,0.37282345,0.42231038,0.57124376,0.47634044,0.5283317,0.16526544,0.31084293,0.003461007,0.36783668,0.26150844,0.6741929,0.27632532,0.5603665,0.36738384,0.16619766,0.44439563,0.40696266,386,3.0
0.5872855,0.091008715,0.6037676,0.26188824,0.7802957,0.26191708,0.41374722,0.82211447,0.67771596,0.14348157,0.41645285,0.04734568,-0.0327117,0.6497511,0.4662547,0.48555437,0.48551482,0.6916592,0.602633,0.6300475,0.25899422,0.41525987,0.05233345,0.5077873,0.3613377,0.8177937,0.32110325,0.68009365,0.43194777,0.26229045,0.54309726,0.532735,386,1.0
0.50498104,0.08219426,0.59289736,0.23967537,0.63752294,0.22975597,0.39303455,0.7697878,0.62205434,0.18881154,0.33266133,0.08935047,0.06587175,0.5707149,0.45970884,0.53606534,0.43053547,0.6077992,0.49012777,0.5771376,0.2565878,0.41261438,0.10315447,0.45266467,0.34706518,0.74357784,0.30086938,0.6202038,0.3950953,0.258855,0.49086258,0.5117848,386,2.0
0.38203794,0.046249226,0.43620685,0.15685022,0.4135907,0.21217518,0.24671297,0.4507567,0.3385601,0.12337856,0.30203882,-0.0018598884,-0.0029500425,0.43218186,0.29530936,0.36193135,0.23422977,0.45728162,0.32221356,0.3204791,0.18030715,0.29936585,0.06526497,0.32893866,0.20597097,0.54300225,0.18647929,0.42238438,0.30661777,0.1697611,0.36541006,0.3064351,386,3.0
0.46921414,0.071591765,0.51434535,0.25323766,0.7325247,0.26168966,0.40423647,0.72652256,0.6335896,0.12973848,0.40802228,0.019711144,-0.06181258,0.58525,0.38713658,0.4603383,0.48883772,0.6439387,0.5163319,0.6553623,0.2591733,0.32277283,0.07395817,0.44432494,0.3077692,0.7618995,0.3032243,0.5961631,0.3725457,0.26375785,0.49070373,0.46812543,386,1.0
0.48466086,0.045401,0.5194596,0.21002883,0.6636178,0.20836449,0.36427096,0.70524603,0.56246656,0.123892486,0.36415654,0.04585719,-0.02551052,0.5429603,0.39796028,0.4398717,0.43787667,0.5859608,0.4795683,0.5469885,0.22096488,0.3509735,0.02713054,0.40105388,0.28834197,0.6807598,0.26072013,0.5787028,0.37932402,0.19665502,0.4718084,0.44775662,386,1.0
0.51228535,0.037778713,0.47789818,0.22560176,0.7802293,0.21587229,0.36240682,0.7022309,0.5891045,0.08433496,0.45058346,-0.012631148,-0.14696784,0.57782596,0.34286654,0.3788876,0.45808858,0.61499506,0.52542263,0.5957979,0.1724416,0.33891693,-0.017053843,0.37601057,0.25931436,0.7070434,0.2563306,0.5987402,0.3677774,0.14134726,0.45262188,0.41544536,386,2.0
0.54093426,0.046517655,0.49148113,0.23757833,0.86319643,0.20636024,0.37800175,0.7538409,0.6505307,0.07714615,0.47029588,-0.018624514,-0.1833383,0.61197567,0.3476305,0.3957158,0.4968542,0.6829177,0.5514419,0.6356473,0.19096743,0.39896736,-0.041187957,0.46982005,0.25859457,0.76220036,0.27087176,0.6493381,0.38351056,0.16351236,0.5017248,0.47355148,386,2.0
0.50995684,0.06622674,0.48127905,0.25529623,0.7455968,0.21318163,0.34669414,0.720215,0.6007006,0.09666984,0.42202315,0.02844932,-0.11348446,0.60819936,0.36519894,0.40026972,0.40107808,0.60872906,0.55804724,0.5867447,0.2015869,0.395259,0.02864863,0.43372044,0.30924934,0.753497,0.23541218,0.62154156,0.3486522,0.19804162,0.44799358,0.41776407,386,2.0
