0,1,2,3,4,5,6,7,8,9,10,11,12,13,14,15,16,17,18,19,20,21,22,23,24,25,26,27,28,29,30,31,Chip,Class
-0.07280084,-0.13337967,0.064679846,1.8124406,0.9217832,-0.6835666,0.37967348,4.522465,1.0671319,1.1225489,1.8314669,-0.079901904,0.09152551,1.6265172,1.2288773,0.5532981,0.8810107,1.6724368,1.6172975,0.063293844,1.2292796,0.7790328,0.87111425,2.3038864,-0.53340006,1.4386514,0.6264492,1.2752143,-1.033629,-1.1001089,0.9454272,1.6226218,223,2.0
-0.07742563,-0.1407161,0.030136079,1.8736594,0.99686456,-0.7094976,0.33541206,4.626102,1.0671122,1.4246502,1.7866328,0.07810403,0.20404483,1.4556568,1.3373364,0.4324943,1.0867221,1.6892899,1.6052047,0.24021205,1.4778858,0.49690378,0.6702697,2.4328625,-0.63923645,0.9855331,0.65670735,1.5895324,-1.2801974,-1.4663415,1.1246228,1.463262,223,3.0
-0.06262069,-0.11533634,0.16538784,1.8008841,0.7929052,-0.6819136,0.37737763,4.1841903,1.1263995,0.6781308,1.8226268,-0.34796837,0.01682058,1.948449,1.0203289,0.71967924,0.623126,1.5612087,1.5298034,-0.25210208,0.8964756,0.9410343,1.1727443,2.0245745,-0.43274748,1.9985698,0.43304828,0.86637133,-0.93309313,-0.8440413,0.6913945,1.7335265,223,1.0
-0.070743024,-0.12273224,0.13763697,1.794315,0.86836267,-0.66328603,0.42226577,4.3261795,1.0799093,0.6937402,1.8212421,-0.30141136,-0.028689718,1.8874183,1.0645069,0.7221757,0.62906086,1.6079267,1.624058,-0.19661522,0.85970235,1.035686,1.1897898,2.0543845,-0.33671954,2.0771925,0.51008296,0.88161546,-0.85681236,-0.70006186,0.7661491,1.7401578,223,1.0
-0.07170643,-0.134119,0.10658486,1.8455362,0.9201209,-0.7165571,0.38524687,4.5944443,1.1349319,1.0391203,1.9143559,-0.18674152,0.073409334,1.7771895,1.1994784,0.6168723,0.82243013,1.7114214,1.6493143,-0.03252214,1.1711833,0.84429884,1.0016522,2.3067613,-0.5291603,1.6369928,0.594322,1.2248347,-1.0957477,-1.0978926,0.89258236,1.6629869,223,2.0
-0.074222654,-0.13542815,0.07506488,1.8042483,0.94628704,-0.71095175,0.33509532,4.578869,1.1254505,1.2805936,1.7909639,-0.030444901,0.18561551,1.6264794,1.267944,0.51686215,0.99545544,1.6503742,1.5146836,0.09498851,1.3533779,0.5299464,0.8010015,2.4213748,-0.60331774,1.1951255,0.5723788,1.456394,-1.1795137,-1.370569,1.045423,1.580169,223,3.0
-0.067935884,-0.114997685,0.16121636,1.785099,0.8301106,-0.6453456,0.45226803,4.2066193,1.1285161,0.49332124,1.8796419,-0.4144437,-0.058803137,2.062647,0.9677177,0.8008317,0.4862184,1.5570431,1.6359632,-0.34048504,0.7061537,1.1794921,1.3087914,1.8754183,-0.23231874,2.3412771,0.4310592,0.61745405,-0.7111703,-0.45565918,0.63004774,1.8734764,223,1.0
-0.059160013,-0.12331934,0.14078112,1.8151029,0.8137673,-0.7664948,0.23440483,4.4097767,1.2252178,1.4063338,1.74205,0.00041278452,0.3204352,1.4808555,1.2865446,0.49767542,1.128744,1.5639082,1.2696764,0.12904711,1.5551077,0.23796767,0.6894768,2.6561394,-0.8079726,0.7835017,0.49527174,1.5818541,-1.4428293,-1.8458246,1.1517527,1.4399828,223,3.0
-0.06971083,-0.14140941,0.07685876,1.934181,0.9494954,-0.7744925,0.29755783,4.7067533,1.1960331,1.4974887,1.8653361,0.023387238,0.26680505,1.5749953,1.3758831,0.48631388,1.1247281,1.692329,1.5446515,0.17506292,1.5318465,0.40634018,0.7477774,2.6600845,-0.7557027,0.9634542,0.5930417,1.6660383,-1.4071057,-1.6774156,1.1893542,1.5541222,223,3.0
-0.07035564,-0.12624599,0.12576152,1.7945147,0.8957607,-0.6794303,0.4010643,4.398088,1.0798029,0.8069012,1.875397,-0.27807096,0.0025744922,1.8550385,1.0811337,0.6899539,0.6907174,1.6529307,1.6271676,-0.1518851,0.97617054,1.0040145,1.1375742,2.078282,-0.39249504,1.9163965,0.53447634,0.9962575,-0.92448777,-0.8096094,0.77272224,1.6699102,223,1.0
-0.07089532,-0.12885836,0.073308565,1.8001155,0.8942579,-0.69964814,0.3416797,4.5256042,1.0607283,1.2050984,1.7873968,-0.0764606,0.13202973,1.5489985,1.220741,0.5120426,0.9194519,1.6934607,1.5507861,0.11092536,1.3058164,0.6194232,0.8142465,2.380809,-0.5995631,1.241265,0.6123941,1.3866206,-1.1516784,-1.285119,0.9520119,1.5260334,223,3.0
-0.06581381,-0.13280933,0.14621393,1.9271883,0.90744126,-0.75797707,0.3901619,4.75627,1.234669,0.95266986,1.9883847,-0.27197945,0.084124,2.0103428,1.1840876,0.6971354,0.7921021,1.7456732,1.6305065,-0.14621891,1.148438,0.8995435,1.1283606,2.3745313,-0.5527286,1.8524733,0.5356355,1.1253189,-1.1175182,-1.0871488,0.8753785,1.809693,223,2.0
-0.06365754,-0.12372437,0.14678864,1.8232514,0.8245098,-0.72784746,0.30154043,4.3970666,1.1699294,1.0982152,1.8300759,-0.1610644,0.17385563,1.69443,1.1640923,0.6070373,0.8854177,1.585798,1.4279066,-0.07119854,1.2174801,0.57993793,0.92799854,2.3167436,-0.59336346,1.3437674,0.46526545,1.2386211,-1.2146204,-1.2724372,0.9139973,1.6003071,223,2.0
0.011137959,0.03544012,0.6598058,0.8148637,-0.37782136,-0.5003789,-0.2147164,0.9375781,1.2984729,0.043464012,0.732233,-0.7203816,0.46083653,1.6598183,0.14086075,0.71330243,0.3241501,0.06662014,-0.46347845,-0.8589341,0.4261535,-0.57110494,0.8145108,1.3269387,-0.88239354,0.54072535,-0.6843237,0.077387616,-1.6183591,-1.7777491,0.09555975,0.75779253,223,4.0
-0.07063214,-0.143582,0.07255342,1.9844906,0.95969474,-0.7762083,0.3445452,4.837642,1.1716084,1.3517363,1.9551804,-0.02916463,0.19642346,1.7175288,1.3315969,0.5492617,1.0455128,1.7447466,1.6325369,0.12604591,1.4316734,0.5874888,0.8681417,2.5596054,-0.6516182,1.2516712,0.6040885,1.510953,-1.3019577,-1.5314026,1.0765582,1.6543351,223,3.0
-0.069541745,-0.1330561,0.10207008,1.92174,0.9105195,-0.7292921,0.38519195,4.587315,1.1646869,1.0143474,1.907272,-0.1884532,0.10571033,1.8348233,1.2071004,0.6509966,0.8335923,1.6767775,1.6729848,-0.050019026,1.1875925,0.8249666,1.0478746,2.2838736,-0.51110786,1.6750153,0.54698056,1.1873572,-1.0837594,-1.1094859,0.9016789,1.7249035,223,2.0
-0.0644882,-0.12470952,0.15222515,1.8565243,0.83190596,-0.733962,0.33761773,4.382507,1.190115,0.9508972,1.8421004,-0.23359767,0.1278829,1.8033228,1.1381382,0.6703925,0.80099386,1.6230222,1.5105568,-0.15201789,1.1231508,0.75221336,1.0596602,2.2154343,-0.50660443,1.6597807,0.44965655,1.0783592,-1.089271,-1.097086,0.8268796,1.7091925,223,1.0
-0.06608455,-0.13134128,0.1146166,1.8521771,0.87554425,-0.757034,0.28271365,4.4349556,1.2015232,1.3102539,1.7664902,-0.06114046,0.23724683,1.6737249,1.2529016,0.54774964,0.9979117,1.5746608,1.4394733,0.026664216,1.4185966,0.44026121,0.8511711,2.4647074,-0.67017573,1.1874137,0.48998183,1.4330807,-1.3071817,-1.5057882,1.048419,1.5675457,223,3.0
-0.07185499,-0.1436807,0.08366828,1.9703232,0.99105895,-0.7700691,0.3604215,4.9192915,1.2038352,1.303457,1.9751713,-0.076773085,0.1687967,1.7583344,1.3282928,0.56820863,1.0078275,1.7899317,1.6661773,0.10203743,1.385107,0.6730591,0.8932329,2.5822804,-0.6576108,1.3589585,0.63875115,1.4871863,-1.2951316,-1.3976239,1.0860195,1.6648182,223,3.0
0.0124336295,0.03736554,0.661346,0.8068755,-0.3922297,-0.49552402,-0.21159229,0.92407036,1.3055843,0.03683144,0.7410295,-0.7295356,0.4568144,1.6794822,0.1282442,0.72157496,0.3144865,0.0633506,-0.47440583,-0.8631221,0.412094,-0.55243737,0.82541174,1.3011404,-0.8834995,0.5500856,-0.68447685,0.053776767,-1.6050266,-1.7704554,0.087843135,0.764911,223,4.0
-0.07267156,-0.12200643,0.1146532,1.7856398,0.86598396,-0.6310497,0.4309666,4.2578874,1.082528,0.65134096,1.8554285,-0.30865204,-0.02127729,1.8955908,1.047926,0.7068372,0.6211575,1.5384419,1.6358033,-0.20539278,0.83556485,1.0437133,1.1619986,1.9291378,-0.30834007,2.0265224,0.48734403,0.8184897,-0.80544645,-0.6065027,0.68902904,1.785403,223,1.0
-0.07439122,-0.12763207,0.092952356,1.7813811,0.9034064,-0.688121,0.37359008,4.296537,1.07818,1.0239002,1.8020099,-0.13657159,0.077845976,1.6734167,1.1871859,0.5751103,0.81029665,1.6015041,1.5979689,-0.005097881,1.1346358,0.72763175,0.9792942,2.25044,-0.48440504,1.5414666,0.5734758,1.1866101,-1.0262704,-1.0451117,0.917928,1.6536963,223,2.0
-0.07488494,-0.13539043,0.087967075,1.8547367,0.9511203,-0.70364237,0.39761588,4.5624504,1.0956753,1.0311956,1.8862098,-0.14120907,0.054077525,1.7154845,1.2149432,0.59215164,0.8472729,1.7053055,1.6897622,-0.010488518,1.1838398,0.83331394,0.9849953,2.3261697,-0.49161813,1.6561973,0.616462,1.2116573,-1.0230532,-1.0363764,0.8967712,1.6937946,223,2.0
-0.07131704,-0.12974513,0.13721491,1.8028953,0.8676056,-0.6929299,0.41092575,4.4092474,1.1251582,0.78581023,1.8550217,-0.2739408,0.014543392,1.8747598,1.1124116,0.69411916,0.68038946,1.6109649,1.6849488,-0.18083258,0.9632855,0.97199863,1.1924285,2.080725,-0.39383698,1.9459349,0.51852775,0.93303746,-0.8940168,-0.78239214,0.759708,1.8010087,223,1.0
-0.065371335,-0.12895699,0.099769965,1.8109281,0.8731886,-0.7448917,0.2722849,4.566399,1.1665261,1.421823,1.7477409,0.033249617,0.2800656,1.4473275,1.3034514,0.4566761,1.1287591,1.6065325,1.37827,0.19050458,1.5340182,0.3024319,0.66095847,2.624263,-0.7479334,0.8331431,0.55739725,1.6063436,-1.3542792,-1.7172449,1.1378042,1.4610116,223,3.0
-0.0706528,-0.14327407,0.09888184,1.9761808,0.9736584,-0.76833457,0.39774555,4.8788185,1.2265214,1.1058726,2.004161,-0.17900652,0.103437245,1.8573121,1.2911065,0.6456573,0.8992843,1.7567236,1.7393397,-0.027021766,1.2655482,0.84399855,1.0652076,2.4295073,-0.56460154,1.692341,0.58488697,1.2798312,-1.1583278,-1.1929235,0.97058225,1.7965198,223,3.0
0.009073727,0.032102935,0.6421037,0.8440898,-0.33260784,-0.50227827,-0.20084539,0.9716226,1.2847214,0.08066169,0.74226105,-0.69461703,0.45295778,1.6173006,0.1642689,0.69694537,0.34776855,0.09451496,-0.4168477,-0.8336818,0.46429056,-0.5572976,0.79613304,1.3378025,-0.8692377,0.5375133,-0.65215397,0.118037745,-1.6061422,-1.781124,0.1153816,0.76247025,223,4.0
-0.07348882,-0.13268581,0.07948549,1.8115491,0.9242667,-0.6717595,0.38649926,4.3607445,1.0723921,1.0189903,1.8176973,-0.13108152,0.07986069,1.6796652,1.187418,0.59162366,0.81407076,1.6215342,1.605633,-0.004006084,1.1399622,0.7573986,0.9907604,2.2134175,-0.4447455,1.6323606,0.572018,1.2100908,-0.9107883,-0.9882743,0.9078924,1.6664063,223,1.0
-0.073444635,-0.13400897,0.07265228,1.7945882,0.9395086,-0.70848465,0.39278236,4.608953,1.06326,1.0414531,1.8430151,-0.11937067,0.0574348,1.687014,1.2003353,0.57653385,0.8216523,1.7105752,1.6689662,0.01944187,1.175828,0.8437225,0.930562,2.2884316,-0.50360227,1.5742717,0.63379145,1.2090908,-1.0421927,-1.0152737,0.92039394,1.6271753,223,2.0
-0.071845025,-0.14738925,0.07397717,1.9959607,0.9944571,-0.7765676,0.36865872,4.953226,1.1838123,1.2811706,1.9799194,-0.06394228,0.15657946,1.6601578,1.3615296,0.5520228,1.0157591,1.761075,1.7300687,0.10578604,1.383323,0.6911702,0.88641644,2.5338395,-0.63552797,1.3758622,0.6233998,1.4627364,-1.2641786,-1.400002,1.0475572,1.6444772,223,3.0
-0.0657305,-0.13689981,0.1348776,1.9666679,0.9052776,-0.7755871,0.36781418,4.7711234,1.2623116,1.0810705,1.9667971,-0.22444695,0.12272242,1.9378983,1.2389246,0.67131585,0.86167496,1.7644813,1.6487907,-0.07553367,1.2594522,0.79882604,1.0977108,2.4368286,-0.59675026,1.7368205,0.53098726,1.2760005,-1.2091076,-1.2455512,0.94542897,1.7837261,223,1.0
-0.07449814,-0.13727386,0.041075423,1.8508006,0.96795535,-0.7221028,0.33141595,4.5393505,1.0796117,1.4326704,1.7869853,0.05456931,0.20169678,1.4622136,1.3256805,0.4503931,1.0745027,1.6956986,1.5770984,0.21659768,1.4279382,0.49267808,0.70438033,2.4686463,-0.6506721,0.9915907,0.62640494,1.589951,-1.2187065,-1.4638864,1.1327645,1.4927251,223,3.0
-0.06858562,-0.14274241,0.09925988,2.0205827,0.93648565,-0.79742396,0.34549093,4.907147,1.2319565,1.2884429,1.9690108,-0.10121142,0.19444595,1.8215616,1.3219893,0.60353076,1.008109,1.7706176,1.6372579,0.048573222,1.4276139,0.6397108,0.9544339,2.550613,-0.65512073,1.4017963,0.58224934,1.4685674,-1.311551,-1.4915661,1.0663215,1.7032585,223,2.0
-0.0737702,-0.1273163,0.094212845,1.8018881,0.9199462,-0.68385804,0.39569905,4.45371,1.077223,0.91406834,1.8358767,-0.17816047,0.031749174,1.7138823,1.157085,0.59578013,0.76970834,1.663711,1.6508887,-0.051673487,1.0643333,0.8792121,0.98791283,2.2177532,-0.45903912,1.7398685,0.6003196,1.0997306,-1.0087626,-0.91823214,0.8395719,1.6468775,223,1.0
0.009684265,0.035838522,0.64131767,0.78321,-0.38741872,-0.4780719,-0.20471498,0.85500276,1.248563,0.02811561,0.7004154,-0.6973417,0.43292445,1.5923308,0.11244083,0.6965835,0.30582762,0.04903795,-0.44860464,-0.85051745,0.39777958,-0.52737594,0.79543626,1.2360517,-0.8308509,0.5425918,-0.6673465,0.051096063,-1.5641776,-1.6937826,0.058803078,0.7450516,223,4.0
-0.07378109,-0.13190235,0.099708006,1.7696158,0.9308117,-0.6764523,0.41081113,4.5342145,1.0514498,0.86824816,1.8174192,-0.19319394,0.04237601,1.7720207,1.1326513,0.637658,0.7553761,1.6610848,1.6426141,-0.08170972,1.0445529,0.90478456,1.058638,2.147621,-0.40892988,1.7530427,0.54473543,1.0570699,-0.8951205,-0.8292221,0.838981,1.7267755,223,1.0
-0.07408598,-0.14218786,0.06374264,1.8932742,0.9727414,-0.72981024,0.3703562,4.6561637,1.0863855,1.2353783,1.9173305,-0.051972177,0.118130654,1.6306634,1.2889411,0.54369724,0.9526267,1.7266043,1.686061,0.091804236,1.31399,0.714045,0.852411,2.4473217,-0.57254905,1.3841221,0.6485299,1.4065441,-1.100451,-1.1916184,1.0100111,1.6289902,223,2.0
0.0031178035,0.01733877,0.60633665,0.9524367,-0.23104817,-0.5339076,-0.16936186,1.2826619,1.3117163,0.24517904,0.8575367,-0.63455194,0.46320933,1.6734345,0.28874046,0.6817983,0.43396693,0.25112322,-0.27585056,-0.7401876,0.5903968,-0.5310358,0.8058052,1.5352527,-0.90848047,0.5362983,-0.5383822,0.27380544,-1.6430012,-1.8433248,0.24377672,0.8535436,223,4.0
0.007856242,0.030004527,0.6397166,0.84291774,-0.31603095,-0.50251585,-0.20120674,1.0074903,1.2788001,0.11944419,0.74678165,-0.6724771,0.47158375,1.6307014,0.20083976,0.6892525,0.37258318,0.13405238,-0.39426765,-0.7913671,0.4903364,-0.57681084,0.8054266,1.4121073,-0.89468235,0.48743454,-0.62148935,0.14516808,-1.621821,-1.796949,0.16505289,0.76993793,223,4.0
-0.010149997,-0.013915056,0.50180405,1.1408002,-0.00191563,-0.5946756,-0.091949366,1.9053714,1.2901558,0.49622685,1.0476359,-0.5050886,0.43836507,1.6474102,0.509218,0.6415321,0.5823718,0.5262726,0.09707063,-0.56841314,0.8061922,-0.3776178,0.8066365,1.732339,-0.86489826,0.62228763,-0.3405421,0.5582023,-1.6258855,-1.8238791,0.42647326,1.0090567,223,4.0
-0.07475306,-0.14158812,0.05583588,1.929267,0.9727161,-0.74979043,0.3078432,4.6996994,1.121076,1.5033114,1.8223437,0.07721352,0.23253338,1.51358,1.3688442,0.43398932,1.1410955,1.6899179,1.5771378,0.23875827,1.5204461,0.4009385,0.709512,2.639587,-0.69953126,0.90487707,0.63130265,1.6902751,-1.3230764,-1.6220376,1.158217,1.5259831,223,3.0
-0.07322724,-0.13930817,0.09483702,1.9098344,0.964271,-0.74049556,0.38204783,4.69798,1.1582272,1.086948,1.9125104,-0.147077,0.11622605,1.7873038,1.2235498,0.63373554,0.8765042,1.6954085,1.6438367,-0.0494111,1.2232873,0.776917,1.0557494,2.338427,-0.48958445,1.6573932,0.5419794,1.2522348,-1.0467566,-1.1147757,0.95786494,1.7566631,223,2.0
-0.06955708,-0.106376,0.12598497,1.5870543,0.8071901,-0.5870539,0.4189144,3.9169257,0.9706347,0.50388646,1.6819692,-0.3185936,-0.049614817,1.7998669,0.9123477,0.6939188,0.5149371,1.4388226,1.5378265,-0.23902565,0.71408355,1.0212301,1.1486126,1.7679836,-0.24144694,2.0030355,0.4313469,0.6838187,-0.6768791,-0.44461232,0.61449504,1.6533104,223,1.0
-0.071408466,-0.13178197,0.097072944,1.8384215,0.90762335,-0.7029225,0.36348945,4.4379544,1.0949404,1.012359,1.807971,-0.14776053,0.10650411,1.6821291,1.1806896,0.5998641,0.8218283,1.65806,1.6104658,-0.035092115,1.121495,0.7868592,0.9567058,2.2055604,-0.4733585,1.5573156,0.5416991,1.16129,-1.0059829,-1.0239577,0.86627907,1.6477903,223,1.0
-0.07305522,-0.13533717,0.06705986,1.8189366,0.9368514,-0.70440423,0.32177532,4.381848,1.0825709,1.3218853,1.7647692,0.018347785,0.19054164,1.4899405,1.303695,0.48374286,1.0206703,1.6057633,1.445006,0.19160254,1.4115881,0.44706976,0.7563461,2.5482075,-0.60714024,1.0711185,0.6028002,1.4996307,-1.1848841,-1.3645235,1.0986044,1.4713852,223,3.0
-0.069741026,-0.11581685,0.13252774,1.730752,0.8427673,-0.6272655,0.4303982,4.1649084,1.0731637,0.56766397,1.7930179,-0.34465802,-0.049920704,1.9106759,0.9930425,0.7268346,0.5631757,1.5079709,1.6253166,-0.24425416,0.7668738,1.0806195,1.2099991,1.8911479,-0.29546472,2.1048372,0.45526615,0.74162734,-0.78728974,-0.55645263,0.6272185,1.7608143,223,1.0
-0.07541221,-0.14270116,0.030381322,1.8694868,0.99176747,-0.7162447,0.3188603,4.6172924,1.060125,1.469892,1.7631173,0.09900736,0.22806314,1.3961627,1.3633825,0.41060257,1.1262234,1.6838925,1.6231902,0.2611679,1.5297288,0.43217912,0.64297867,2.4981742,-0.66239786,0.91443884,0.65192467,1.6399313,-1.2773201,-1.5101739,1.1519129,1.4688566,223,3.0
-0.073834784,-0.1334313,0.10290018,1.7997093,0.91312325,-0.69319576,0.40034717,4.526793,1.0993447,0.93073714,1.85184,-0.19067582,0.059983213,1.7877331,1.1601638,0.64071184,0.7799219,1.6401969,1.6428182,-0.08165548,1.0791856,0.8695769,1.0577464,2.1797352,-0.44434497,1.7208359,0.5472633,1.1200104,-0.9566588,-0.9333503,0.8586408,1.7239709,223,2.0
-0.046492014,-0.10635522,0.27828997,1.8693204,0.6513831,-0.79777503,0.22124046,4.121758,1.4180593,0.99059486,1.8222098,-0.34701228,0.26404628,2.0359995,1.0805678,0.7339542,0.8358291,1.4460633,1.2122487,-0.27871588,1.2115835,0.4424877,1.1069889,2.372518,-0.75358015,1.4824014,0.24180633,1.110215,-1.4656035,-1.6116241,0.8561657,1.6879002,223,2.0
-0.07469155,-0.13231416,0.09664287,1.8188866,0.9298345,-0.6962841,0.4018745,4.513849,1.1249708,0.98518384,1.8726441,-0.16744196,0.0631015,1.750815,1.1919148,0.6259695,0.79654324,1.6281285,1.6245186,-0.056074616,1.0990634,0.81546146,1.0523473,2.2427506,-0.43119216,1.7196922,0.55874926,1.1579028,-0.94008124,-0.93461996,0.88788384,1.718217,223,1.0
-0.07373592,-0.1381244,0.07310687,1.8628507,0.9574096,-0.7056406,0.3916783,4.67532,1.126925,1.0971268,1.8923739,-0.12836465,0.097133294,1.6845642,1.2467327,0.5888944,0.8846504,1.697226,1.6787847,0.027567882,1.2369039,0.80622804,0.9552968,2.295371,-0.51011705,1.5547215,0.6008423,1.2655015,-1.076573,-1.0999508,0.95898545,1.6815829,223,2.0
0.005850792,0.02639519,0.61720425,0.834746,-0.30828264,-0.5026835,-0.19009909,1.0060501,1.2491871,0.12209229,0.7499992,-0.65089583,0.44272712,1.5766454,0.1865936,0.6695715,0.37610608,0.13872893,-0.36614886,-0.78583914,0.49094638,-0.53115183,0.7629344,1.3396714,-0.85167575,0.4995663,-0.61250234,0.16891898,-1.5828753,-1.7500113,0.1350727,0.75247747,223,4.0
0.0025432855,0.022468407,0.6021737,0.8860881,-0.2540279,-0.5048489,-0.17532179,1.1384548,1.2581167,0.190816,0.78008515,-0.6339443,0.4515409,1.5838665,0.23564187,0.66105413,0.40458733,0.2156351,-0.3301939,-0.7513846,0.51746476,-0.5313078,0.7598985,1.4011348,-0.86700183,0.4820487,-0.5612562,0.22528464,-1.5752282,-1.7742432,0.19077337,0.77490264,223,4.0
-0.0752614,-0.13698563,0.07710906,1.8485582,0.95133054,-0.68999517,0.39566654,4.496963,1.0433148,1.0101526,1.8693922,-0.13137484,0.058060724,1.6588182,1.1921532,0.5882221,0.80953133,1.6865561,1.6908205,-0.0041778684,1.1186923,0.8769354,0.9596206,2.2216141,-0.43777508,1.6351432,0.60145146,1.1551886,-0.9435026,-0.91044044,0.88618296,1.657197,223,2.0
-0.07303734,-0.11995104,0.08387371,1.6496816,0.88830906,-0.646217,0.35371086,4.1922283,0.98399246,0.94139296,1.7160665,-0.120189115,0.058372002,1.4644645,1.1036494,0.5302634,0.78448653,1.5773633,1.4856715,0.032479044,1.0920405,0.78747284,0.83428186,2.042925,-0.49081275,1.3659902,0.5984526,1.1384158,-0.98246264,-0.98602116,0.8096142,1.4579262,223,3.0
0.006875638,0.030340925,0.6340419,0.8226012,-0.31579867,-0.49775243,-0.19963312,0.983027,1.2601352,0.10294704,0.74133056,-0.6691202,0.4632248,1.6209425,0.19017841,0.6824877,0.35970795,0.13679767,-0.39670736,-0.7937944,0.47522926,-0.5733826,0.7854556,1.3818908,-0.87910247,0.47727,-0.6219459,0.14348201,-1.6151618,-1.775393,0.14877187,0.75863665,223,4.0
0.010433845,0.03658534,0.6542288,0.80263793,-0.36697567,-0.48726317,-0.21351239,0.87897265,1.2628394,0.023969451,0.69729954,-0.7098401,0.45766154,1.6026607,0.12859121,0.70331556,0.3260066,0.0794881,-0.45859873,-0.851022,0.41517738,-0.5624955,0.8100638,1.2819844,-0.8604367,0.51837766,-0.68525213,0.072077855,-1.5883641,-1.742393,0.082345866,0.7382409,223,4.0
-0.0034834817,0.0012457464,0.54388213,1.0664812,-0.10241284,-0.56113434,-0.1162037,1.6375954,1.2788546,0.35792124,0.94179386,-0.562525,0.4337668,1.5916067,0.3941346,0.6475706,0.5200581,0.36477673,-0.08759858,-0.65757775,0.6996441,-0.4236487,0.7866348,1.5881611,-0.866157,0.563408,-0.42371815,0.40649807,-1.6098393,-1.8192655,0.3203827,0.9055193,223,4.0
-0.07478123,-0.11950958,0.10986406,1.6761478,0.8878368,-0.6037831,0.44249317,4.156463,1.0240673,0.5918421,1.8109922,-0.2965649,-0.0707973,1.8333901,1.0072849,0.7066532,0.565697,1.5216738,1.6200637,-0.20556802,0.7670925,1.1047645,1.185892,1.9182385,-0.19228125,2.0868127,0.507328,0.8146899,-0.6075135,-0.46331713,0.6595515,1.733538,223,1.0
-0.06980769,-0.1156843,0.090853296,1.6319095,0.8153361,-0.5957724,0.36835352,4.053526,0.97103906,0.8476606,1.6674812,-0.17305166,0.04714271,1.589481,1.0515592,0.5735438,0.7088921,1.4629543,1.3835953,-0.051928326,0.9268131,0.76987886,0.8937407,1.9061888,-0.3604363,1.5126309,0.50238,0.97085625,-0.82346934,-0.839983,0.73575664,1.5224991,223,3.0
0.004565917,0.026245182,0.60949486,0.83691716,-0.28858328,-0.5017762,-0.18012726,1.0564028,1.2387965,0.15730517,0.7674724,-0.63433176,0.44497585,1.5556792,0.20370018,0.66403615,0.38644886,0.13762051,-0.3651017,-0.76074654,0.50198114,-0.5477672,0.75517714,1.3481992,-0.8485492,0.4901999,-0.59605676,0.19235258,-1.5919743,-1.773289,0.16477807,0.77157533,223,4.0
-0.073427245,-0.13961352,0.07335346,1.9113213,0.9803203,-0.7493772,0.350244,4.7126884,1.1406263,1.2962434,1.8878057,-0.03358245,0.1659815,1.6557312,1.3123521,0.53577244,1.0028561,1.7146635,1.6318629,0.12118685,1.3506849,0.6360441,0.8354733,2.4996364,-0.628061,1.2661824,0.6180049,1.4779758,-1.2292075,-1.3564495,1.0773919,1.618468,223,2.0
-0.073887214,-0.13708685,0.049324498,1.8567907,0.97824985,-0.73938745,0.30806613,4.620776,1.1348932,1.5378652,1.8056155,0.0845655,0.25075206,1.4695666,1.3785411,0.43292087,1.147007,1.7034128,1.5449325,0.25780925,1.5333447,0.37823114,0.6630736,2.6152031,-0.7227412,0.8506654,0.63739234,1.7204815,-1.3519264,-1.6437051,1.2071149,1.4996891,223,3.0
-0.07334732,-0.13328277,0.09688032,1.8220755,0.94133097,-0.681826,0.4345807,4.542289,1.0864753,0.8036189,1.898163,-0.23378289,0.0034068637,1.8428254,1.1228557,0.6896094,0.70899105,1.6439066,1.6795329,-0.14344226,0.97179985,0.9850802,1.1739969,2.120532,-0.3481188,1.9779365,0.53948426,1.004188,-0.8027343,-0.71343523,0.7989813,1.7854435,223,1.0
0.010927994,0.03741958,0.6595456,0.8126706,-0.3730441,-0.4970762,-0.2147524,0.9030982,1.2713436,0.030507853,0.7026231,-0.7161387,0.46118516,1.6289724,0.12675273,0.7122577,0.32516876,0.08490813,-0.46662176,-0.8633741,0.4082708,-0.5565311,0.821957,1.2788504,-0.8712958,0.51400346,-0.6861736,0.06582299,-1.6087402,-1.7719306,0.078485385,0.74589133,223,4.0
-0.06322573,-0.11803147,0.16605061,1.8070343,0.79604816,-0.72176355,0.3294001,4.295533,1.192834,0.9663875,1.8186518,-0.24311799,0.110389635,1.8512448,1.1229444,0.646052,0.7890189,1.5826356,1.488599,-0.1356536,1.1090957,0.70389307,1.0339233,2.278151,-0.5695581,1.6491196,0.4746811,1.1094586,-1.1625841,-1.1388278,0.82294685,1.6341466,223,2.0
-0.0687785,-0.13198422,0.14002277,1.9380655,0.89250255,-0.7326032,0.41167042,4.6904583,1.1983726,0.8708262,1.9641623,-0.2857884,0.06410979,1.9826918,1.1456076,0.7297467,0.7512607,1.6893239,1.6564497,-0.17285086,1.045232,0.9394098,1.1498761,2.2189834,-0.4471528,1.9450827,0.50172263,1.0237963,-0.9846325,-0.90905565,0.845668,1.8401539,223,1.0
0.009937882,0.033982377,0.63755757,0.8276562,-0.3432512,-0.4978802,-0.19571668,0.97252035,1.2798296,0.08894431,0.7245967,-0.686329,0.44512674,1.5883654,0.15891463,0.68573856,0.34988147,0.07045924,-0.42988855,-0.823685,0.45631832,-0.5613497,0.78803474,1.3120944,-0.87521255,0.5198521,-0.6384378,0.099810526,-1.5775465,-1.7866067,0.11689441,0.7533007,223,4.0
0.010162145,0.034907445,0.6479598,0.8344625,-0.34812194,-0.5036806,-0.20446622,0.9595406,1.2854056,0.06374697,0.72253597,-0.7068854,0.45150942,1.6151359,0.14563346,0.70225155,0.3442881,0.088156655,-0.44039,-0.85033846,0.44258717,-0.5534355,0.81106013,1.3012971,-0.8751512,0.5407916,-0.66584796,0.094746575,-1.5986344,-1.7810528,0.090402395,0.75906473,223,4.0
0.0048207045,0.023529707,0.60958076,0.8988437,-0.25887334,-0.50908875,-0.16976535,1.1230857,1.2610743,0.11598033,0.7805427,-0.66991127,0.43332887,1.6249208,0.21305612,0.6885086,0.3819202,0.20576943,-0.2932132,-0.79276663,0.5022962,-0.44743884,0.81788987,1.3810117,-0.8596241,0.57544863,-0.58001864,0.15848023,-1.5560223,-1.7063527,0.13774706,0.81346565,223,4.0
-0.06978086,-0.1218795,0.13835,1.6961491,0.83418924,-0.63869965,0.42612213,4.2870393,1.0508974,0.57804435,1.740031,-0.33419007,-0.03051113,1.8587921,1.0131522,0.73617554,0.57683045,1.5471165,1.6486171,-0.23917532,0.82561666,1.0397856,1.247393,1.8611859,-0.29236025,2.0902996,0.45692137,0.75450283,-0.7370049,-0.5810145,0.65591055,1.8248029,223,1.0
-0.075458035,-0.14144246,0.050661243,1.9143511,0.9964103,-0.72438157,0.3451441,4.756389,1.1044002,1.3381262,1.8320789,0.021798916,0.18758698,1.5240545,1.3403668,0.47941718,1.0518793,1.7016257,1.6449172,0.1907986,1.4220171,0.5643349,0.7594335,2.4515965,-0.6393952,1.095748,0.6425069,1.5157502,-1.2812599,-1.4210314,1.0976486,1.5108575,223,3.0
-0.07633626,-0.14254653,0.039337642,1.877073,0.98619044,-0.7422838,0.3584552,4.796071,1.0842212,1.3646264,1.8451624,0.021716729,0.15534252,1.4910446,1.3483407,0.45468858,1.039776,1.7678653,1.663971,0.19224262,1.4429023,0.5784347,0.74092084,2.527257,-0.6325807,1.1539859,0.69648117,1.5433203,-1.2150152,-1.389316,1.0644674,1.5614079,223,2.0
-0.0713324,-0.12899818,0.06647609,1.8248761,0.9214294,-0.71134055,0.31587273,4.4116726,1.0759392,1.333289,1.7431304,0.011766747,0.2047971,1.4855607,1.265457,0.47261763,1.0390042,1.6352962,1.4698364,0.15491267,1.3469274,0.48150316,0.7358226,2.4076858,-0.6374339,1.0084913,0.5743189,1.4993727,-1.2211977,-1.4237796,1.0787886,1.4701566,223,3.0
0.012464669,0.039797455,0.65351033,0.7854675,-0.41218907,-0.4784432,-0.21477142,0.8606335,1.2661288,-0.0149129545,0.69038194,-0.73783016,0.44172576,1.6384766,0.10051707,0.7266424,0.2712311,0.056801073,-0.46324408,-0.88983274,0.36609268,-0.52105796,0.847367,1.2045776,-0.838682,0.5613871,-0.69479704,0.015443657,-1.5757833,-1.6962769,0.044236373,0.756084,223,4.0
-0.002071701,0.009920575,0.5560706,0.961196,-0.1616061,-0.5284707,-0.13239887,1.3595171,1.2525197,0.24825267,0.86364955,-0.5949476,0.41069588,1.6213847,0.313881,0.6541495,0.446566,0.32747585,-0.1499916,-0.6903737,0.59954876,-0.4067325,0.7699515,1.4933562,-0.85608244,0.5785252,-0.46605945,0.30220798,-1.5446411,-1.7097095,0.22898299,0.8664053,223,4.0
0.008390788,0.031935412,0.6392349,0.8241827,-0.34069377,-0.5025459,-0.20277044,0.96622133,1.2594621,0.07510244,0.7322867,-0.68723226,0.45375785,1.6201411,0.16020057,0.69531673,0.34711576,0.110770926,-0.40941435,-0.8266537,0.45403168,-0.53652227,0.8019601,1.3218875,-0.8694667,0.5074141,-0.6462982,0.11262824,-1.6135916,-1.7603992,0.1018682,0.7615419,223,4.0
-0.00094531476,0.012369516,0.56144506,0.94755536,-0.16520992,-0.5262408,-0.13672748,1.2826613,1.2420568,0.23477976,0.85105646,-0.5986283,0.41023913,1.5847358,0.30174544,0.65681946,0.441132,0.31388688,-0.17106466,-0.6967967,0.5976991,-0.41471687,0.77794063,1.4660542,-0.84797233,0.5795861,-0.48069412,0.28601483,-1.539498,-1.7126254,0.21136582,0.84796035,223,4.0
-0.066471614,-0.1107856,0.109029934,1.6262101,0.7900608,-0.59160715,0.38769877,3.9231608,0.94495344,0.70074123,1.6642249,-0.24199924,-0.0069732163,1.6836952,0.9770782,0.63076675,0.6060081,1.4603889,1.4234662,-0.16934207,0.7917177,0.8871086,1.0239832,1.7978398,-0.26974112,1.7788339,0.47377244,0.79447186,-0.72604495,-0.6084293,0.6755271,1.5816108,223,1.0
0.006939251,0.03617715,0.615607,0.7246188,-0.38947424,-0.45764384,-0.19352731,0.76855195,1.1789799,0.012340808,0.6720358,-0.67030376,0.41255596,1.538323,0.110481784,0.67689925,0.2844875,0.05278518,-0.42765018,-0.81237483,0.3585728,-0.5014122,0.77103865,1.1588016,-0.7874243,0.52003556,-0.6360916,0.043293882,-1.521124,-1.6158215,0.043284126,0.7282933,223,4.0
0.010589775,0.036081497,0.6523018,0.8294911,-0.36257696,-0.49889868,-0.20781255,0.91435623,1.279974,0.04759875,0.7312412,-0.71873385,0.45298448,1.6481968,0.13884112,0.7151696,0.32923496,0.08504276,-0.43379176,-0.86380637,0.42759123,-0.52846223,0.8339097,1.2910403,-0.8740476,0.53883046,-0.67442554,0.06732318,-1.6009684,-1.7504866,0.076441064,0.77143764,223,4.0
-0.07009211,-0.1345304,0.08060011,1.8438891,0.93073535,-0.7277304,0.33737355,4.5975747,1.1602187,1.2443519,1.7816485,-0.059363797,0.18367895,1.6393688,1.2450943,0.5323914,0.97103137,1.6433077,1.5312917,0.05819877,1.3199658,0.5535045,0.8516442,2.379219,-0.5767426,1.2905225,0.5510931,1.3894591,-1.1450732,-1.3465843,1.0395865,1.5976135,223,3.0
-0.07698889,-0.1471552,0.056073703,1.9762897,1.0065464,-0.75997996,0.35260433,4.784902,1.1489712,1.3981683,1.9076366,0.016597025,0.16427034,1.6321558,1.388449,0.49835092,1.0666113,1.7679777,1.7225816,0.18467271,1.4699501,0.6010329,0.7965769,2.6359928,-0.65074015,1.2439102,0.67827874,1.5985465,-1.2618461,-1.4490099,1.1122705,1.6227546,223,3.0
-0.074414864,-0.14167371,0.08322002,1.946902,0.9801359,-0.73205787,0.40810442,4.7330575,1.152224,1.0735002,1.9524648,-0.14792195,0.078950256,1.832139,1.2594125,0.63269746,0.86461353,1.7414979,1.7492563,-0.01132343,1.2103403,0.8779616,1.030436,2.3896139,-0.50879425,1.6978053,0.61671174,1.2634388,-1.0504851,-1.0692178,0.9528923,1.7796922,223,1.0
0.012830559,0.036852308,0.66199833,0.811347,-0.39505213,-0.48623207,-0.21180248,0.89746654,1.3099854,0.013904205,0.7197175,-0.7366137,0.44005442,1.660546,0.107715145,0.7262565,0.30049297,0.06896633,-0.4615658,-0.88560236,0.40342462,-0.5153243,0.8337914,1.2729223,-0.86229885,0.5944298,-0.690829,0.03663397,-1.5771981,-1.7224258,0.069967106,0.7784963,223,4.0
-0.0738509,-0.13890609,0.054517,1.8946278,0.98151535,-0.74020433,0.340603,4.739492,1.1218698,1.4070579,1.8569785,0.014471464,0.18549849,1.5393527,1.3279365,0.47590092,1.0745715,1.7652285,1.6105484,0.21366462,1.4812764,0.51110464,0.7423374,2.573197,-0.6735233,1.098965,0.6650336,1.5835471,-1.3006108,-1.4690272,1.1062721,1.5298766,223,2.0
-0.06435977,-0.114051834,0.15027452,1.7487351,0.78467953,-0.6417612,0.39600766,4.124822,1.063375,0.5966971,1.8000951,-0.36499223,-0.019153865,1.8910667,0.96836275,0.7231306,0.55775416,1.5400269,1.5205514,-0.2477098,0.8149302,1.0021472,1.1687218,1.9774204,-0.33957186,2.057347,0.44038185,0.80247927,-0.7742217,-0.6650606,0.6233256,1.719571,223,1.0
-0.07468,-0.13941814,0.04570145,1.8836203,0.9672915,-0.71800864,0.33433148,4.647153,1.0483148,1.3524702,1.7965028,0.054237492,0.1807267,1.47229,1.3232763,0.45066574,1.0519526,1.6500659,1.6295912,0.21230796,1.414657,0.5362779,0.6993421,2.4432425,-0.6494488,0.9956738,0.63433385,1.5261655,-1.2883455,-1.4493928,1.0777751,1.4415599,223,3.0
0.010951761,0.03526646,0.64832425,0.78387535,-0.3649238,-0.4835552,-0.2104882,0.84948516,1.2692002,0.059981503,0.7181221,-0.6936981,0.45236355,1.5769615,0.14311522,0.6902854,0.33596355,0.069031455,-0.44371766,-0.823648,0.4388797,-0.56072515,0.8034488,1.2937615,-0.87334204,0.5101176,-0.6610398,0.090978056,-1.5670946,-1.7475964,0.09466745,0.74305815,223,4.0
-0.07326893,-0.12760036,0.07296729,1.7806114,0.8954461,-0.68291694,0.32851583,4.31305,1.0608999,1.2392833,1.7185799,-0.019413158,0.16783647,1.501296,1.2193663,0.48602515,0.9625347,1.5881532,1.4722586,0.12078433,1.280595,0.5443423,0.750693,2.2876205,-0.59125763,1.0886075,0.5550413,1.3955623,-1.1611671,-1.315111,1.0168136,1.4748135,223,2.0
-0.06913182,-0.120591566,0.12349014,1.7088413,0.8457065,-0.6443169,0.37471983,4.1870966,1.0534226,0.8774151,1.7196403,-0.22397831,0.024555612,1.7636397,1.079575,0.64041066,0.7289202,1.5680282,1.4965335,-0.116312146,1.0221397,0.8304651,1.0008059,2.055577,-0.42097807,1.672132,0.5333369,1.0391837,-0.9059829,-0.8464049,0.7988292,1.6049136,223,1.0
-0.07395682,-0.14436226,0.07036945,1.9708867,0.96914524,-0.75716096,0.34937826,4.725736,1.1834965,1.3165416,1.9235195,-0.027264081,0.16623683,1.6893766,1.3499733,0.5330056,1.0269439,1.7541312,1.6967597,0.1254012,1.4073799,0.64000636,0.85001624,2.591707,-0.63078296,1.3316159,0.6372826,1.517595,-1.2395656,-1.418406,1.0773193,1.6523645,223,3.0
-0.07079775,-0.11787623,0.13105428,1.7316272,0.7989831,-0.63958836,0.4216089,4.137505,1.0227612,0.5947223,1.7281984,-0.32839957,-0.04351967,1.7747068,1.0111337,0.7133345,0.5344991,1.5246029,1.6733651,-0.2267428,0.7706202,1.038192,1.1859487,1.7641969,-0.28108498,2.0312302,0.46275404,0.7422432,-0.7188853,-0.5776884,0.6574524,1.7311279,223,1.0
0.008250546,0.031903952,0.6379214,0.82755786,-0.34622356,-0.48936978,-0.20326751,0.97753453,1.2652774,0.088013984,0.73073375,-0.67991835,0.46123627,1.6117464,0.17106566,0.68685,0.34253687,0.094586164,-0.4136143,-0.80159295,0.45753315,-0.57630324,0.8006832,1.3502668,-0.87027246,0.5045468,-0.64494675,0.11900903,-1.6033347,-1.7466682,0.12289211,0.7473497,223,4.0
-0.07375082,-0.14102066,0.058127634,1.9039326,0.98327786,-0.76315325,0.31008422,4.835039,1.1419103,1.5303074,1.8366132,0.06965249,0.25162104,1.4705005,1.3623722,0.4481831,1.1743896,1.71597,1.5280346,0.24082884,1.5809569,0.3735198,0.7169207,2.6522324,-0.70699054,0.9091765,0.61832196,1.7016624,-1.3650298,-1.6494063,1.1907008,1.5034494,223,2.0
0.010148291,0.035682224,0.65028954,0.81631976,-0.38330612,-0.4891479,-0.21107689,0.94932437,1.2797611,0.033825897,0.71820277,-0.7155911,0.45771617,1.6474715,0.13317768,0.70945305,0.31309748,0.07308489,-0.44737738,-0.8522175,0.4041196,-0.55480325,0.8187205,1.2787577,-0.8588938,0.5338596,-0.6826836,0.0728758,-1.609999,-1.7380857,0.08693631,0.75155646,223,4.0
-0.07149528,-0.13713078,0.09621214,1.9046341,0.9298725,-0.735971,0.3687816,4.68062,1.1614035,1.1550798,1.8726932,-0.11962378,0.11066288,1.7410203,1.2688445,0.58231914,0.90727884,1.708436,1.6684797,0.017501492,1.2743455,0.7401656,0.93441653,2.4138603,-0.5858305,1.5288577,0.5999811,1.334802,-1.1503539,-1.2270697,0.9557611,1.6739299,223,2.0
-0.07053876,-0.12785724,0.12032144,1.854553,0.8831114,-0.68761915,0.40881276,4.4909987,1.1082008,0.7986275,1.9021387,-0.28913394,0.014628977,1.8861209,1.0969622,0.69905186,0.6837037,1.6715311,1.640511,-0.14472634,0.9812785,0.9951508,1.1540287,2.1272354,-0.40032047,1.9542723,0.52925986,0.9940023,-0.89554614,-0.8173174,0.77044404,1.7460842,223,2.0
-0.057970043,-0.12001701,0.18328014,1.8639262,0.78553784,-0.7843655,0.24767777,4.3872685,1.2972609,1.247608,1.7949381,-0.13687316,0.2776764,1.7729077,1.2342234,0.5869191,1.0120637,1.5430183,1.3066459,-0.012055855,1.37256,0.37006563,0.8675832,2.540222,-0.79496104,1.1114701,0.42709514,1.4275585,-1.4991684,-1.7038004,1.0370631,1.5680257,223,3.0
0.011013191,0.03521385,0.6607242,0.8257153,-0.3691255,-0.50227755,-0.21232837,0.9271351,1.295922,0.04020693,0.7371914,-0.7241074,0.45886752,1.6753343,0.13816622,0.71980476,0.32820553,0.090951316,-0.4481718,-0.8660758,0.42859915,-0.5436021,0.82977074,1.3303559,-0.8865327,0.54389876,-0.6782684,0.07142283,-1.6169926,-1.7651647,0.08486371,0.7703332,223,4.0
-0.06408081,-0.11055757,0.15644309,1.7337432,0.79547167,-0.6619155,0.3664157,4.073847,1.0620468,0.7154075,1.8207235,-0.3118747,0.021961268,1.841296,0.987558,0.68201256,0.6311588,1.5429366,1.4222509,-0.21193069,0.87653434,0.9238434,1.1040914,1.9813906,-0.40575728,1.8493482,0.44710985,0.856614,-0.87658715,-0.8248996,0.68309635,1.6110656,223,1.0
-0.07127642,-0.13114195,0.077122964,1.7890918,0.90548784,-0.697588,0.3077103,4.466137,1.1327364,1.3425356,1.73224,0.0021791384,0.2243445,1.5594605,1.247838,0.4855694,1.0411303,1.6154344,1.3910075,0.12949577,1.3891599,0.41232172,0.7157796,2.424045,-0.6439854,0.9913452,0.5424925,1.491838,-1.2307818,-1.4892968,1.0625589,1.4900556,223,3.0
-0.066869415,-0.12758377,0.10124107,1.8217887,0.86027384,-0.7366782,0.26287302,4.470386,1.1377866,1.4262311,1.7242444,0.015125252,0.27618504,1.4643813,1.2638557,0.46159413,1.098145,1.5842942,1.3749202,0.16383107,1.5112367,0.27221563,0.71145433,2.5490015,-0.7250733,0.83694863,0.5235084,1.5750494,-1.3929104,-1.686974,1.112999,1.4396582,223,3.0
0.0112723,0.037836634,0.64846975,0.78629726,-0.38098118,-0.4789138,-0.20737237,0.8920046,1.281449,0.04122273,0.679021,-0.7050512,0.44653508,1.5876687,0.11776516,0.69567704,0.31085324,0.044899635,-0.46555936,-0.851998,0.41090977,-0.57183355,0.7918681,1.2454718,-0.8556408,0.5376297,-0.6727911,0.05877487,-1.5693976,-1.7446117,0.092002794,0.7409582,223,4.0
-0.07389425,-0.13628137,0.046678007,1.84731,0.95405257,-0.7159189,0.34072977,4.5325866,1.0722314,1.3717701,1.8128186,0.027667657,0.17979188,1.5026354,1.3028156,0.47315755,1.0366167,1.701628,1.5740862,0.18475679,1.3951567,0.54410446,0.73337936,2.4382083,-0.6297029,1.0794861,0.6281195,1.5216589,-1.1800367,-1.4028503,1.0872973,1.5189651,223,3.0
-0.07408658,-0.13266231,0.08351548,1.8097192,0.9267579,-0.6775817,0.3733812,4.4495673,1.0563495,1.0044572,1.8245747,-0.13602525,0.095731705,1.6377002,1.1792374,0.5797026,0.8107897,1.6455394,1.6293482,0.00044414774,1.0996065,0.8349233,0.9436054,2.1628435,-0.4532414,1.5450135,0.55429935,1.1544479,-0.9663599,-0.97794753,0.87855184,1.6217198,223,2.0
-0.07225348,-0.13463295,0.06868483,1.8545183,0.9508661,-0.72805744,0.30862647,4.6380677,1.1574799,1.400388,1.771953,0.031456202,0.24763234,1.5517325,1.2792294,0.46689355,1.0932897,1.6555516,1.4777349,0.14646211,1.4600681,0.4016074,0.6727067,2.5207138,-0.6636011,0.9686033,0.56253374,1.590078,-1.3157253,-1.5702941,1.1399031,1.5403253,223,3.0
-0.070837624,-0.12550324,0.14320117,1.8123215,0.866283,-0.66446185,0.44921714,4.306761,1.0715289,0.4961856,1.9166412,-0.3771068,-0.07647923,2.0158377,1.0161278,0.7818628,0.51998156,1.5980785,1.6794657,-0.31188235,0.7494615,1.1974843,1.3069156,1.9050941,-0.24248697,2.316136,0.48266995,0.68477035,-0.68092394,-0.45909226,0.6470641,1.8398229,223,1.0
-0.06921257,-0.13112953,0.12642935,1.8682058,0.8864255,-0.71471196,0.41000548,4.473932,1.1743166,0.8394022,1.9287313,-0.2719958,0.053925414,1.8987728,1.140249,0.70744646,0.72940814,1.6729164,1.6246754,-0.17936358,1.0234835,0.95258284,1.1631969,2.1313717,-0.4002926,1.9883603,0.4855945,0.98728746,-0.8928027,-0.85888284,0.7980909,1.8169081,223,1.0
-0.074895196,-0.12663795,0.06546344,1.7601374,0.9113195,-0.6633587,0.3397058,4.181764,1.0278695,1.1669028,1.7106253,-0.04157856,0.1335852,1.5216476,1.221511,0.49955863,0.90369993,1.5748065,1.4964017,0.121112525,1.264815,0.5308695,0.81473583,2.3308709,-0.5466029,1.2291662,0.58679783,1.3526044,-1.0764893,-1.2266167,1.0072756,1.523594,223,3.0
-0.07047202,-0.14163148,0.08257076,1.916558,0.9508302,-0.76012254,0.31696227,4.740562,1.1807116,1.3701941,1.8630075,-0.025962237,0.24041598,1.6844517,1.308915,0.5256976,1.0501118,1.7207409,1.5671244,0.109835654,1.4490483,0.507059,0.8010835,2.6023545,-0.68147224,1.1298482,0.57345474,1.5722716,-1.3310528,-1.515013,1.1368922,1.6097655,223,3.0
-0.07029478,-0.14013058,0.117945194,1.9425609,0.9457335,-0.7417919,0.4081965,4.7766705,1.1786608,0.96138775,1.9968543,-0.23783892,0.05141462,1.9518262,1.211313,0.6992232,0.7874691,1.7566288,1.7103267,-0.1123984,1.1289628,0.9638084,1.1478249,2.3321843,-0.49469048,1.8778402,0.5922271,1.1600676,-1.0469537,-0.9905118,0.90200007,1.809076,223,1.0
-0.071865365,-0.14193003,0.094739676,1.9392772,0.9561622,-0.74142104,0.4010468,4.773085,1.1569648,1.0638537,1.9770623,-0.17271289,0.06889069,1.8701717,1.2507014,0.64502954,0.8419783,1.7660695,1.7263992,-0.029213233,1.1967629,0.90385056,1.0403125,2.400621,-0.54316974,1.712434,0.6335512,1.2502502,-1.0940208,-1.0786728,0.94047433,1.7558337,223,2.0
-0.068378225,-0.13298813,0.15241611,1.6792843,0.86749095,-0.6482294,0.4303612,4.39098,1.0768929,0.61506605,1.841702,-0.34391394,-0.04711361,1.8972254,1.0388335,0.7604657,0.5894815,1.5755085,1.7220153,-0.25574633,0.8312516,1.0963979,1.3068349,1.9541435,-0.2925314,2.2300987,0.48385227,0.79788405,-0.71163976,-0.55433255,0.64067507,1.8098577,223,1.0
-0.06682239,-0.108192354,0.16406497,1.6865107,0.80655116,-0.62505734,0.4428497,4.052582,1.0666156,0.41288036,1.7706325,-0.41918534,-0.07622869,2.0193946,0.8981611,0.7936757,0.44456905,1.4844713,1.5889208,-0.36108214,0.65249485,1.1514786,1.3174398,1.7981389,-0.19499692,2.347926,0.38052973,0.5514344,-0.6235178,-0.34533,0.5621164,1.8312291,223,1.0
-0.07395081,-0.14381185,0.04810434,1.8828998,0.9856945,-0.73828083,0.3305548,4.664875,1.0945941,1.3937117,1.8687572,0.020238943,0.19608004,1.5048207,1.3401746,0.4782075,1.0385307,1.6922796,1.6285728,0.17442955,1.4196508,0.5725971,0.75897515,2.5143623,-0.64187497,1.1024165,0.6224195,1.5404803,-1.2241005,-1.3939475,1.1115717,1.5499525,223,3.0
-0.07415967,-0.13783158,0.06548494,1.9096416,0.96830076,-0.71706057,0.3365378,4.6750574,1.0930479,1.2899877,1.8026114,-0.0020800158,0.18930241,1.5513736,1.3121592,0.5003387,1.0129662,1.6651424,1.6336185,0.16608414,1.3870864,0.55109155,0.7749197,2.4374366,-0.6321125,1.1172769,0.61586267,1.4723573,-1.2761899,-1.4121234,1.0730768,1.4991567,223,2.0
-0.06881047,-0.12519681,0.13088863,1.8688756,0.8811123,-0.6862647,0.44000816,4.5038795,1.1218095,0.67307174,1.9116442,-0.34830743,-0.033297118,1.9671336,1.065616,0.74614596,0.6109869,1.6714618,1.7228997,-0.22797045,0.89671284,1.116672,1.2513759,2.0474706,-0.33972663,2.167845,0.51009893,0.8574975,-0.82328475,-0.6664409,0.7102634,1.8265985,223,1.0
-0.071596,-0.1296372,0.11993265,1.6758331,0.87617904,-0.6352613,0.42078152,4.31691,1.0168921,0.6887649,1.7645597,-0.2803359,-0.025289379,1.7956877,1.0409892,0.69898844,0.6352581,1.587221,1.670842,-0.1697577,0.916513,1.028132,1.1677595,1.9455268,-0.3179448,1.98058,0.5118542,0.8707401,-0.7423247,-0.6616374,0.68441707,1.7443621,223,1.0
0.010885447,0.03360708,0.6577667,0.8506933,-0.34193566,-0.5078241,-0.20876753,0.95321846,1.3102924,0.07193498,0.7549218,-0.71793556,0.46391845,1.6661875,0.16246131,0.71842015,0.34337088,0.11177482,-0.426362,-0.8565734,0.46143565,-0.54573673,0.8368968,1.3694918,-0.8968581,0.5459847,-0.66561747,0.10317287,-1.6286823,-1.7951552,0.11280429,0.784271,223,4.0
-0.061391503,-0.10668988,0.18124703,1.773047,0.768806,-0.67206484,0.36578125,4.061762,1.1463838,0.63312334,1.7513449,-0.35669646,0.03866137,1.9306712,0.97608584,0.7301114,0.6216855,1.4941043,1.4765395,-0.2560233,0.8928203,0.8753734,1.1680735,1.9781562,-0.43176833,1.9128637,0.38174033,0.8030448,-0.9638397,-0.8429965,0.6571005,1.7371093,223,1.0
0.011110593,0.03693097,0.66179395,0.80562484,-0.38380387,-0.4952126,-0.21643656,0.9066956,1.2821267,0.024940679,0.71805084,-0.7227405,0.4612195,1.6590334,0.13042451,0.7167156,0.31551495,0.07235176,-0.46787125,-0.8659955,0.40692502,-0.5624215,0.8207876,1.3012543,-0.8758961,0.5257651,-0.6882517,0.062189657,-1.6167064,-1.7645236,0.0818841,0.7541961,223,4.0
-0.06563402,-0.13575724,0.1121123,1.9121046,0.8972552,-0.773878,0.28060225,4.688096,1.2306107,1.4273012,1.9006183,-0.041070372,0.26924378,1.631305,1.3097612,0.5314933,1.0740578,1.6655812,1.456234,0.0968193,1.4822309,0.39495715,0.80981666,2.629268,-0.755904,1.0134135,0.5341842,1.5834204,-1.4245317,-1.6459627,1.1400721,1.5736091,223,3.0
-0.06699742,-0.12776291,0.11932291,1.8190591,0.8844892,-0.741315,0.29913738,4.534309,1.2092646,1.2440962,1.7967052,-0.08977992,0.22303234,1.7035351,1.2389168,0.5604375,0.9783497,1.6240392,1.4516655,0.016218241,1.3373877,0.4941961,0.86333716,2.4276319,-0.63266456,1.2499623,0.49099922,1.3918982,-1.2684517,-1.4420542,1.0187614,1.6185205,223,3.0
0.011183087,0.036469433,0.6554185,0.7887873,-0.39206493,-0.49321353,-0.21202224,0.9184762,1.285682,0.03533014,0.71189404,-0.71332693,0.44946867,1.6389192,0.12167449,0.7070139,0.31537464,0.050724372,-0.47019678,-0.8586108,0.40648836,-0.55891037,0.79951525,1.2769072,-0.86734664,0.5341581,-0.68232375,0.06248903,-1.5984014,-1.7578918,0.084777,0.7479804,223,4.0
-0.070711754,-0.13743131,0.11459217,1.9437258,0.9284786,-0.74229705,0.38220227,4.6535006,1.1927865,1.0533255,1.9404862,-0.1941731,0.07640229,1.8480694,1.2414713,0.64782906,0.8464955,1.742092,1.6991994,-0.042248044,1.1940376,0.836924,1.0526266,2.3952117,-0.54500186,1.7650962,0.57707065,1.2547703,-1.1263708,-1.1266943,0.9173841,1.744175,223,2.0
0.0077658407,0.029087674,0.63266444,0.86039305,-0.31881502,-0.5045164,-0.19512078,1.0184165,1.2719173,0.0864054,0.75830996,-0.6867043,0.44814473,1.6249646,0.17520729,0.69624203,0.3563155,0.11823847,-0.37383693,-0.82825565,0.47450474,-0.51698136,0.8135145,1.3469105,-0.8606915,0.54332256,-0.63975716,0.12711243,-1.6093148,-1.7463169,0.11200908,0.7808749,223,4.0
-0.06953194,-0.13238648,0.10745391,1.7914242,0.90227747,-0.7185265,0.30235216,4.515646,1.1401947,1.2417924,1.7881131,-0.064692184,0.1992149,1.6295987,1.2474444,0.5417884,0.9685339,1.5827413,1.4299544,0.05312643,1.357081,0.49599302,0.8378252,2.4622283,-0.6336309,1.162715,0.5168996,1.4388965,-1.2602019,-1.3855534,1.0460585,1.5937332,223,3.0
-0.07247484,-0.12895435,0.1074931,1.7693206,0.9314842,-0.68099296,0.39802495,4.554917,1.0858376,0.8844421,1.8461764,-0.18198848,0.05804817,1.7297777,1.1292763,0.6394314,0.7525263,1.6217793,1.6102846,-0.083955765,1.0577694,0.8504047,1.020735,2.1250648,-0.42689344,1.7330539,0.5501424,1.0531226,-0.91054744,-0.9091775,0.87828165,1.708626,223,1.0
0.008196037,0.028278437,0.63858306,0.8724168,-0.3056216,-0.50861365,-0.19872633,1.0366708,1.304985,0.13544244,0.7772663,-0.6806459,0.46557397,1.633604,0.20286337,0.69372576,0.37676054,0.14349785,-0.39164048,-0.80493075,0.50158775,-0.564051,0.80912596,1.415557,-0.8996461,0.51784873,-0.62024397,0.17120868,-1.6273903,-1.8175058,0.16387701,0.7872786,223,4.0
-0.0618772,-0.12450576,0.14935084,1.8506274,0.81593055,-0.74904245,0.25594816,4.4708934,1.214912,1.2886579,1.7540061,-0.09886636,0.26830623,1.6446629,1.2039257,0.56640637,1.0005556,1.5553905,1.3602178,0.008451235,1.4072499,0.3438795,0.8791156,2.4647033,-0.68210006,1.1092173,0.4314116,1.407529,-1.405236,-1.6043968,1.0398145,1.5470285,223,3.0
-0.072591886,-0.12908179,0.09723848,1.7956393,0.90594447,-0.65395415,0.40739155,4.356033,1.0605799,0.8298161,1.8429952,-0.21561068,0.03513518,1.7643424,1.0963792,0.6486176,0.7051831,1.6218274,1.6611185,-0.089806646,0.95370895,0.9459677,1.097042,2.0428493,-0.36074665,1.8555464,0.54769284,0.97099483,-0.8241456,-0.7949911,0.80077773,1.7187489,223,1.0
-0.06997396,-0.14142749,0.10972165,1.9705337,0.9558728,-0.77847254,0.39323226,4.911039,1.2172052,1.0902369,2.0031466,-0.19939107,0.082117826,1.8914552,1.263727,0.65365624,0.86039525,1.808029,1.7368143,-0.050471347,1.2338928,0.8914587,1.0746884,2.4194925,-0.5667612,1.7934371,0.59262466,1.2681552,-1.1707149,-1.1463529,0.93386,1.7563242,223,2.0
-0.0715083,-0.13957049,0.06753151,1.9001839,0.9678592,-0.7696189,0.2927103,4.67069,1.170705,1.5378284,1.8231429,0.07003463,0.26964816,1.5180894,1.391752,0.44111958,1.1548108,1.689416,1.5421321,0.23100215,1.5508355,0.35612097,0.6736727,2.6827798,-0.75364614,0.8512593,0.61314356,1.7282171,-1.3973235,-1.6953847,1.2133352,1.5073407,223,3.0
-0.07494873,-0.14476521,0.02961278,1.8875467,1.0216926,-0.742449,0.3620326,4.901169,1.0919538,1.4238706,1.8476089,0.05338233,0.18371974,1.4859895,1.3909239,0.45101294,1.0871372,1.7597557,1.7152156,0.21871674,1.512468,0.5432936,0.7160088,2.6011188,-0.62437093,1.1291162,0.69777846,1.6007588,-1.1939646,-1.4468004,1.1104795,1.5800486,223,3.0
0.013462719,0.040406585,0.66640157,0.7884541,-0.4135664,-0.48643205,-0.22037137,0.8938235,1.2904432,-0.0045672804,0.6910783,-0.73982537,0.45530027,1.6506972,0.10083704,0.73097867,0.2910778,0.067914195,-0.48798382,-0.8942494,0.3742171,-0.54875207,0.8445699,1.2344135,-0.8563374,0.5655089,-0.70535046,0.030513648,-1.5924081,-1.7392726,0.06659041,0.7620809,223,4.0
-0.07342623,-0.11806832,0.14541203,1.7964021,0.8633202,-0.6303356,0.47251403,4.2556953,1.0641541,0.40022615,1.8614268,-0.4037597,-0.079441205,2.0405102,0.9763065,0.79899704,0.48780137,1.5052179,1.6451986,-0.34864396,0.6378865,1.1982664,1.3123037,1.8264807,-0.17777564,2.3723948,0.43830618,0.58862525,-0.58847153,-0.3539617,0.58855844,1.8906294,223,1.0
-0.068659976,-0.12729205,0.097610824,1.7514974,0.86302286,-0.6921025,0.31634724,4.3452396,1.1494571,1.2092769,1.7354165,-0.049037725,0.1883209,1.5750779,1.2222955,0.5229107,0.9482815,1.5312915,1.4047613,0.07756038,1.2957387,0.4997899,0.80859643,2.3358228,-0.5874964,1.2131976,0.53032357,1.3528281,-1.1358051,-1.3410361,0.99661416,1.5166087,223,2.0
0.0102432445,0.03655927,0.6418858,0.81692773,-0.34424973,-0.48620504,-0.20079991,0.8987415,1.2623886,0.04799155,0.6972136,-0.7009682,0.43918732,1.5671222,0.13284557,0.69531953,0.3331461,0.065991975,-0.43794692,-0.8481613,0.43006557,-0.5462444,0.81587327,1.2535851,-0.8523096,0.5453055,-0.66193324,0.06767525,-1.5641578,-1.7442908,0.08506517,0.75129354,223,4.0
-0.073347256,-0.1289007,0.10699116,1.8269879,0.91215116,-0.68274504,0.40240455,4.3646255,1.0843947,0.91344875,1.8461412,-0.19067633,0.025633253,1.7715529,1.1518208,0.63310885,0.77063614,1.6330901,1.667649,-0.07309513,1.0708042,0.8848383,1.0484138,2.205439,-0.43100882,1.8011812,0.56779397,1.1008314,-0.94460106,-0.92411035,0.8474752,1.7032802,223,1.0
-0.071886756,-0.12647775,0.117763534,1.8257596,0.88826054,-0.66625905,0.40990594,4.336457,1.1103977,0.79252213,1.8851945,-0.27082652,0.018415313,1.8986782,1.1120763,0.6841485,0.6945687,1.5815841,1.6401099,-0.1576163,0.92921925,0.97987807,1.1100003,2.0570643,-0.38471052,1.8841925,0.5121596,0.9410491,-0.9392496,-0.77274346,0.75838774,1.7339122,223,1.0
0.0031649396,0.018914985,0.598931,0.9248705,-0.22729623,-0.5254991,-0.1646705,1.217255,1.274901,0.1965858,0.80641496,-0.6359736,0.44294345,1.5845385,0.2503443,0.6663914,0.42656386,0.24493034,-0.2898979,-0.75345474,0.5506561,-0.4910996,0.7819485,1.4282463,-0.87736064,0.5262621,-0.5450399,0.2414223,-1.5819682,-1.7940272,0.18805194,0.79817617,223,4.0
-0.06639843,-0.11879821,0.13808401,1.8253876,0.843008,-0.68896157,0.38620344,4.3114696,1.1261859,0.77664167,1.8281622,-0.28084695,0.050431047,1.8742625,1.063546,0.69546247,0.6957609,1.5977219,1.5854721,-0.16115497,1.0001749,0.9011383,1.1292834,2.0588145,-0.43032914,1.8478621,0.47413912,0.94124603,-0.947862,-0.898387,0.75792366,1.7285365,223,2.0
-0.069528766,-0.13185304,0.108416766,1.8327711,0.9237368,-0.69595426,0.41976452,4.6380177,1.1267207,0.8906018,1.9184827,-0.24316412,0.039552093,1.8617163,1.13673,0.6780573,0.7413043,1.701695,1.6351207,-0.10850492,1.0651531,0.9554018,1.103891,2.2017608,-0.43054882,1.8841791,0.5570925,1.063592,-0.9466437,-0.88650733,0.84694993,1.7805703,223,1.0
0.005512949,0.02008403,0.6106858,0.94082385,-0.24418014,-0.53789043,-0.17147067,1.2333018,1.3041265,0.18611844,0.82685095,-0.65786153,0.4480872,1.6378587,0.2524069,0.6871286,0.42467183,0.20197631,-0.28842065,-0.78306985,0.5751403,-0.4974692,0.80930585,1.4596146,-0.8861834,0.5620741,-0.5700847,0.22660857,-1.632071,-1.8158003,0.1864404,0.82888764,223,4.0
-0.07606586,-0.13786273,0.07083839,1.8638973,0.9828912,-0.71550065,0.34626973,4.652543,1.1424335,1.281115,1.8550752,-0.03172815,0.16465776,1.5455071,1.2968779,0.4972829,1.0145353,1.7100434,1.582128,0.17610809,1.3773203,0.56955415,0.78068566,2.4535148,-0.6459706,1.1441965,0.6343455,1.4827212,-1.2619358,-1.3843346,1.04906,1.5355121,223,3.0
-0.00012038648,0.014137034,0.5775725,0.9650107,-0.19210038,-0.5165218,-0.14564267,1.3137238,1.2645218,0.2414595,0.85349536,-0.6094089,0.43350616,1.6358193,0.3026531,0.6682278,0.4308436,0.2872671,-0.19374394,-0.7101528,0.5793772,-0.43658912,0.80255586,1.4899684,-0.8605763,0.5691901,-0.4990262,0.2704382,-1.5659889,-1.7251604,0.24287763,0.86105597,223,4.0
0.012050096,0.039807428,0.6520374,0.7867588,-0.37570736,-0.49024662,-0.21008769,0.8680724,1.2727678,0.040801615,0.69986546,-0.7144651,0.4505115,1.5935802,0.12248263,0.70371914,0.32079846,0.051372908,-0.477409,-0.8576647,0.41213802,-0.577801,0.81684333,1.2380972,-0.86930263,0.52612543,-0.67831236,0.053216558,-1.5830654,-1.7758988,0.07659886,0.7435842,223,4.0
-0.07117298,-0.13670515,0.057936996,1.8965609,0.97135377,-0.7663758,0.28887227,4.653282,1.1733203,1.6159502,1.8222696,0.100762375,0.2863549,1.4897685,1.4001575,0.4322353,1.202902,1.7037843,1.5066711,0.2755823,1.5944607,0.30896586,0.6407451,2.7009847,-0.78481615,0.7639276,0.62928575,1.7823608,-1.4269192,-1.7593169,1.2648189,1.4664406,223,3.0
-0.072302036,-0.12363264,0.08843765,1.688321,0.8575826,-0.64492935,0.36989066,4.2234173,0.9969992,0.93587416,1.7058411,-0.14176038,0.08457132,1.6271977,1.0869688,0.58162504,0.7788888,1.537535,1.5205084,-0.037361614,1.0530792,0.7560607,0.8894321,2.067129,-0.4433421,1.4569324,0.50790817,1.129375,-0.9233959,-0.9687291,0.85429037,1.5789255,223,1.0
-0.0744007,-0.12168428,0.106858,1.7412214,0.8738383,-0.6166927,0.4298936,4.272854,1.0527213,0.63524204,1.8432198,-0.29374608,-0.031978138,1.8713572,1.0464405,0.6864287,0.6239924,1.5332873,1.6237756,-0.18276644,0.84290445,1.0411214,1.1472842,1.9438614,-0.30229613,1.9957587,0.5171415,0.8472502,-0.80314404,-0.5910871,0.6825948,1.7502044,223,1.0
-0.06953273,-0.13379699,0.11167421,1.8735178,0.89924264,-0.73505884,0.34639576,4.5658636,1.1642853,1.1055802,1.8849989,-0.15177308,0.14552914,1.7383198,1.2155863,0.6154915,0.8747841,1.6857789,1.574815,-0.038320668,1.2170421,0.71977717,0.96655035,2.3340628,-0.5427942,1.5182052,0.5236335,1.2510233,-1.1196533,-1.1772571,0.9293705,1.6908305,223,2.0
0.009332266,0.03205993,0.6436527,0.8496788,-0.3238048,-0.5087194,-0.20269391,0.9808048,1.2874281,0.09109397,0.7465077,-0.6949818,0.45844558,1.6154329,0.17377523,0.69818944,0.35877997,0.11737767,-0.41242477,-0.83175915,0.47774753,-0.560662,0.8106516,1.3497442,-0.88331586,0.52701616,-0.648092,0.13081183,-1.6185406,-1.7990253,0.115781054,0.7694453,223,4.0
-0.06997053,-0.118059084,0.11644886,1.7052635,0.85826,-0.62122506,0.43071488,4.2768145,1.0478412,0.62579304,1.829637,-0.29188475,-0.03925412,1.8616264,1.0357326,0.6951488,0.60975474,1.5265007,1.6054552,-0.18460764,0.8528709,1.091144,1.1395419,1.9647603,-0.33019847,1.9877759,0.5265965,0.8116453,-0.7926052,-0.62270796,0.69575053,1.7299552,223,1.0
-0.068804026,-0.13607693,0.08758761,1.9025586,0.93805546,-0.7646579,0.27511677,4.7198744,1.2136338,1.5425904,1.8375379,0.039107136,0.30002263,1.5388101,1.3714454,0.45595792,1.1896937,1.6762215,1.4788649,0.22523755,1.6296833,0.2761167,0.6730256,2.7055907,-0.79416287,0.8410119,0.5855837,1.7194251,-1.5117366,-1.8121258,1.1886642,1.4890679,223,3.0
-0.06652407,-0.11511849,0.14382951,1.7478195,0.80146164,-0.6299762,0.41316333,4.1802793,1.0410571,0.5786112,1.7953682,-0.36292887,-0.030275444,1.9253685,0.959729,0.7371787,0.54901356,1.5627673,1.4910691,-0.25465035,0.7626685,1.0571691,1.2036184,1.9154543,-0.2744046,2.1118042,0.45156607,0.7528659,-0.72540873,-0.56025565,0.6478302,1.7262976,223,1.0
-0.07286224,-0.14212105,0.0827315,1.9900824,0.99212986,-0.7625761,0.3391553,4.905654,1.2114885,1.3752835,1.8860132,-0.02082071,0.19315945,1.586848,1.3650157,0.5125271,1.0601314,1.7235463,1.6601498,0.15544246,1.4128505,0.5596544,0.7947954,2.598937,-0.71030354,1.1954089,0.6239974,1.5258718,-1.3494676,-1.5178157,1.0893966,1.5416379,223,2.0
-0.05925943,-0.106036425,0.1852457,1.7101549,0.7201433,-0.6740454,0.31456548,4.0115123,1.1495968,0.7722502,1.7517983,-0.30218256,0.09132294,1.8424224,1.0182685,0.67177,0.67959934,1.4649147,1.3813405,-0.2152637,0.9532605,0.71025425,1.0737156,2.0862792,-0.49892145,1.7039881,0.39513862,0.9284736,-1.0534091,-0.986154,0.7111823,1.6085974,223,1.0
-0.07498733,-0.13244146,0.05765657,1.7831124,0.94013023,-0.6668119,0.37177292,4.492259,1.0498378,1.1089562,1.7864282,-0.076885305,0.10882433,1.5527499,1.2021483,0.53836834,0.87874776,1.6483665,1.5754807,0.08264583,1.2316782,0.72315496,0.8465622,2.2015612,-0.49089938,1.4031725,0.5958738,1.2804668,-1.0305579,-1.0917013,0.959447,1.5731014,223,2.0
-0.00027404353,0.015549925,0.57965165,0.913014,-0.21464986,-0.5110282,-0.15650645,1.2295645,1.2451552,0.21298105,0.822787,-0.6018601,0.4317031,1.6190485,0.27060053,0.6536243,0.41226023,0.26667672,-0.21831259,-0.70990974,0.5704734,-0.48465484,0.76956415,1.4842858,-0.85887814,0.52491206,-0.51253617,0.26193318,-1.5930574,-1.7195101,0.20550548,0.8230694,223,4.0
-0.07249234,-0.1386232,0.059803195,1.8599527,0.9667244,-0.73029655,0.36783248,4.7432127,1.0920023,1.231931,1.8740251,-0.050792344,0.13203457,1.6166137,1.2783079,0.5404747,0.9460167,1.7265939,1.6366161,0.10635778,1.3418111,0.6948303,0.8518331,2.4404364,-0.59843796,1.3196552,0.64581335,1.4080234,-1.1430953,-1.2521362,1.0172695,1.6194822,223,2.0
-0.073253796,-0.13629097,0.08735719,1.8632903,0.93067324,-0.7075186,0.37498885,4.5271335,1.0975786,1.0468572,1.8614109,-0.13684332,0.10384719,1.6856228,1.2111225,0.59523165,0.8354639,1.6916285,1.6450924,-0.010079041,1.1562827,0.81723136,0.95531833,2.2555828,-0.48101658,1.5783389,0.56161463,1.2061156,-1.0095544,-1.0227143,0.89893204,1.6699679,223,3.0
-0.0724282,-0.1205733,0.08647461,1.7247542,0.8595565,-0.645671,0.37468368,4.222967,1.0215012,0.8719549,1.7503647,-0.15831968,0.058231335,1.66858,1.1103244,0.5861911,0.75444365,1.5351995,1.5663017,-0.037320383,1.0359278,0.8044611,0.9500202,2.0830789,-0.4445242,1.5500734,0.5477844,1.0902545,-1.0001566,-0.92613524,0.8113666,1.5489326,223,2.0
-0.07106137,-0.13933718,0.090504855,1.8726089,0.9192702,-0.7222865,0.32899582,4.563014,1.1237439,1.2684976,1.804901,-0.054136947,0.1868569,1.6339762,1.2536182,0.5778824,0.9229858,1.6127797,1.6174966,0.043156978,1.3320518,0.6213579,0.89292336,2.3815718,-0.54671615,1.342062,0.52320445,1.3457866,-1.1598129,-1.3054923,1.0512036,1.6069996,223,3.0
-0.072819844,-0.14356235,0.098235086,1.9523733,0.98461485,-0.7553959,0.3884131,4.881988,1.1908519,1.1303842,1.9977226,-0.15610372,0.10376562,1.8312703,1.2755147,0.6279931,0.89901114,1.7971743,1.6949425,0.008745436,1.2670081,0.8225364,1.0193975,2.446577,-0.5692285,1.6104714,0.62490743,1.3452915,-1.1764764,-1.2003528,0.994585,1.7380435,223,2.0
-0.064899206,-0.12636161,0.15401453,1.8598216,0.8650632,-0.73159045,0.3871435,4.5304723,1.1974568,0.8141585,1.9360087,-0.3058552,0.042818036,1.9473972,1.1323047,0.71993846,0.72162324,1.6454695,1.6263398,-0.1992377,1.0318698,0.91033477,1.170577,2.2052658,-0.47348368,1.9635031,0.48147494,1.0091765,-1.0334778,-0.9708724,0.78179544,1.7785524,223,2.0
-0.07501586,-0.13871475,0.029647224,1.845078,0.9987125,-0.7340064,0.32691625,4.619384,1.0845497,1.5309243,1.8025454,0.103228755,0.2198214,1.4453665,1.3787757,0.4247877,1.1360804,1.7245489,1.5876101,0.28130066,1.5045418,0.45145208,0.64270717,2.578612,-0.6866818,0.90280795,0.6643072,1.6901858,-1.2634578,-1.5446929,1.1967144,1.4735867,223,3.0
-0.069646776,-0.13345318,0.13020402,1.8984967,0.89984435,-0.7071112,0.42543462,4.539365,1.1482906,0.7904236,1.9714298,-0.29718018,0.0067730173,2.0114028,1.1331376,0.7393627,0.67976445,1.6660188,1.6983702,-0.19900768,0.97614634,1.0515608,1.2055472,2.2054596,-0.40932873,2.0570445,0.54948604,0.96168935,-0.91870606,-0.7883466,0.7904424,1.8449976,223,1.0
-0.07466325,-0.13173874,0.08024468,1.8367754,0.90920997,-0.6794992,0.38818777,4.44795,1.0435456,0.9994633,1.819514,-0.10994809,0.05800027,1.6323087,1.2122165,0.5473951,0.8266673,1.6459736,1.7074596,0.03479812,1.1652377,0.7859602,0.8919157,2.2720747,-0.5064057,1.5588068,0.61506724,1.2325207,-1.025431,-1.0364044,0.8845297,1.6229353,223,2.0
-0.07057974,-0.11670588,0.11081351,1.6930019,0.84642524,-0.6196562,0.3979663,4.1488676,1.0245687,0.6987088,1.7480452,-0.24593696,0.0015856475,1.7539457,1.0381694,0.6424109,0.65323174,1.4876028,1.5863489,-0.1382377,0.8770771,0.93115205,1.0552499,1.9497923,-0.35970804,1.7791826,0.49267602,0.9113594,-0.8860996,-0.72364926,0.70891976,1.6002939,223,2.0
-0.07081133,-0.117137864,0.10191001,1.7048753,0.808033,-0.6082745,0.41847768,3.9270382,0.99325305,0.6606415,1.7456042,-0.26361924,-0.027223516,1.7051862,1.0038302,0.66275656,0.5864208,1.500425,1.5595461,-0.14683288,0.8033842,0.9765891,1.1188787,1.8016812,-0.27020293,1.9905161,0.48547882,0.79399836,-0.61147404,-0.6237489,0.6769901,1.6827431,223,1.0
0.010892209,0.03677296,0.65467405,0.815563,-0.38968915,-0.4886736,-0.21202213,0.897828,1.2755269,0.011229588,0.7169015,-0.72824514,0.45064837,1.6605463,0.1199041,0.71827304,0.29925048,0.06206298,-0.4482774,-0.8761913,0.39990452,-0.5334675,0.8314219,1.2742423,-0.8641764,0.54207444,-0.68195194,0.037353598,-1.5954695,-1.7157091,0.056280784,0.75457674,223,4.0
0.009481393,0.031075254,0.6400602,0.85197276,-0.3375001,-0.5090476,-0.19964758,0.96302223,1.2933003,0.071663074,0.7528247,-0.6977708,0.43643132,1.6374735,0.15599597,0.70284164,0.35444844,0.093006656,-0.39499158,-0.85201746,0.47055146,-0.5086549,0.80607134,1.3388718,-0.8661002,0.55813,-0.651814,0.102650076,-1.5918632,-1.7599157,0.09799595,0.7820392,223,4.0
-0.07309874,-0.136659,0.0494264,1.8671684,0.9696854,-0.73974305,0.30661732,4.594903,1.1187625,1.4970137,1.7993618,0.06710339,0.24174948,1.4584887,1.3440416,0.4379778,1.1159134,1.697313,1.540281,0.2353206,1.4980001,0.39254224,0.6793052,2.5626657,-0.7035929,0.86574024,0.62113035,1.6841168,-1.3187525,-1.5823244,1.181081,1.4769312,223,3.0
-0.07031505,-0.13587789,0.11380466,1.9019755,0.90864426,-0.72697395,0.38739187,4.539612,1.1925857,0.99257267,1.9158359,-0.21029708,0.099978045,1.8617735,1.2027452,0.6638863,0.8103846,1.7096825,1.6471521,-0.09365788,1.1484342,0.8576201,1.0780778,2.241488,-0.47640967,1.8079678,0.5263038,1.147408,-0.99759465,-1.0391083,0.8644121,1.7828089,223,2.0
0.0088495165,0.03503914,0.6398442,0.82254267,-0.3462343,-0.492757,-0.20166054,0.9333781,1.2599158,0.060513206,0.69944614,-0.69227535,0.44518244,1.5844182,0.14030144,0.69076765,0.33724028,0.08336839,-0.43564856,-0.83879673,0.43278316,-0.55301857,0.78993416,1.2736495,-0.8573118,0.5252625,-0.6561397,0.09229423,-1.5786309,-1.7517463,0.084920496,0.7398835,223,4.0
0.009422746,0.03365307,0.64797604,0.85333717,-0.34294832,-0.50045806,-0.2001768,0.9806862,1.2882936,0.0739877,0.74417853,-0.70649105,0.45390034,1.661071,0.16096711,0.7104244,0.34590966,0.108156025,-0.4122396,-0.8405358,0.44591329,-0.5291663,0.8325716,1.3286465,-0.8793854,0.54423755,-0.6554426,0.08905962,-1.6051104,-1.7542118,0.100474015,0.78312236,223,4.0
-0.071543306,-0.13812497,0.12104012,1.9195908,0.9476015,-0.7078722,0.45922825,4.631678,1.1557565,0.7436952,2.0447145,-0.3429901,-0.020358238,2.0320866,1.1084313,0.7932704,0.63534373,1.7242296,1.7314998,-0.24427606,0.90367013,1.177949,1.3295834,2.126193,-0.29224586,2.3011806,0.5346786,0.88264275,-0.7838396,-0.62301004,0.80520415,1.8961872,223,1.0
-0.07189101,-0.13720986,0.10100721,1.9009254,0.9423784,-0.73147714,0.37158182,4.66532,1.1644901,1.135034,1.8759654,-0.1228226,0.13167237,1.7675763,1.258169,0.59794295,0.9178591,1.6809518,1.6443313,0.0062096156,1.2384286,0.74586755,0.93063456,2.4063723,-0.5686317,1.5002582,0.5726647,1.3086005,-1.1480281,-1.2047893,0.99083394,1.684108,223,1.0
-0.07340786,-0.13222322,0.060494237,1.7956032,0.9334884,-0.68168074,0.35027292,4.4184117,1.0851822,1.2009866,1.7362297,-0.024925262,0.14674342,1.5128343,1.2349083,0.498997,0.9370479,1.5764617,1.5107217,0.10566299,1.2674831,0.55404806,0.8092356,2.317521,-0.51681304,1.2699628,0.58584726,1.3788182,-1.0207832,-1.223722,1.0207483,1.5343388,223,2.0
-0.0739201,-0.13276322,0.06609979,1.8027004,0.94503427,-0.7008948,0.3225393,4.551715,1.1172904,1.3392767,1.7452061,0.007966891,0.2113353,1.56075,1.2560716,0.4761655,1.0384655,1.6426365,1.4770563,0.13036728,1.3859112,0.45041767,0.7058479,2.4252012,-0.62212104,1.0256476,0.56338984,1.5084847,-1.2284292,-1.4530867,1.0814412,1.5193394,223,2.0
-0.074420854,-0.1430113,0.07443231,1.9380968,0.97337294,-0.73987335,0.38337103,4.7514935,1.1386847,1.2031177,1.9036604,-0.09150438,0.0983219,1.703148,1.306419,0.568214,0.9327306,1.7576246,1.744661,0.071544304,1.3134352,0.7601816,0.9168325,2.4745977,-0.5739174,1.5311211,0.6458629,1.3935012,-1.1486313,-1.2190815,0.99358386,1.6709944,223,2.0
-0.07218072,-0.14256664,0.0759465,1.937876,0.95270795,-0.7285032,0.3808004,4.737734,1.1123087,1.1475477,1.8733503,-0.08606916,0.10789177,1.6281426,1.301005,0.5484408,0.9302349,1.7198652,1.7332011,0.07916549,1.2701476,0.74987817,0.89032155,2.424637,-0.55083585,1.5048206,0.6268996,1.3668017,-1.1211319,-1.2371444,0.9665641,1.6235771,223,2.0
-0.071557134,-0.12996674,0.08661685,1.7751542,0.90142715,-0.68941,0.32428277,4.4201565,1.0677491,1.1689938,1.7500565,-0.06292989,0.1754689,1.5549543,1.2102128,0.52534425,0.92886496,1.5586061,1.4987924,0.05656525,1.2392925,0.60583645,0.82027495,2.3352826,-0.5598069,1.2213812,0.51261157,1.3315634,-1.1243834,-1.2700198,0.9904299,1.5573075,223,2.0
-0.0732853,-0.124146715,0.07031305,1.7165939,0.8689165,-0.64734656,0.33848348,4.259888,1.0087552,1.119697,1.6726781,-0.046117432,0.13348104,1.4726148,1.1380345,0.504663,0.86733615,1.5241041,1.4628894,0.06057984,1.1670104,0.59235793,0.736273,2.1654012,-0.5067816,1.2007848,0.53333396,1.265366,-1.0574638,-1.1667079,0.95275366,1.4766384,223,3.0
-0.07443255,-0.12093173,0.07343443,1.6887945,0.8372647,-0.6273148,0.37289742,4.1207595,0.9756434,0.9456639,1.6714292,-0.12170388,0.052572478,1.5290538,1.0884033,0.5547665,0.73337835,1.5078892,1.5149121,-0.0024639629,1.0104548,0.7215084,0.84710515,2.000611,-0.41970572,1.4598364,0.52852803,1.0865259,-0.9021348,-0.9173306,0.83891886,1.5198716,223,2.0
-0.06668962,-0.1362601,0.117780715,1.9408712,0.9019526,-0.76529056,0.3238227,4.6937776,1.2076563,1.2601534,1.8943307,-0.106297456,0.19455805,1.7665052,1.2696248,0.5868684,0.9718054,1.687933,1.5559628,0.026723739,1.3620298,0.57689524,0.9225136,2.5425382,-0.67838836,1.3082426,0.54859024,1.4217157,-1.2995346,-1.4313315,1.0344896,1.6432744,223,2.0
-0.07147048,-0.14276873,0.05967693,1.9128431,0.9889481,-0.7674753,0.30727172,4.7934556,1.1623255,1.5257802,1.9087486,0.047689147,0.24931417,1.5255389,1.3796724,0.46983203,1.1338514,1.7072264,1.570171,0.21289724,1.5470638,0.40994152,0.72764295,2.6688561,-0.7363673,0.9394082,0.625842,1.7026119,-1.3713979,-1.6080891,1.2034754,1.5339856,223,3.0
-0.07226923,-0.1261536,0.08873992,1.7418584,0.85904574,-0.663291,0.35399255,4.269087,1.0681496,1.0747353,1.7524856,-0.1043425,0.11726643,1.6314219,1.1554083,0.56351244,0.8557325,1.563899,1.4527111,0.011496481,1.1742843,0.64045316,0.8628013,2.1661935,-0.5162189,1.3520452,0.52814084,1.2402108,-1.0163002,-1.1391554,0.9060927,1.5580016,223,2.0
0.01269732,0.040309746,0.65828097,0.77016604,-0.39316195,-0.48938236,-0.21569571,0.8532269,1.2676728,0.014908133,0.6863902,-0.7198288,0.44715717,1.5941225,0.10287165,0.71138495,0.31276882,0.044113427,-0.49406117,-0.8741128,0.39464408,-0.5624863,0.8259366,1.2203367,-0.85533917,0.54179215,-0.6978547,0.042695884,-1.5823743,-1.7471523,0.061866455,0.74560446,223,4.0
-0.07497708,-0.14769965,0.038056806,1.9379096,1.0282545,-0.76542246,0.36578375,4.900998,1.1188626,1.4206263,1.9379469,0.023408756,0.17474194,1.5969081,1.3726089,0.49383056,1.0718325,1.8007678,1.7098007,0.194177,1.4939543,0.59959835,0.7764558,2.633255,-0.6622535,1.190453,0.6951759,1.5963565,-1.24683,-1.4364282,1.1293472,1.6063592,223,3.0
0.009566903,0.03428373,0.6426077,0.8102423,-0.3780154,-0.47983128,-0.20094547,0.88671327,1.2708784,0.036648467,0.71839464,-0.69970244,0.43024522,1.6200883,0.11861922,0.7000704,0.31471586,0.07064597,-0.43475926,-0.8498614,0.41098946,-0.50546116,0.78971404,1.2630632,-0.8382444,0.5563639,-0.66301376,0.058602225,-1.5585514,-1.6969224,0.07713142,0.7606978,223,4.0
-0.07176141,-0.12620156,0.11382903,1.7523658,0.87873155,-0.6616006,0.40806583,4.352695,1.0522217,0.7796162,1.8468497,-0.25051662,0.02135289,1.7891538,1.0851494,0.66511166,0.6812367,1.6002418,1.6348053,-0.14246176,0.91091084,0.9887371,1.1224213,1.9736768,-0.36614758,1.8762618,0.50729877,0.9233898,-0.8311928,-0.72452813,0.76219183,1.7293028,223,1.0
-0.06860349,-0.13346642,0.12732376,1.8963702,0.887893,-0.7369287,0.380123,4.5193706,1.204584,0.9636765,1.9159132,-0.23150668,0.1029557,1.8633147,1.1872761,0.68125063,0.796508,1.6933163,1.6198468,-0.12508774,1.1349163,0.86008984,1.1041671,2.2459958,-0.47264364,1.8275676,0.49799824,1.102521,-1.0062586,-1.0319567,0.84855247,1.7894255,223,1.0
-0.069614016,-0.1278177,0.14516158,1.9088593,0.90774786,-0.7012421,0.43974304,4.5200653,1.2080818,0.6982773,1.9644477,-0.35618588,0.0016749837,2.0726933,1.0890963,0.7944311,0.6239969,1.6577231,1.7147523,-0.25880674,0.9029742,1.1153524,1.2801365,2.1019547,-0.3424087,2.2277846,0.4819538,0.82493687,-0.86440265,-0.69490516,0.76508194,1.9047579,223,1.0
-0.06277031,-0.14208753,0.1290681,2.0701752,0.8980843,-0.8360108,0.29717022,4.8828664,1.3373088,1.4072529,1.988658,-0.09545474,0.2827892,1.8742955,1.3575097,0.6025881,1.0807586,1.7565308,1.5608394,0.055541355,1.5365587,0.47202134,0.944982,2.7380042,-0.76601386,1.2602199,0.52226263,1.6020949,-1.4701847,-1.7468301,1.1271214,1.7406938,223,3.0
-0.06467095,-0.13196489,0.12145174,1.911064,0.87417066,-0.76117826,0.28950664,4.615907,1.214867,1.3293884,1.8465557,-0.07487013,0.24641712,1.6883993,1.2704022,0.5507484,1.016525,1.6482056,1.4661555,0.055580843,1.4111067,0.44371173,0.8478054,2.5646365,-0.71804315,1.1150533,0.5144525,1.4822673,-1.3596569,-1.5562577,1.0673673,1.578518,223,3.0
0.012585413,0.037645616,0.658465,0.80771863,-0.38011166,-0.49775553,-0.20979735,0.9006119,1.3035493,0.04365726,0.7300836,-0.72635555,0.4501295,1.6460195,0.122683,0.7145718,0.32370186,0.06053683,-0.4662258,-0.87192756,0.4203606,-0.5479902,0.8203263,1.2857243,-0.88211966,0.5525166,-0.6798374,0.051324468,-1.5949261,-1.7794373,0.07491803,0.76203537,223,4.0
-0.072353445,-0.13209008,0.09558171,1.837773,0.89864177,-0.68307316,0.40400898,4.360751,1.0668004,0.8625782,1.8408066,-0.21302179,0.039127193,1.7413121,1.1213398,0.6489395,0.7213808,1.6633478,1.6587815,-0.09547961,1.0040543,0.95027596,1.04948,2.0839655,-0.37112406,1.8223768,0.54125726,1.0078907,-0.8374546,-0.8067488,0.78345764,1.7060716,223,1.0
-0.07362075,-0.14092529,0.06556309,1.9013581,0.9837194,-0.7558075,0.35150135,4.8671923,1.1527846,1.3521843,1.8546145,-0.006582342,0.17141663,1.5859541,1.3435248,0.5049027,1.0414798,1.7539983,1.6425824,0.15962923,1.4421008,0.59537756,0.791798,2.5571234,-0.6482413,1.2004836,0.6465267,1.5295444,-1.2268096,-1.4320716,1.0766267,1.5983465,223,2.0
-0.073565006,-0.12619118,0.0934758,1.7502213,0.8922798,-0.6656548,0.3653297,4.3512096,1.0541576,0.98755765,1.7691424,-0.13744316,0.10204844,1.6490538,1.1560175,0.5826725,0.8111088,1.5557766,1.5556164,-0.022217594,1.0959148,0.7704767,0.9194205,2.136204,-0.46125692,1.5028683,0.51005644,1.152869,-0.9815145,-1.0384581,0.8846266,1.6177484,223,1.0
-0.07210173,-0.14285544,0.0552278,1.87788,0.97815675,-0.74454254,0.33162513,4.7433534,1.1330276,1.3934073,1.8500607,0.028437607,0.19525303,1.548746,1.3540477,0.47513297,1.0722921,1.726378,1.6325146,0.18575065,1.453971,0.5395559,0.74466425,2.523111,-0.66658527,1.1317288,0.6272794,1.5685766,-1.2786406,-1.4525763,1.1119418,1.5588217,223,3.0
0.011309687,0.037359074,0.6628089,0.8203205,-0.3808049,-0.4928892,-0.21720439,0.8878058,1.2905582,0.022774668,0.7143962,-0.7317045,0.46329185,1.6614269,0.1292741,0.7207508,0.3140022,0.072602674,-0.4617244,-0.8760994,0.40765026,-0.5559474,0.8322594,1.3048556,-0.8802556,0.5298819,-0.6894125,0.054257307,-1.605843,-1.7541656,0.080149196,0.7537835,223,4.0
-0.06814327,-0.11590281,0.13237914,1.7537498,0.8219332,-0.631773,0.40574783,4.192683,1.0213822,0.65304,1.7827295,-0.31875718,-0.02151129,1.8593787,0.98577964,0.706512,0.5905333,1.563571,1.5154805,-0.21341771,0.814404,1.0141404,1.1643361,1.9240551,-0.2871836,1.9951305,0.48005104,0.80911803,-0.76498675,-0.6094634,0.6795584,1.6658552,223,1.0
-0.074902326,-0.13955478,0.060663134,1.8634797,0.9570188,-0.7110938,0.36484653,4.6172514,1.1117778,1.2044299,1.8328831,-0.05915305,0.14066944,1.6021647,1.2801752,0.5421052,0.9460653,1.6970949,1.6469616,0.107684776,1.3296508,0.6930071,0.8606635,2.3342564,-0.5638228,1.3490237,0.6077114,1.3907828,-1.1445843,-1.2230875,1.0208021,1.6059889,223,2.0
-0.07542603,-0.13973683,0.06820215,1.8918896,0.95714784,-0.7484007,0.34505424,4.750065,1.1233385,1.3412324,1.8583233,-0.015318666,0.16605748,1.5737375,1.3128648,0.4968825,1.0340003,1.7328235,1.5950984,0.1518922,1.4182194,0.58125097,0.7988903,2.509414,-0.6476207,1.1758783,0.64127076,1.5212104,-1.251373,-1.4186583,1.0648355,1.569473,223,2.0
-0.072469726,-0.14084443,0.061641462,1.8906744,0.9839833,-0.77834564,0.2838253,4.7721004,1.1531395,1.6208205,1.8157009,0.11014166,0.29282704,1.4179019,1.4006017,0.41244212,1.2263283,1.6967887,1.5214438,0.28728148,1.665221,0.23039383,0.6469927,2.767199,-0.76867044,0.74330914,0.62218225,1.8190836,-1.4311557,-1.7974074,1.2464753,1.4872977,223,3.0
-0.07368159,-0.12400833,0.080360025,1.7350538,0.8874271,-0.66135025,0.33980894,4.2821364,1.0444269,1.1506686,1.6693707,-0.081709795,0.104800716,1.4910476,1.1895385,0.50867814,0.9142391,1.5886399,1.4770758,0.08911027,1.2421036,0.60829717,0.7730535,2.2203777,-0.5668489,1.1866723,0.60591877,1.32211,-1.1047466,-1.1795713,0.9284415,1.4665763,223,2.0
-0.06886137,-0.13573535,0.116027735,1.880147,0.90290374,-0.76030296,0.3112773,4.566883,1.1964911,1.2653428,1.8412409,-0.08359154,0.21388689,1.7514541,1.2655447,0.57720023,0.96404296,1.6493914,1.5004354,0.011107091,1.3759739,0.54074746,0.89499253,2.4426236,-0.6476375,1.2938021,0.50591695,1.4095452,-1.2590514,-1.4459608,1.0238279,1.6368176,223,3.0
-0.07400969,-0.1326187,0.085358486,1.8333379,0.93310666,-0.68432885,0.40438646,4.5151653,1.0750189,0.9813483,1.8526703,-0.14497721,0.052961465,1.7401502,1.1967093,0.60590065,0.8107339,1.6569284,1.6622782,-0.004191648,1.1269789,0.8847592,0.9672222,2.2418702,-0.4721165,1.6364255,0.59997565,1.170461,-0.98529285,-0.9786277,0.8992167,1.6950192,223,2.0
0.012478273,0.040182937,0.66133064,0.78826135,-0.41233802,-0.4883149,-0.22088847,0.825119,1.2753979,-0.0042038765,0.688087,-0.7380744,0.4439407,1.622978,0.09074955,0.7216673,0.2995541,0.039492212,-0.48386484,-0.89818436,0.37578222,-0.5347861,0.83748525,1.2181774,-0.8532801,0.5582473,-0.7055647,0.017821647,-1.5726154,-1.718775,0.03595189,0.7509797,223,4.0
0.008300941,0.030716091,0.64274526,0.8484537,-0.32368135,-0.5078862,-0.1997227,1.0155722,1.2813402,0.08897051,0.7483152,-0.69372094,0.46074104,1.6563239,0.17638335,0.70074666,0.36049074,0.14098778,-0.40403888,-0.8214555,0.46719882,-0.5390557,0.8118747,1.366753,-0.8863305,0.52018344,-0.6392548,0.124493316,-1.6152229,-1.7751559,0.122602746,0.7743828,223,4.0
0.0005245842,0.0149426535,0.5746208,0.96359795,-0.16673169,-0.53700155,-0.14008984,1.379329,1.2476948,0.25551295,0.83782214,-0.6007069,0.43008944,1.5510553,0.29785752,0.65884805,0.46842414,0.2901079,-0.23282409,-0.7049763,0.5970252,-0.46214473,0.7929145,1.4359504,-0.87183505,0.54385334,-0.49056372,0.28768325,-1.5713661,-1.7942196,0.24125001,0.82813007,223,4.0
-0.0656839,-0.13036838,0.086562626,1.7664119,0.90037435,-0.73128223,0.25108153,4.5722675,1.1243572,1.5087291,1.7003568,0.08000193,0.31426838,1.3939694,1.2995352,0.43997294,1.1835331,1.5536984,1.3717339,0.20875543,1.6028285,0.1893995,0.6769328,2.597309,-0.7133391,0.7343871,0.49491358,1.6404415,-1.44157,-1.7465994,1.2085484,1.3988849,223,3.0
-0.06482724,-0.13260803,0.1368148,1.9479026,0.8550128,-0.7718914,0.2977133,4.5399103,1.2643908,1.235937,1.8773818,-0.12863924,0.2074522,1.8326669,1.2755947,0.58913285,0.95506227,1.6563666,1.5300957,0.019569527,1.3524239,0.54495597,0.9174564,2.530695,-0.71890485,1.3063077,0.5200197,1.4392557,-1.3539821,-1.5315404,0.9999804,1.6539385,223,2.0
-0.07089935,-0.12716663,0.12154584,1.8648893,0.88001394,-0.68582404,0.42386746,4.488412,1.1329242,0.7746692,1.9076802,-0.28828165,0.007243626,1.9108818,1.0982279,0.7138886,0.68413323,1.629369,1.6507239,-0.17639035,0.95045334,1.0136307,1.1623449,2.0730631,-0.38120204,1.9663854,0.50970644,0.9267764,-0.9023278,-0.77480465,0.76029855,1.7920362,223,2.0
-0.07174101,-0.11857174,0.11155792,1.7152059,0.83320844,-0.6402835,0.36507627,4.1637692,1.0369194,0.8995889,1.7162346,-0.1563354,0.0723867,1.6695906,1.105376,0.58459735,0.7572343,1.4834958,1.4919188,-0.046349343,1.015329,0.76858085,0.89991486,2.0768116,-0.46685994,1.4770259,0.50887704,1.0628941,-0.990259,-0.9641257,0.82026577,1.576627,223,1.0
-0.073360816,-0.13820438,0.06495567,1.9057567,0.9419486,-0.73263985,0.3457034,4.633694,1.07465,1.2662468,1.8406738,-0.006275438,0.16383478,1.5895858,1.2850167,0.5073347,0.9951625,1.6754277,1.618782,0.13708016,1.3675431,0.5883472,0.78769195,2.4344678,-0.60888195,1.166227,0.613455,1.4417133,-1.2448704,-1.4191118,1.0295426,1.5205948,223,2.0
-0.07117837,-0.13791229,0.06470849,1.8854847,0.94597656,-0.7475807,0.31966427,4.6762195,1.1499856,1.4034872,1.8257028,0.024052106,0.21501257,1.5227746,1.342648,0.45962635,1.0676705,1.7065213,1.5923781,0.18168658,1.4988976,0.4485016,0.72795534,2.562066,-0.7006742,1.0521111,0.6289187,1.59753,-1.306558,-1.5681797,1.0921303,1.5578785,223,3.0
-0.07249311,-0.13831222,0.0960837,1.7559975,0.9237725,-0.69522184,0.3785577,4.5836883,1.0751332,1.0196894,1.8534447,-0.1539163,0.07207762,1.6811823,1.1759844,0.6092576,0.80562896,1.6406895,1.6075454,-0.02856613,1.1505291,0.8052077,1.0146885,2.2689862,-0.47058174,1.6259743,0.5644267,1.1750576,-0.9845686,-0.99441093,0.8812307,1.6604397,223,2.0
0.013012376,0.03893179,0.6572309,0.75641984,-0.410047,-0.4775601,-0.21389171,0.8305174,1.2791215,0.0028064232,0.7048828,-0.72126603,0.4395009,1.6258501,0.103342384,0.71057665,0.29170054,0.046171963,-0.49122733,-0.86501205,0.38467467,-0.54544306,0.79739004,1.2311305,-0.85859674,0.54196215,-0.68878955,0.036306474,-1.5638059,-1.729255,0.07546981,0.75642025,223,4.0
-0.075368084,-0.14694902,0.03790448,1.9567789,1.0278138,-0.76625603,0.3488928,4.9149184,1.1431203,1.4772718,1.8754908,0.05363231,0.20742935,1.5042381,1.4173975,0.45424747,1.120116,1.7852583,1.7082146,0.23066741,1.5515984,0.51926416,0.7391172,2.6374438,-0.6743956,1.0715325,0.6926966,1.670155,-1.2774037,-1.5539249,1.1370757,1.5985115,223,3.0
-0.068276875,-0.11482699,0.10236612,1.6533506,0.8114812,-0.6167259,0.37263423,4.108702,0.9753648,0.81882805,1.6447331,-0.20687735,0.027078308,1.6052575,1.0452222,0.58487964,0.70899993,1.5187142,1.4491217,-0.0686317,0.9557528,0.8141962,0.9269296,1.971832,-0.39791855,1.5647959,0.5321874,0.97327805,-0.8692415,-0.8217214,0.731748,1.5371983,223,2.0
-0.061377306,-0.11999659,0.18632126,1.8940104,0.81495076,-0.73449063,0.37185094,4.367652,1.2456093,0.7931413,1.8872617,-0.34894526,0.07302977,2.0472236,1.0801958,0.75924623,0.70471746,1.6048883,1.539323,-0.25330806,1.0067276,0.88216054,1.196953,2.1800063,-0.48810574,1.9324144,0.4084369,0.9392222,-1.0629318,-1.0044216,0.77310014,1.8078611,223,1.0
-0.06667603,-0.12492424,0.13559699,1.8311033,0.85099185,-0.7067627,0.3873745,4.4638367,1.1183878,0.8427058,1.8681556,-0.2859372,0.025568996,1.8265609,1.1197641,0.6849982,0.7102308,1.6269499,1.6121774,-0.150459,1.0007362,0.9232565,1.100808,2.1657128,-0.46669903,1.8977553,0.51103413,1.01243,-0.99187,-0.93352383,0.75465083,1.6994085,223,2.0
-0.07580537,-0.13788657,0.061169907,1.8760228,0.99102294,-0.7337073,0.32024547,4.7002807,1.1473424,1.4425334,1.838924,0.02614139,0.21686545,1.4879042,1.3549556,0.45029843,1.1240411,1.7141339,1.5615729,0.24612182,1.5325823,0.43034685,0.68785954,2.5790975,-0.7288846,0.9442768,0.6479849,1.6385885,-1.3570677,-1.5825601,1.110283,1.4904821,223,2.0
-0.07029596,-0.14099209,0.08975171,1.944383,0.9485115,-0.7649998,0.35810828,4.815094,1.189719,1.2494754,1.9353065,-0.096917175,0.15356508,1.7606503,1.3029376,0.57895684,0.9551325,1.7518284,1.653348,0.064150214,1.3603513,0.6984685,0.92447615,2.5222535,-0.651036,1.4026889,0.616519,1.4236844,-1.2443657,-1.350313,1.0223868,1.6731195,223,3.0
-0.07397649,-0.14038567,0.10688646,1.9192253,0.968908,-0.7037768,0.46797064,4.7078996,1.1265672,0.7442017,2.0311587,-0.30799684,-0.04063672,2.009068,1.1458331,0.759149,0.65731573,1.746519,1.7865773,-0.1963272,0.93156654,1.1870167,1.2833588,2.1508656,-0.3109697,2.2396858,0.58199155,0.9335165,-0.80178154,-0.6368271,0.8081397,1.8940951,223,1.0
-0.06231868,-0.11383289,0.17690031,1.7749021,0.7812546,-0.67554015,0.3882435,4.206515,1.13649,0.58008033,1.8435069,-0.38983345,-0.0017794324,1.9995067,0.9784625,0.7602893,0.56057936,1.5439157,1.5194554,-0.3057962,0.842197,0.9844944,1.2395519,1.9926019,-0.35762256,2.1243973,0.4018569,0.7817757,-0.84603584,-0.69692457,0.6436593,1.7830752,223,1.0
-0.06772634,-0.11080648,0.09063732,1.5820733,0.7941233,-0.5763117,0.37801015,3.9112117,0.9213108,0.78044254,1.6161717,-0.18683311,0.021122929,1.567441,1.0048639,0.57698894,0.6555969,1.4261618,1.3839498,-0.1023867,0.8437877,0.79635435,0.9193553,1.7646794,-0.2900445,1.5860611,0.47467595,0.8582985,-0.7463687,-0.69178295,0.6924032,1.5104997,223,2.0
0.012383219,0.038241617,0.6568889,0.8016953,-0.41175216,-0.49586222,-0.21619284,0.9451643,1.2928898,0.016616294,0.715422,-0.728502,0.45651454,1.6686788,0.12145989,0.7204715,0.30307797,0.07228192,-0.4649524,-0.8741697,0.38723865,-0.55124414,0.8328158,1.2446042,-0.8662111,0.538799,-0.69378275,0.056989778,-1.6148866,-1.7601418,0.07725566,0.76655096,223,4.0
0.012494225,0.039686278,0.6490575,0.76904154,-0.39907715,-0.47911397,-0.21164104,0.83693254,1.2548403,0.011783017,0.6888053,-0.71514976,0.43993735,1.5937127,0.101473205,0.70863175,0.3034537,0.04665386,-0.4698813,-0.8658506,0.38613456,-0.53413224,0.83524793,1.1940502,-0.836436,0.53993225,-0.6908623,0.032022186,-1.5705006,-1.7025229,0.059090003,0.7528694,223,4.0
-0.06516975,-0.122311115,0.1508011,1.8475046,0.82971996,-0.69471496,0.37924042,4.3373346,1.1565728,0.78826493,1.8371631,-0.30898112,0.037654955,1.8947766,1.0844471,0.69788826,0.68829817,1.6269908,1.586569,-0.17567518,0.99360454,0.9095076,1.1332155,2.1521385,-0.47312886,1.9168397,0.4781433,0.9817905,-0.9965118,-0.92953074,0.7528224,1.7319902,223,1.0
-0.07137699,-0.13658483,0.10958125,1.9060533,0.9214281,-0.7184353,0.40525055,4.5806956,1.1116383,0.8837114,1.9304171,-0.22806874,0.04525978,1.8415916,1.1669052,0.6842338,0.75353044,1.692592,1.6710844,-0.1227545,1.073346,0.9401994,1.1118388,2.2333193,-0.43363273,1.8661894,0.5602076,1.0833887,-0.9220662,-0.8695628,0.84285444,1.7798252,223,1.0
-0.06898628,-0.12547007,0.1466035,1.861169,0.85081065,-0.69029313,0.40953675,4.453315,1.1153513,0.723323,1.8778374,-0.29557046,0.0031949077,1.9139577,1.1059071,0.68969524,0.65888995,1.6173043,1.7039506,-0.17438333,0.92999566,0.97742474,1.1524336,2.1305685,-0.44836143,1.9801544,0.50588626,0.9552117,-0.9842665,-0.859256,0.7604111,1.7565985,223,1.0
-0.07219906,-0.14334571,0.08610092,1.9568383,0.994937,-0.77366513,0.33781448,4.9581895,1.2248734,1.3740048,1.9529699,-0.045373254,0.21291856,1.6984227,1.3464136,0.53908026,1.0683432,1.771765,1.6203716,0.13753608,1.4586757,0.55527335,0.8368294,2.6354053,-0.6892958,1.2295939,0.6199775,1.5683928,-1.3752068,-1.5351005,1.1294764,1.6335388,223,3.0
-0.0732814,-0.1362376,0.085449725,1.8249385,0.93469447,-0.7082252,0.36599067,4.587619,1.0981382,1.1180843,1.8412611,-0.10575454,0.13675992,1.7041948,1.2159907,0.5751745,0.8953419,1.6761048,1.5976574,0.01852781,1.2262268,0.7119004,0.90869975,2.3412359,-0.5390747,1.4146289,0.55988264,1.3235788,-1.0950987,-1.1546583,0.97644717,1.6434826,223,2.0
-0.07540632,-0.14543585,0.0404279,1.9268439,1.0252299,-0.76219404,0.33265853,4.7793365,1.135664,1.5124255,1.8770369,0.07049333,0.22148472,1.5320561,1.4015954,0.4545015,1.1303498,1.7591848,1.6607,0.23816884,1.5190164,0.48873818,0.71041954,2.645636,-0.6980086,0.9947467,0.6646106,1.7019032,-1.3018832,-1.5541255,1.1951356,1.5546477,223,2.0
-0.07032726,-0.11630021,0.102677904,1.6042418,0.8320076,-0.61157113,0.3871211,4.1511197,0.9503683,0.7741107,1.641961,-0.19346085,0.035977766,1.6240121,1.0196967,0.6034137,0.6810614,1.5056558,1.4866459,-0.09362221,0.929716,0.8190302,0.96265614,1.9392349,-0.36528236,1.6222619,0.47804725,0.9271233,-0.7874559,-0.769438,0.7352732,1.5982581,223,1.0
-0.07123476,-0.13808401,0.080687225,1.8770483,0.9444526,-0.7465436,0.3240908,4.6353836,1.141294,1.3238454,1.8824967,-0.033730365,0.18998119,1.584037,1.2948503,0.5253359,1.0081717,1.6858122,1.5764804,0.09984782,1.3755344,0.5555342,0.80938804,2.4888816,-0.6468501,1.1630905,0.5892436,1.4922259,-1.2444651,-1.3875695,1.0672417,1.5878568,223,2.0
-0.07145458,-0.13283052,0.10442863,1.7409002,0.88750094,-0.68285924,0.36188182,4.472124,1.0638293,0.98152304,1.7693576,-0.16748667,0.090044886,1.6751343,1.1219054,0.61720496,0.80614954,1.6069549,1.5469071,-0.058023103,1.1460512,0.783485,0.9909492,2.1720035,-0.4757849,1.5482649,0.51679826,1.1378875,-0.97929764,-1.0401058,0.85970134,1.6337004,223,2.0
-0.070473276,-0.13540752,0.07499195,1.8204005,0.91716635,-0.72838503,0.28342515,4.431836,1.1296325,1.4058121,1.721421,0.034479074,0.2454309,1.5043973,1.3044637,0.47075692,1.0693783,1.5959133,1.4070624,0.15628748,1.4969097,0.35961786,0.71347815,2.5517824,-0.6834401,0.9483817,0.56132203,1.5721574,-1.2874953,-1.5457569,1.116595,1.4747691,223,3.0
-0.059760008,-0.12023887,0.14775866,1.7954339,0.75676244,-0.74771154,0.20463228,4.260624,1.2085755,1.4517821,1.7095749,-0.010066465,0.33703452,1.4658351,1.2468125,0.46192503,1.1215328,1.4698476,1.2142688,0.12258844,1.5436149,0.1270304,0.66164815,2.5830204,-0.82671255,0.69245654,0.4430287,1.60241,-1.5348119,-1.8800133,1.0999675,1.4109856,223,3.0
0.011129554,0.037921555,0.6486159,0.780232,-0.39142394,-0.49011293,-0.21433026,0.8776715,1.2606101,0.026122985,0.71499413,-0.7162447,0.455229,1.6263328,0.12895437,0.7075537,0.31714153,0.057862103,-0.4588688,-0.8483913,0.39720875,-0.5547483,0.821666,1.2515833,-0.86191684,0.51527804,-0.684365,0.058253918,-1.6005361,-1.7393883,0.07526336,0.7540233,223,4.0
0.012731139,0.03872606,0.6658721,0.80792755,-0.3973379,-0.49485576,-0.21833387,0.880214,1.2976748,0.0113908965,0.7120691,-0.7394597,0.45095974,1.6535007,0.108778045,0.72707707,0.30529267,0.05634381,-0.47758573,-0.8945066,0.39666778,-0.54437965,0.840854,1.2679738,-0.86868864,0.56799334,-0.7031749,0.037815318,-1.5996426,-1.7511501,0.05569888,0.7647936,223,4.0
-0.07318778,-0.1430292,0.08722749,1.9839516,0.9659545,-0.74032694,0.39071912,4.7484727,1.1486332,1.0998307,1.9156536,-0.1305966,0.09309496,1.7490062,1.2954051,0.59671295,0.89883286,1.7549373,1.7675751,0.02647743,1.2450202,0.8153381,0.98311466,2.4092875,-0.54179364,1.6506913,0.61539847,1.3370979,-1.1162397,-1.1878408,0.95886177,1.7056081,223,2.0
-0.07380896,-0.14278166,0.10405313,1.9051253,0.99615645,-0.736426,0.40631902,4.8607173,1.1805838,1.0220952,1.971187,-0.17745546,0.08164635,1.9128972,1.2365911,0.66463375,0.8411276,1.7360414,1.7289071,-0.068596154,1.1711079,0.8877855,1.0669757,2.3703113,-0.49206725,1.7733408,0.5856046,1.2062984,-1.0545064,-1.0121783,0.9600426,1.7962892,223,2.0
-0.06748516,-0.1332299,0.06865038,1.8240073,0.9025759,-0.7243568,0.2743193,4.467266,1.1164446,1.5026213,1.751769,0.043586947,0.28059995,1.449951,1.299091,0.44079962,1.0970919,1.583955,1.4080096,0.19863027,1.4748551,0.34100246,0.69419485,2.5903308,-0.7100893,0.83319944,0.54458517,1.6148417,-1.3239213,-1.5918741,1.1576531,1.470193,223,3.0
-0.07029371,-0.12988292,0.105369866,1.8440584,0.89199746,-0.7030446,0.36850667,4.3617024,1.1048061,1.0044852,1.8451935,-0.16507904,0.10449591,1.7655779,1.1827265,0.6126642,0.8255875,1.6296496,1.62929,-0.029479828,1.1423411,0.7827384,0.96655595,2.217654,-0.5130924,1.5423781,0.5489861,1.1643342,-1.1017119,-1.1002604,0.8769808,1.6174117,223,2.0
0.0016280822,0.018808113,0.58517873,0.88325393,-0.22814888,-0.5001214,-0.15192068,1.1244102,1.2420729,0.16598743,0.81343406,-0.6248144,0.40883258,1.603089,0.2410818,0.66230726,0.40059346,0.23747045,-0.23942667,-0.73580676,0.53431445,-0.43667006,0.77405643,1.41526,-0.8457835,0.5633412,-0.5198977,0.21338873,-1.5340968,-1.6733162,0.1682281,0.8127269,223,4.0
-0.07385393,-0.13065985,0.09032396,1.8009983,0.9208426,-0.69572216,0.35765964,4.461367,1.0802234,1.1129307,1.8226174,-0.118552074,0.09727578,1.6214741,1.2111824,0.5491146,0.88975364,1.6588147,1.5516596,0.06134182,1.2158681,0.72061557,0.882026,2.2861958,-0.56540036,1.3655111,0.61781204,1.3032452,-1.1224864,-1.162121,0.9322516,1.5454627,223,1.0
-0.07139363,-0.13940342,0.106863625,1.9336394,0.96147263,-0.7340754,0.4393277,4.8254843,1.1695968,0.90254456,2.0207071,-0.27071664,0.02018943,1.9465101,1.1871835,0.71095896,0.7529776,1.7981545,1.7729623,-0.11937404,1.0943618,1.0431739,1.1947429,2.265056,-0.43671948,2.0143712,0.58395296,1.1121973,-0.9778989,-0.89888084,0.8623761,1.8449074,223,1.0
-0.06366852,-0.11345278,0.13450669,1.7142057,0.79652303,-0.6370234,0.39574873,4.1402955,0.99523014,0.6848457,1.7344518,-0.30122507,-0.022240207,1.7980713,0.9978257,0.67837346,0.617673,1.5351092,1.5019449,-0.22239988,0.8259274,0.96292245,1.1206189,1.9198704,-0.3124025,1.9442643,0.49027926,0.80322826,-0.78819335,-0.6157567,0.6762895,1.665145,223,1.0
-0.06740388,-0.12336746,0.12669568,1.7780405,0.8959283,-0.68026346,0.4087417,4.4676723,1.1098857,0.7836482,1.9062744,-0.286069,0.018304866,1.8607901,1.0855252,0.69224656,0.6957706,1.6523979,1.5829972,-0.155094,0.9750227,1.0008968,1.1508743,2.0638356,-0.40045908,1.9556165,0.5060321,0.95253146,-0.89071363,-0.81104374,0.7554482,1.7412765,223,1.0
0.014217157,0.040373128,0.6740729,0.81600934,-0.41567054,-0.49315643,-0.22444272,0.89557385,1.3085265,-0.0077062566,0.7089016,-0.758149,0.4594457,1.6845555,0.10734354,0.74708295,0.2866348,0.0648025,-0.48409218,-0.9153891,0.38207012,-0.5451464,0.87208396,1.2675583,-0.8682681,0.58051866,-0.7166427,0.024353925,-1.6106864,-1.7515941,0.060521737,0.77882713,223,4.0
-0.0742338,-0.14666967,0.034004547,1.9444917,1.0341836,-0.7721199,0.34778333,4.94678,1.1302266,1.5056511,1.9225838,0.058576234,0.20916751,1.5269011,1.3942206,0.4693761,1.1306692,1.8146724,1.6569494,0.24881837,1.5744284,0.5052343,0.7361488,2.6704943,-0.70740575,1.0356193,0.69516504,1.6858708,-1.3216784,-1.5647737,1.1811078,1.5785825,223,3.0
-0.06465919,-0.12248719,0.16182543,1.8658912,0.83731866,-0.69513977,0.40488687,4.354029,1.1280451,0.6678302,1.8599052,-0.35662594,-0.006111527,1.9386574,1.0438675,0.7428447,0.6153513,1.6039128,1.644623,-0.24156201,0.87762374,1.0236623,1.228794,2.0547345,-0.40228766,2.111154,0.43289903,0.85475063,-0.89715225,-0.791214,0.69649464,1.7748505,223,1.0
-0.070173174,-0.1346677,0.1014491,1.8770611,0.9118368,-0.73215485,0.33022898,4.577637,1.1551814,1.1975089,1.8554405,-0.098417975,0.17893618,1.6899166,1.2444941,0.5689228,0.92884433,1.6669225,1.5540017,0.021921355,1.2823093,0.62536544,0.8840384,2.4032128,-0.5986923,1.3364189,0.53647774,1.35329,-1.1985664,-1.2959305,0.99091244,1.6277202,223,3.0
-0.07560396,-0.14178404,0.07123026,1.9459457,0.9662874,-0.74794686,0.37193114,4.7781057,1.1336774,1.2704389,1.8927188,-0.057676144,0.11463186,1.6429013,1.3368409,0.5421866,0.97609276,1.7471355,1.734702,0.10432853,1.3436284,0.7052916,0.8645008,2.4810715,-0.5946154,1.4332683,0.65110576,1.4517187,-1.1764067,-1.286451,1.0051453,1.6358355,223,3.0
0.0034399703,0.022904735,0.601142,0.86207604,-0.28004885,-0.50990057,-0.17306823,1.1057142,1.2502652,0.17724033,0.7730559,-0.6211167,0.43643838,1.5592272,0.21793982,0.6547127,0.41127264,0.14043325,-0.33119807,-0.75720304,0.52494824,-0.5150894,0.72985095,1.3731053,-0.8461317,0.48683947,-0.58015466,0.20486456,-1.5817628,-1.7811196,0.18160349,0.7813581,223,4.0
-0.07362684,-0.1423116,0.10117746,1.9303558,0.96818584,-0.72430986,0.41368803,4.75847,1.1676879,0.9998045,1.9883989,-0.20342416,0.049815867,1.8839986,1.2265787,0.6666806,0.8094098,1.7756953,1.7111375,-0.04650145,1.1379758,0.94432485,1.0892378,2.3347313,-0.4883069,1.7879127,0.62522906,1.2096483,-1.0567671,-0.995219,0.9437315,1.7590295,223,2.0
-0.07518081,-0.14589617,0.036830097,1.9292896,0.9875928,-0.7512222,0.33643264,4.7573586,1.1163119,1.4567542,1.8644061,0.066318266,0.21144065,1.5395832,1.3710344,0.46589535,1.1033686,1.7264175,1.6509445,0.221488,1.5231884,0.5206878,0.7221758,2.5526352,-0.67272186,1.0362208,0.6586427,1.6286191,-1.3248638,-1.5297358,1.1471816,1.5374066,223,3.0
0.008747827,0.03545367,0.6405495,0.7840491,-0.37772724,-0.47871196,-0.19654936,0.9023733,1.2556717,0.02149641,0.700399,-0.69958425,0.4297811,1.6218942,0.12177126,0.6996485,0.29919112,0.08966705,-0.44291425,-0.83579254,0.3930507,-0.52240115,0.77040136,1.2447398,-0.83988696,0.5602894,-0.6572692,0.06262395,-1.5522873,-1.70207,0.08096272,0.74847525,223,4.0
-0.06954047,-0.1107191,0.1592176,1.6987617,0.82463723,-0.60595906,0.47279337,4.0675225,1.0601735,0.33976346,1.8196505,-0.4464402,-0.11017826,2.0510411,0.9091781,0.81592655,0.4114858,1.5078794,1.6205535,-0.3829552,0.58635205,1.2620611,1.3561237,1.7409714,-0.12880516,2.4572637,0.40392306,0.49811098,-0.5669963,-0.2631107,0.5534826,1.8784419,223,1.0
-0.06892268,-0.13950591,0.122110575,1.9574095,0.9379446,-0.77212465,0.36583433,4.8794594,1.2426404,1.1828824,1.9772135,-0.17033137,0.15209728,1.8645407,1.2779536,0.63191044,0.93182665,1.7551281,1.648919,-0.01894145,1.304286,0.7355605,1.0009714,2.5198097,-0.62504417,1.571886,0.5714887,1.3577592,-1.2402873,-1.3097852,0.99849445,1.7489802,223,3.0
-0.06474389,-0.14255339,0.124087356,2.0422795,0.9102529,-0.82419086,0.29801142,4.9400277,1.2961493,1.4311258,2.0054684,-0.0757855,0.2694362,1.8658855,1.3556266,0.58416915,1.1124132,1.7535532,1.5366831,0.067445084,1.5377502,0.46290585,0.91194147,2.7044418,-0.7564033,1.2188662,0.5465473,1.5944916,-1.4674823,-1.7511153,1.1389648,1.7133877,223,3.0
-0.0778093,-0.13188389,0.047945112,1.8241876,0.9852048,-0.70435876,0.33073106,4.5498037,1.0883368,1.4054154,1.7167784,0.034656197,0.17654526,1.4271226,1.3159604,0.4385012,1.1000822,1.6995758,1.549674,0.24908403,1.4957285,0.43789506,0.65072894,2.5063956,-0.69549507,0.9020544,0.6571596,1.5985532,-1.2736461,-1.4705719,1.0842836,1.4543242,223,3.0
-0.07295286,-0.1416286,0.07467703,1.9217364,0.9798862,-0.7568842,0.33496818,4.736475,1.1515626,1.3479477,1.8600013,-0.017434526,0.19526346,1.6350893,1.330017,0.517365,1.034934,1.7135711,1.6337484,0.12602796,1.3909687,0.56193495,0.81955934,2.5405548,-0.65146095,1.1927289,0.5982441,1.5223933,-1.2556392,-1.4395186,1.0966585,1.6113183,223,3.0
-0.07237249,-0.12934206,0.11685628,1.8576449,0.9101611,-0.68829244,0.4091201,4.4938884,1.1084398,0.83312094,1.8663458,-0.22866261,0.041583035,1.8539857,1.1371155,0.67566836,0.7478503,1.6000398,1.6186998,-0.12971424,0.994727,0.94000584,1.0758605,2.1593983,-0.41288424,1.8248233,0.5250863,1.0068805,-0.9385767,-0.8640947,0.8249744,1.7517953,223,2.0
-0.074831404,-0.14345823,0.052677482,1.9366468,0.98391676,-0.73754984,0.33893374,4.7038445,1.0956974,1.3703862,1.8400899,0.02970232,0.21219793,1.5494207,1.351525,0.4837722,1.0654402,1.7006559,1.6784047,0.19727847,1.4658837,0.5353067,0.7558469,2.5169783,-0.6473704,1.061828,0.6394515,1.5463908,-1.2848043,-1.486133,1.1045495,1.5389031,223,3.0
0.009663381,0.036041304,0.6474725,0.79154676,-0.38302556,-0.4868365,-0.20372996,0.8858708,1.2622985,0.039439596,0.72439027,-0.704149,0.43838954,1.6446171,0.12390566,0.7037685,0.3142556,0.072726026,-0.44628304,-0.8458908,0.4049775,-0.52645874,0.801565,1.2662969,-0.8594134,0.53118676,-0.6620059,0.059190337,-1.5803872,-1.7157131,0.06707588,0.751666,223,4.0
-0.07202763,-0.13987707,0.091567434,1.9158398,0.9548395,-0.7365156,0.38106805,4.6735415,1.1720552,1.1078284,1.92621,-0.15576075,0.11920348,1.8197821,1.2324159,0.63134766,0.8728743,1.7293289,1.6760846,-0.035437338,1.2147969,0.7911067,1.0278295,2.347613,-0.50505036,1.670089,0.5654388,1.2590829,-1.0627111,-1.1136533,0.950743,1.7509136,223,3.0
-0.06776025,-0.12895693,0.129412,1.8690977,0.88013864,-0.7064734,0.40529194,4.52114,1.1231586,0.787046,1.9061989,-0.30586162,0.015831154,1.8823764,1.1046313,0.7100934,0.6881185,1.6827492,1.6671519,-0.16055301,0.9839255,0.9973731,1.1756719,2.1518276,-0.4245662,2.0051394,0.50407106,0.9987133,-0.93139565,-0.8625823,0.75957257,1.7543406,223,2.0
-0.07576358,-0.14909208,0.025871873,1.939544,1.045314,-0.77024376,0.355175,4.9196615,1.1107714,1.5069416,1.933388,0.069203906,0.19067526,1.54189,1.4055076,0.4641753,1.1274791,1.8088577,1.7074058,0.25776213,1.5550824,0.5388183,0.7204522,2.6789098,-0.6918736,1.0679039,0.7139128,1.6920669,-1.2799361,-1.513974,1.1809082,1.5682697,223,3.0
0.006442517,0.031944193,0.63233596,0.79379123,-0.32692304,-0.4882542,-0.20647573,0.9423634,1.2389965,0.09527361,0.71448016,-0.66160125,0.46511495,1.5736885,0.17369269,0.6701775,0.3587438,0.10255819,-0.42743903,-0.79352945,0.4482378,-0.587819,0.75915706,1.3238747,-0.8619055,0.43333378,-0.63543236,0.13860166,-1.6054482,-1.7782665,0.13799109,0.72134316,223,4.0
-0.07575928,-0.14717528,0.07435265,1.8737593,0.9959413,-0.7151063,0.4069554,4.808258,1.1110972,1.0779423,1.9113964,-0.13332593,0.06923966,1.7407447,1.2428033,0.61105466,0.8684921,1.7421727,1.749189,0.017557207,1.2255819,0.86419773,1.0329756,2.3488772,-0.48096856,1.6638128,0.6179785,1.2971283,-1.0206254,-1.0660608,0.93820256,1.720245,223,3.0
-0.07196783,-0.13202195,0.098819405,1.8468431,0.92097414,-0.72587395,0.3557915,4.5519257,1.1367534,1.1716367,1.8648037,-0.08808484,0.12927027,1.7028579,1.2477113,0.5657548,0.9177292,1.6536798,1.5896878,0.070532694,1.2553331,0.6984475,0.867111,2.4057677,-0.6015744,1.3662351,0.5900577,1.3503474,-1.1782907,-1.2585657,1.0082511,1.6181194,223,2.0
0.0031462498,0.020395357,0.5995843,0.884674,-0.25827572,-0.5102738,-0.17114362,1.1500273,1.2466756,0.15824789,0.79641986,-0.6335365,0.4387775,1.6111392,0.22718754,0.668903,0.3923254,0.20975928,-0.2787379,-0.75821453,0.52786285,-0.48246837,0.7854205,1.4130808,-0.85572547,0.5250126,-0.56057787,0.20890021,-1.5976192,-1.7314947,0.16355385,0.7989604,223,4.0
-0.072488055,-0.13370582,0.077585794,1.8636739,0.9399741,-0.7182951,0.34731755,4.6452947,1.0803732,1.1914642,1.8365862,-0.04936052,0.14356664,1.5877466,1.2591494,0.52125204,0.9666575,1.6469585,1.6016513,0.10664256,1.295952,0.6295588,0.8039303,2.3381207,-0.6167255,1.2208474,0.57875985,1.3981819,-1.211499,-1.3292831,0.9761002,1.5053222,223,3.0
-0.071299165,-0.12836833,0.081868656,1.8229048,0.8965016,-0.7048862,0.31358647,4.3624034,1.1093262,1.2872701,1.7257944,-0.019420732,0.2003696,1.5190748,1.2316834,0.48905745,0.999704,1.6055499,1.4581624,0.116885364,1.3342491,0.49405122,0.75804603,2.3580556,-0.63612324,1.0325882,0.5459019,1.4480933,-1.2356006,-1.4183704,1.0548457,1.4723479,223,3.0
-0.07169791,-0.13549472,0.1132932,1.8665113,0.93550515,-0.73434097,0.35321197,4.6737156,1.1464127,1.1111345,1.8599796,-0.12319967,0.15164265,1.7767433,1.2115355,0.60177016,0.9001044,1.6811689,1.5643753,-0.018194202,1.2385151,0.6943528,0.9759504,2.356791,-0.5554025,1.4490741,0.52221155,1.2708449,-1.1513952,-1.2251644,0.9717039,1.669819,223,2.0
-0.031285554,-0.055909567,0.34233397,1.3974589,0.31060007,-0.6283719,0.057589598,2.7915623,1.2186487,0.79192966,1.2998524,-0.32480714,0.3422163,1.5712587,0.75459385,0.57491845,0.7348165,0.91710776,0.5695434,-0.30846956,1.0041683,-0.047661237,0.7744681,1.9712491,-0.802141,0.7471861,0.01050723,0.88333964,-1.4778789,-1.7055017,0.61982906,1.1668398,223,4.0
-0.07770192,-0.14531505,0.05147984,1.8963519,1.0234462,-0.7333297,0.39266142,4.807614,1.0924238,1.2555677,1.9170998,-0.03688405,0.10621305,1.6212395,1.3239979,0.53158414,0.98174584,1.7787863,1.7426252,0.116881,1.370054,0.72555757,0.87088466,2.5078151,-0.5609933,1.4261185,0.6797766,1.4460512,-1.0955844,-1.2112051,1.0340923,1.6738139,223,3.0
-0.075402915,-0.1424923,0.053904533,1.887008,0.9997365,-0.7442035,0.37730476,4.7879043,1.0999135,1.2538136,1.8971621,-0.03334703,0.11713526,1.6219141,1.301001,0.51721084,0.9667686,1.7919943,1.7135429,0.13262819,1.3699001,0.6939172,0.83735824,2.4923096,-0.6145257,1.3216525,0.68165135,1.4381503,-1.217797,-1.2769636,1.048715,1.6142458,223,3.0
-0.061475247,-0.11836955,0.19473632,1.8838917,0.8086513,-0.7248502,0.37616315,4.372513,1.2609869,0.7194309,1.899609,-0.374137,0.06171898,2.0898259,1.0553346,0.7797635,0.65144295,1.5894686,1.5509214,-0.2766802,0.9718475,0.9338467,1.2445494,2.1528468,-0.46166357,2.0431716,0.39775965,0.879031,-1.0138066,-0.9303489,0.7522427,1.8453265,223,2.0
0.0010495596,0.016391302,0.5840174,0.9178689,-0.23294258,-0.5187442,-0.15687183,1.2084132,1.2545841,0.21412987,0.8186851,-0.60317814,0.4239893,1.5946577,0.25886908,0.6610153,0.42776537,0.22255543,-0.24778172,-0.729007,0.569306,-0.46195102,0.74014527,1.4398181,-0.8488618,0.5328752,-0.53616273,0.25814456,-1.5762113,-1.763687,0.20377123,0.82090366,223,4.0
0.012801502,0.038873978,0.66393477,0.7997839,-0.40164307,-0.49511966,-0.21641678,0.92290664,1.3005103,0.024886021,0.71464324,-0.7312567,0.4579337,1.6611476,0.1191331,0.72167975,0.30467373,0.06194949,-0.4837162,-0.87552625,0.4012975,-0.5685254,0.8288677,1.2725915,-0.87636,0.548616,-0.6962508,0.05337486,-1.6086998,-1.7738016,0.07744865,0.75848913,223,4.0
-0.06837346,-0.12031923,0.1677822,1.6523964,0.78812593,-0.6220751,0.40796983,4.121179,1.0538269,0.5393904,1.7367277,-0.36176547,-0.048691176,1.8422381,0.9820588,0.7490512,0.5393002,1.467283,1.6331348,-0.28910825,0.7619751,1.0291654,1.2877825,1.7962841,-0.26724255,2.1543095,0.43252838,0.6917656,-0.67295456,-0.5491056,0.5790253,1.7719293,223,1.0
-0.0009940229,0.010586757,0.5606202,0.9887962,-0.14485264,-0.5504596,-0.13126013,1.4729607,1.248265,0.31698972,0.8688888,-0.5732885,0.4363025,1.5447336,0.33864573,0.6470875,0.4979692,0.30675066,-0.1955018,-0.6702661,0.6398101,-0.47459674,0.7755745,1.4860266,-0.88007635,0.5246142,-0.45937508,0.3461299,-1.5826824,-1.8389698,0.2887701,0.8423241,223,4.0
0.0026227646,0.019049624,0.60154206,0.90602183,-0.2356891,-0.51603264,-0.1719816,1.2062591,1.272759,0.20123765,0.8212971,-0.6305742,0.45698616,1.6483268,0.26401037,0.6721611,0.41573983,0.2385859,-0.28256926,-0.73704165,0.55641866,-0.51930785,0.7932988,1.4913769,-0.88080686,0.51898426,-0.55030763,0.24696723,-1.6124152,-1.7698914,0.2217926,0.81932837,223,4.0
0.013629805,0.041666843,0.66613597,0.7789334,-0.40986893,-0.4832872,-0.2223135,0.8541895,1.2809438,-0.00437632,0.6792359,-0.73917073,0.4534897,1.6299509,0.10128148,0.7287582,0.29170185,0.052261777,-0.4926896,-0.8954841,0.37697005,-0.56013846,0.85248053,1.2255521,-0.85286593,0.5592534,-0.7087164,0.023537468,-1.5905969,-1.7319521,0.060095645,0.75791097,223,4.0
-0.045750704,-0.09224313,0.269265,1.761262,0.5993038,-0.7318177,0.22667098,3.8304975,1.293662,0.79269814,1.7089163,-0.3640062,0.22003661,1.9374712,0.9678873,0.712356,0.74024886,1.3764603,1.1381452,-0.28146255,1.0764894,0.47833958,1.0693426,2.1305978,-0.6714211,1.4656303,0.22745368,0.9335308,-1.3076521,-1.3943281,0.7308785,1.6087054,223,2.0
-0.06321992,-0.12197478,0.15749626,1.8445964,0.81384134,-0.7196406,0.33481926,4.3303266,1.1773472,0.93932945,1.8312179,-0.24104875,0.13043183,1.8222535,1.1065937,0.67045116,0.78680086,1.5823654,1.465639,-0.16370691,1.0963618,0.72766453,1.0553231,2.2090006,-0.5147807,1.6407064,0.4291544,1.0628382,-1.085097,-1.0999186,0.8323989,1.6905258,223,1.0
0.009584889,0.03312475,0.6448001,0.8030067,-0.35720137,-0.49722716,-0.20497671,0.93778443,1.2772782,0.070986286,0.7251687,-0.6892966,0.4479161,1.6082954,0.14701036,0.69196326,0.33951306,0.06471537,-0.44605613,-0.8331694,0.44641352,-0.5639314,0.77547145,1.3141838,-0.8653083,0.51798934,-0.65908,0.10449615,-1.6003718,-1.775452,0.110995084,0.74612755,223,4.0
-0.06917511,-0.12704776,0.082854696,1.7678546,0.885515,-0.70622087,0.30520764,4.449636,1.0962594,1.3156255,1.7339158,-0.0101384595,0.20395559,1.508515,1.2434062,0.47835305,1.0169466,1.6294904,1.4735633,0.14094615,1.3771373,0.44255048,0.71728295,2.4646153,-0.6480299,1.0625012,0.5851605,1.4746029,-1.2731972,-1.4503152,1.0349585,1.468763,223,3.0
0.013193626,0.03963867,0.67123,0.7917811,-0.4019794,-0.4974186,-0.22062954,0.8871001,1.3010173,0.02693068,0.72109747,-0.73187137,0.46314585,1.6706252,0.12225684,0.72531885,0.31048128,0.06920507,-0.49644655,-0.8745377,0.40279132,-0.5735447,0.8289371,1.2902294,-0.89012086,0.5344834,-0.69781697,0.05476709,-1.6183124,-1.7975297,0.08176296,0.7606774,223,4.0
-0.07292481,-0.13230269,0.08890925,1.8628184,0.92348284,-0.6943407,0.35189766,4.5739713,1.1075022,1.1033986,1.8248256,-0.10630483,0.13557477,1.6403844,1.2333606,0.5625118,0.8984017,1.6316904,1.5718458,0.054799337,1.2206948,0.6731622,0.8788561,2.2897778,-0.5540147,1.3671774,0.575266,1.2907847,-1.177075,-1.2157552,0.96384996,1.5530142,223,1.0
-0.07245976,-0.12999898,0.1064469,1.8609958,0.90770763,-0.7099778,0.3889097,4.5177255,1.1163849,0.9284658,1.8505021,-0.1924982,0.046094205,1.7834331,1.1841226,0.6238433,0.78506845,1.675323,1.6536672,-0.06846913,1.0745317,0.8813003,1.0209695,2.2312894,-0.48246878,1.7641108,0.5910964,1.118281,-1.0453813,-0.9808854,0.85124904,1.686905,223,1.0
-0.07436364,-0.13187014,0.06180621,1.8143029,0.92446405,-0.6801645,0.35553247,4.4392357,1.0399252,1.142161,1.7550988,-0.03915666,0.12948486,1.5322667,1.2297288,0.5095825,0.9152445,1.6169217,1.6056075,0.10940984,1.252988,0.6557264,0.79988235,2.2422903,-0.53926486,1.2486233,0.59311795,1.3291148,-1.1339774,-1.2105908,0.953849,1.4768759,223,1.0
-0.0663299,-0.13069168,0.16071081,1.9656484,0.8901973,-0.74054164,0.4118266,4.6228056,1.2050502,0.7598727,1.9387717,-0.34606495,0.020753346,2.0133345,1.1335354,0.75614977,0.69500804,1.6958852,1.712811,-0.22072624,0.9850433,1.0125554,1.2572747,2.1993935,-0.45801792,2.1246698,0.4703624,0.97469664,-1.007726,-0.9327456,0.77651256,1.8562684,223,1.0
0.012345169,0.0385925,0.6626557,0.80937976,-0.38689044,-0.4960545,-0.21566656,0.8840405,1.2929827,0.027623007,0.724791,-0.7320366,0.45499742,1.6504067,0.12458463,0.7214958,0.3166415,0.051033314,-0.47117835,-0.8811002,0.4073995,-0.5506233,0.8353943,1.2804737,-0.87873876,0.5444325,-0.6935183,0.044031817,-1.6009619,-1.7666725,0.069156244,0.76667726,223,4.0
-1.3943762e-05,0.014399846,0.5781029,0.936694,-0.2228227,-0.5099106,-0.14317185,1.2601095,1.2472366,0.21407776,0.83702123,-0.59808993,0.4193476,1.5890422,0.25565553,0.66325545,0.43403608,0.25266075,-0.23691437,-0.71642345,0.561796,-0.42355186,0.7423567,1.4304553,-0.8273319,0.5579306,-0.52409965,0.26158127,-1.5468086,-1.7240034,0.21512549,0.83383036,223,4.0
-0.073270485,-0.13569807,0.09705673,1.8493743,0.93486476,-0.70374316,0.4341998,4.602943,1.0784581,0.84384847,1.9341824,-0.23107556,-0.010992541,1.8591386,1.1561074,0.68043005,0.7051301,1.716389,1.7292453,-0.112842895,1.0113988,1.0529605,1.1383402,2.1859267,-0.38203573,1.9674149,0.59669507,1.0022978,-0.8907643,-0.76846826,0.82964605,1.755193,223,1.0
-0.0728555,-0.13977833,0.1021665,1.9647113,0.9582695,-0.7457767,0.40764672,4.7831016,1.173252,1.0338414,1.9365711,-0.19357713,0.05122825,1.8431475,1.2565383,0.6530708,0.8357542,1.7623131,1.7724531,-0.050945047,1.1759633,0.91381335,1.0714153,2.3566294,-0.5071417,1.8374119,0.59643865,1.2289163,-1.0884967,-1.0566375,0.915104,1.7634312,223,1.0
0.011241395,0.036171775,0.6617443,0.83183837,-0.35066897,-0.5023369,-0.214627,0.9227611,1.2966592,0.056612276,0.72114766,-0.7175135,0.46927536,1.6390524,0.15063119,0.7148229,0.3383928,0.09649466,-0.44850403,-0.85897285,0.44032016,-0.5725996,0.83329517,1.3396342,-0.89395624,0.51448864,-0.6754356,0.086538166,-1.6311171,-1.8081602,0.10531989,0.7649566,223,4.0
-0.070567295,-0.1109266,0.14818154,1.6728733,0.82446575,-0.59040254,0.47214264,4.0477176,1.0202074,0.31666434,1.8053325,-0.429067,-0.1160198,2.022406,0.9087067,0.8028439,0.41514742,1.4782319,1.6116456,-0.36579967,0.58301663,1.2667422,1.3436805,1.7119528,-0.11671324,2.4178066,0.4183894,0.51380885,-0.5312438,-0.24538177,0.54205775,1.8394371,223,1.0
-0.072942495,-0.12889688,0.10586099,1.7512524,0.8847695,-0.6797261,0.37396386,4.316225,1.0671688,0.99695504,1.7909704,-0.1557884,0.067827195,1.6545227,1.1539396,0.6017978,0.78562385,1.5779701,1.5487828,-0.032497328,1.1061838,0.7674219,1.0113859,2.1954477,-0.4558933,1.593924,0.54822,1.1047006,-0.93796515,-0.9801978,0.8488829,1.6403458,223,2.0
-0.07223891,-0.115399,0.123126894,1.7207439,0.8451679,-0.59982014,0.44272977,4.168969,1.045096,0.5376569,1.807078,-0.33932173,-0.06563614,1.9046266,0.99345154,0.719575,0.55332613,1.4881929,1.622944,-0.24498665,0.7369665,1.1108185,1.2014492,1.8375006,-0.24666554,2.1103275,0.47362956,0.7132063,-0.7234692,-0.48338678,0.61623394,1.7626103,223,1.0
-0.064890295,-0.13278112,0.14760496,1.9427158,0.88078773,-0.78556854,0.3056274,4.5812964,1.2698545,1.2046767,1.8774071,-0.1654152,0.21149907,1.857085,1.2341365,0.64381576,0.93485886,1.6281565,1.5260872,-0.08566557,1.3395203,0.5695973,1.025461,2.4822805,-0.635086,1.4745209,0.45254213,1.3090824,-1.3051115,-1.4225651,1.0020379,1.7182015,223,2.0
-0.07372851,-0.14216371,0.06637095,1.943296,0.9797827,-0.74231005,0.34894106,4.805959,1.1276284,1.2985065,1.8861133,-0.01682698,0.16175961,1.5815257,1.3381822,0.50834775,1.0231409,1.6873422,1.6653659,0.15117086,1.3712978,0.6284066,0.78248316,2.4689736,-0.655723,1.1805373,0.6281737,1.4908192,-1.294571,-1.4131896,1.0507997,1.5183656,223,3.0
-0.07303046,-0.13422823,0.086969696,1.8728372,0.9370529,-0.70587236,0.370388,4.6367965,1.1218369,1.0987492,1.8682802,-0.11592755,0.10968755,1.6620282,1.238659,0.57173705,0.890655,1.6417176,1.6269783,0.035264757,1.2056576,0.7539751,0.9145121,2.2959232,-0.5422043,1.4470412,0.577871,1.2695711,-1.1430506,-1.1694639,0.94095814,1.5874306,223,1.0
0.0077801384,0.033174817,0.63035506,0.7931573,-0.37636462,-0.47873715,-0.19492447,0.8724587,1.231304,0.03196144,0.71634376,-0.6844395,0.42174193,1.6067145,0.12331197,0.69046164,0.302719,0.0775778,-0.40915343,-0.8355633,0.40527382,-0.5003025,0.7862451,1.2593735,-0.82844704,0.5421349,-0.63584983,0.058351133,-1.561118,-1.6656362,0.050100572,0.74885714,223,4.0
-0.066914864,-0.13641162,0.10022107,1.9047153,0.91574,-0.7672358,0.28991455,4.687673,1.1999508,1.434196,1.890117,-0.021371417,0.2526533,1.607959,1.3142704,0.5162673,1.0755147,1.6732391,1.4925238,0.121543005,1.4861553,0.40739435,0.7911143,2.624698,-0.73831725,1.0119201,0.5579567,1.5917454,-1.3909943,-1.6033225,1.1362246,1.5522879,223,3.0
-0.06913328,-0.118457735,0.109102294,1.730932,0.83490837,-0.6442938,0.36992958,4.201857,1.0055604,0.85494024,1.7220399,-0.21761343,0.026907578,1.6775684,1.0733395,0.6020341,0.71888506,1.581392,1.5145605,-0.06872444,0.9997027,0.8471993,0.97857916,2.065953,-0.4293314,1.6039238,0.5624933,1.0468057,-0.94131213,-0.8660974,0.7767424,1.5468721,223,1.0
-0.0758498,-0.14426973,0.046299227,1.9117266,1.0049859,-0.7611572,0.33818942,4.863493,1.1237546,1.4880457,1.8568444,0.058126055,0.20341465,1.4990891,1.3767067,0.45456195,1.1200681,1.7561994,1.6331203,0.2410971,1.5431938,0.48119152,0.71981275,2.6375635,-0.6854555,1.0225834,0.6701675,1.6674759,-1.2842884,-1.5548241,1.1484337,1.5499315,223,3.0
-0.0017104633,0.006827701,0.55667037,1.0012918,-0.1520581,-0.5394139,-0.13569582,1.4431924,1.2664752,0.31839105,0.8978185,-0.5741869,0.43553644,1.5833559,0.34373352,0.6461998,0.48295522,0.29752526,-0.14588782,-0.68382,0.6620819,-0.46712267,0.76343304,1.5474046,-0.86069417,0.5286071,-0.46162528,0.3661451,-1.6178964,-1.8072076,0.2820207,0.87348175,223,4.0
-0.07260911,-0.13015954,0.11003728,1.8308328,0.8857444,-0.66993743,0.43293515,4.3345833,1.0691824,0.70225114,1.8723098,-0.28069404,-0.010039908,1.812471,1.0793089,0.70170546,0.64072365,1.6450484,1.6756464,-0.1693678,0.89232254,1.0780693,1.1799029,1.9768649,-0.2937002,2.0700777,0.5121532,0.84673226,-0.7319397,-0.64079493,0.71882844,1.777797,223,2.0
-0.06038028,-0.118116215,0.15933526,1.7851211,0.7829998,-0.7492489,0.2355279,4.281705,1.2113302,1.331295,1.7083699,-0.056313314,0.28684628,1.5550628,1.2041824,0.4984292,1.0514953,1.5102891,1.2829773,0.065848485,1.4266448,0.23216203,0.7637124,2.5315425,-0.7601379,0.9088533,0.4402794,1.5006934,-1.4349133,-1.7203933,1.0372756,1.4321656,223,3.0
0.01274899,0.039206304,0.66330624,0.8077613,-0.41117442,-0.48583978,-0.22131097,0.8889389,1.2891726,-0.014687974,0.69839615,-0.7453007,0.45473084,1.6579937,0.10301978,0.73135537,0.28668898,0.057390004,-0.46921563,-0.90235627,0.3734457,-0.5356537,0.85058725,1.2333547,-0.8526087,0.5550682,-0.71059144,0.029032953,-1.6016744,-1.7292587,0.05291045,0.75647455,223,4.0
-0.0726246,-0.14215687,0.09087652,1.9348621,0.96123356,-0.74209964,0.40283433,4.8338323,1.1899179,1.0977048,1.9582083,-0.17134832,0.09862903,1.8464534,1.2641509,0.6471411,0.8680908,1.7743422,1.7091858,-0.009049058,1.2521267,0.86782396,1.0316781,2.361648,-0.5270296,1.7013726,0.5874268,1.2720343,-1.0924127,-1.0901667,0.97229594,1.790282,223,1.0
-0.021623751,-0.038182944,0.4328369,1.3468645,0.17578888,-0.6232191,-0.013872758,2.532783,1.316047,0.6989861,1.2275139,-0.4239264,0.41742456,1.7066456,0.6614748,0.6260714,0.6897863,0.80768424,0.33291268,-0.45336583,0.9444355,-0.254437,0.8214755,1.9769391,-0.8642837,0.6905645,-0.16398583,0.7895165,-1.6095935,-1.8550373,0.59123003,1.1580045,223,4.0
-0.04574643,-0.0951726,0.25736728,1.7469738,0.6096764,-0.75781524,0.16918677,3.8723109,1.304618,1.0910501,1.6404268,-0.2296265,0.32366657,1.7881361,1.0642365,0.61372936,0.92576134,1.3202344,1.0341675,-0.17624843,1.2358987,0.1922107,0.8827733,2.3595016,-0.8111818,1.0328655,0.23723072,1.2033519,-1.5229436,-1.758541,0.895241,1.4740902,223,3.0
-0.07391863,-0.12957998,0.09388998,1.8393912,0.89702135,-0.68417346,0.39647374,4.4393687,1.0728354,0.95675683,1.8270319,-0.16237125,0.03397883,1.7008698,1.1937207,0.5836502,0.7923809,1.6517198,1.6775264,-0.032939747,1.0861602,0.84165204,0.959248,2.2643793,-0.46964264,1.6964102,0.611025,1.1336325,-1.0247135,-0.9554717,0.84868467,1.6529742,223,1.0
-0.023483643,-0.03600815,0.3983984,1.1377069,0.16676319,-0.5914042,-0.0063423216,2.2649128,1.1593769,0.7083839,1.1302272,-0.31496856,0.39791235,1.4075683,0.62859505,0.54795444,0.7102158,0.6972967,0.31431174,-0.338652,0.94109017,-0.2875576,0.67666537,1.8800874,-0.79434896,0.5230559,-0.14626826,0.8183877,-1.5128975,-1.778415,0.59710836,0.99453515,223,4.0
-0.06333195,-0.11216842,0.1644541,1.7465656,0.7687465,-0.654484,0.37384123,4.1127286,1.1143248,0.64310783,1.780974,-0.34548616,0.020072114,1.9006765,0.9888853,0.71077406,0.5974749,1.5370395,1.4842608,-0.23278673,0.8795887,0.9212862,1.1444385,2.0082266,-0.39617455,1.9569309,0.42709452,0.84163386,-0.88244677,-0.7744345,0.66966814,1.7028239,223,1.0
-0.07171964,-0.12613343,0.09300102,1.7539226,0.9055736,-0.66252416,0.40053123,4.415458,1.040292,0.8500282,1.8108809,-0.18652783,0.015850503,1.7392766,1.1136361,0.6232494,0.72158504,1.6266974,1.624863,-0.069950804,1.0241128,0.9465076,0.99911416,2.094474,-0.4339396,1.7171762,0.59079486,1.0428565,-0.91608703,-0.85091984,0.8095087,1.6450131,223,2.0
-0.07095569,-0.13931522,0.07625544,1.9065441,0.93930465,-0.7380599,0.34894735,4.697189,1.1491357,1.2682235,1.8486325,-0.069352105,0.1725426,1.6494383,1.299072,0.54404926,0.97845197,1.7135637,1.619385,0.0930434,1.3934078,0.620851,0.8616038,2.4492137,-0.60770583,1.3274965,0.58547145,1.4446065,-1.2053281,-1.3500156,1.044727,1.6362089,223,2.0
-0.07090185,-0.13215007,0.10114899,1.8712777,0.9443561,-0.72154963,0.37921253,4.685946,1.1424223,1.0483174,1.8950183,-0.15263054,0.09793411,1.7320304,1.2180616,0.60512257,0.8703031,1.6602744,1.6340227,-0.0017877184,1.1798258,0.796197,0.97127956,2.2783296,-0.5432227,1.555262,0.54566365,1.230327,-1.1068078,-1.1515125,0.9052392,1.6386312,223,2.0
0.008182712,0.030273788,0.63132906,0.84181136,-0.3211333,-0.49696603,-0.19237682,0.934657,1.2708111,0.08651889,0.751401,-0.6813461,0.43288362,1.6100948,0.16584647,0.6920686,0.35265136,0.120249346,-0.38839236,-0.81661063,0.47609162,-0.51232463,0.79038745,1.3392696,-0.8587246,0.5525698,-0.6330641,0.12175463,-1.5741981,-1.731255,0.10556975,0.773489,223,4.0
-0.045899853,-0.09431241,0.2750538,1.7372551,0.58198446,-0.72511244,0.21625197,3.757592,1.3129245,0.82292783,1.6732645,-0.3532901,0.21391384,1.9514341,0.98502696,0.69513357,0.7316905,1.3597103,1.1415927,-0.27845716,1.0701165,0.4633113,1.0353229,2.1788874,-0.7118295,1.4325647,0.23736614,0.9830412,-1.338395,-1.4241644,0.724084,1.5815887,223,1.0
-0.07681126,-0.14898893,0.0591766,1.9789613,1.0607511,-0.7559322,0.39299986,5.067606,1.159288,1.2677023,2.007617,-0.06110708,0.13670304,1.7337222,1.3310964,0.5636144,1.000337,1.8359143,1.7350948,0.113765806,1.3577563,0.7424781,0.91892403,2.540281,-0.57937586,1.4516729,0.6676483,1.4683218,-1.2124269,-1.2853956,1.1038816,1.7047844,223,3.0
-0.06942764,-0.12463246,0.112202585,1.8143078,0.8757638,-0.70153767,0.3665943,4.4098215,1.0826566,0.95062083,1.8271998,-0.17679104,0.09683202,1.765971,1.139436,0.62131584,0.8010818,1.6172861,1.571768,-0.057952408,1.113813,0.77551126,0.9920902,2.1817904,-0.49449286,1.5585384,0.53065324,1.144305,-1.0399809,-1.081764,0.8649792,1.6205087,223,3.0
-0.07207389,-0.1307665,0.084235266,1.8786148,0.89642304,-0.7307547,0.34887284,4.5398307,1.0952168,1.1605889,1.84365,-0.074948184,0.14652158,1.6808885,1.2328686,0.55774045,0.9160464,1.6412324,1.5784848,0.05068935,1.2767538,0.6640156,0.8792317,2.373944,-0.57192737,1.3353802,0.5940983,1.3247868,-1.1820651,-1.2869146,0.97925395,1.5699235,223,3.0
0.0067825094,0.03460575,0.6232119,0.78420395,-0.34736675,-0.47269863,-0.19086727,0.8407724,1.2124237,0.044005238,0.6860347,-0.6697327,0.42524037,1.5343394,0.13132465,0.67852044,0.33068413,0.10097847,-0.43334514,-0.79858935,0.41624594,-0.5257928,0.74146587,1.224887,-0.81648284,0.5256354,-0.642469,0.0958356,-1.5097752,-1.6872026,0.0946683,0.7384993,223,4.0
-0.07686578,-0.14326116,0.03905946,1.8445373,1.0194525,-0.7184071,0.3864028,4.777165,1.0519077,1.2709886,1.8871003,-0.012675956,0.1205277,1.5459108,1.3187268,0.51058507,0.99471444,1.7555369,1.7137563,0.14129332,1.3996449,0.67171586,0.852627,2.4789944,-0.5379527,1.3558012,0.6664743,1.459362,-1.0706792,-1.2074878,1.0482296,1.6556993,223,3.0
-0.06857799,-0.1299347,0.13586019,1.8961492,0.8993366,-0.7359572,0.3901094,4.6275153,1.1471092,0.859031,1.9371345,-0.27520278,0.03396858,1.8869729,1.133906,0.6946329,0.7409724,1.7061665,1.6501945,-0.1433128,1.0341772,0.97352505,1.1414582,2.1973886,-0.470972,1.9330204,0.5270152,1.0514604,-1.0461338,-0.9578982,0.8092782,1.7022321,223,1.0
-0.062456794,-0.12616932,0.16673315,1.9446983,0.874131,-0.76971745,0.3545841,4.5972886,1.2906816,0.94137824,1.9191217,-0.2797004,0.13537358,2.0332487,1.1712371,0.726984,0.81476647,1.6360185,1.5638129,-0.18671331,1.152047,0.78460544,1.151407,2.3497329,-0.56168914,1.8075118,0.43757185,1.0985318,-1.1728442,-1.1693001,0.8830216,1.8313788,223,2.0
-0.06989499,-0.1201424,0.13206497,1.6851469,0.80285287,-0.6378924,0.39862633,4.1427116,1.0416665,0.6545186,1.6892576,-0.2892281,0.008857833,1.7659413,1.022603,0.69082296,0.6099222,1.5146297,1.5870551,-0.19677219,0.8950783,0.94094783,1.128211,1.8729906,-0.3451249,1.8833945,0.45085698,0.825351,-0.7989793,-0.7311236,0.67969996,1.7404213,223,1.0
0.004308272,0.023700848,0.61645305,0.86400706,-0.26847732,-0.5050107,-0.1800502,1.0885481,1.2655596,0.15931493,0.7823407,-0.64518166,0.4510305,1.6258526,0.2238783,0.6732733,0.39418936,0.2146037,-0.34135735,-0.7543784,0.5218939,-0.5272716,0.7807582,1.4275075,-0.87916434,0.50714755,-0.572796,0.20343374,-1.5911146,-1.7553077,0.18742499,0.7845237,223,4.0
-0.07065973,-0.13610531,0.09751257,1.8995974,0.9395616,-0.75243556,0.3307425,4.64358,1.1829526,1.3025297,1.8542285,-0.0507833,0.1933371,1.6735653,1.3091513,0.5381206,1.018839,1.6783527,1.5759048,0.09365444,1.3720989,0.573888,0.82904565,2.543539,-0.66654915,1.226966,0.5849218,1.4907591,-1.2815344,-1.4462632,1.0781208,1.6151898,223,2.0
-0.06563552,-0.12993698,0.12978065,1.8914976,0.8639608,-0.74256605,0.33480766,4.509202,1.1981713,1.0902232,1.8664608,-0.17976426,0.16646376,1.8207334,1.1886809,0.63167334,0.8782303,1.6611233,1.518652,-0.08016115,1.2211864,0.66399235,0.9829292,2.337112,-0.56546503,1.5296336,0.48385268,1.2407563,-1.1395078,-1.2451972,0.9236896,1.696495,223,2.0
-0.075891405,-0.14320658,0.0571895,1.9109508,0.99855274,-0.7513679,0.3819321,4.8960743,1.1184195,1.2574817,1.8989061,-0.051348392,0.12184964,1.6516567,1.3171139,0.5282103,0.9701851,1.7973472,1.7042617,0.10759351,1.359399,0.7167248,0.8697916,2.4934294,-0.584246,1.398586,0.6733395,1.436412,-1.1739373,-1.257565,1.0360587,1.6397481,223,2.0
-0.07148061,-0.12506498,0.091224596,1.751528,0.85900444,-0.64846736,0.3834526,4.3331165,1.012227,0.8667757,1.7627925,-0.20767462,0.028115772,1.6440732,1.0977244,0.59425104,0.7349919,1.6454064,1.5725268,-0.019400459,1.0361267,0.8687408,0.9649898,2.162758,-0.4540038,1.625,0.5958733,1.0961757,-0.93121165,-0.912995,0.77516276,1.5861112,223,3.0
-0.01817422,-0.029518345,0.45327085,1.2690036,0.1255523,-0.61534834,-0.020217814,2.3107884,1.293097,0.5582737,1.1693008,-0.47216928,0.38364714,1.7148285,0.6062638,0.6531646,0.6244541,0.68601924,0.32283786,-0.50659114,0.83993495,-0.17608595,0.85253364,1.8302078,-0.8371615,0.8082035,-0.21248439,0.6084487,-1.5358467,-1.7052461,0.482126,1.1352262,223,4.0
0.005535137,0.032230686,0.6238067,0.7581866,-0.35279617,-0.48140693,-0.18996337,0.9532515,1.2231944,0.07938538,0.7134136,-0.6645919,0.44009644,1.5988225,0.15384921,0.67298055,0.3240468,0.12154287,-0.4358043,-0.77948695,0.41255838,-0.55013216,0.73601687,1.2868773,-0.8513318,0.46748698,-0.608596,0.10042454,-1.558363,-1.7214935,0.11328888,0.71376157,223,4.0
0.0047130957,0.022817586,0.60051566,0.8985578,-0.2401138,-0.5300006,-0.16714358,1.2090192,1.260991,0.21114445,0.7989423,-0.6289107,0.44605532,1.5471416,0.24739623,0.66557086,0.43783033,0.18990816,-0.32798818,-0.74778897,0.5601101,-0.53239834,0.7863145,1.3897322,-0.87883234,0.5147721,-0.5586179,0.2370587,-1.5990759,-1.8278401,0.19984482,0.7958612,223,4.0
-0.07180331,-0.13412657,0.11027709,1.8799057,0.8993801,-0.6892173,0.4197666,4.4736886,1.1463794,0.8701349,1.9244041,-0.25186396,0.03687795,1.8860706,1.1540682,0.6878784,0.71951425,1.6888534,1.6909008,-0.11552268,1.0078485,0.98283905,1.1603359,2.1158137,-0.39780447,1.9886733,0.548996,1.013985,-0.84626937,-0.85380024,0.80316865,1.8033696,223,2.0
-0.053411774,-0.115604594,0.22685161,1.9407775,0.74502844,-0.78509855,0.28545552,4.358457,1.3671541,0.95053935,1.894916,-0.33040467,0.20159979,2.0641153,1.1108618,0.7458408,0.807953,1.5656114,1.3995537,-0.22998556,1.200722,0.642563,1.1559944,2.33179,-0.6638372,1.6618044,0.34041426,1.0801467,-1.3039172,-1.4002464,0.8665116,1.7844865,223,3.0
-0.073813714,-0.13472244,0.10244492,1.8755776,0.9521726,-0.7109061,0.42454165,4.633483,1.132899,0.9234236,1.934492,-0.20420495,0.028012287,1.871291,1.1930337,0.6598498,0.7722041,1.7116344,1.7275386,-0.056713976,1.0956771,0.9769409,1.0688658,2.2732031,-0.45452967,1.8392487,0.5985271,1.1199552,-0.9914089,-0.9266204,0.8856441,1.785003,223,2.0
-0.067667484,-0.14190681,0.13241914,2.0650346,0.94461197,-0.80642664,0.39055133,5.0060873,1.3166897,1.0968664,2.047184,-0.24133411,0.13539343,2.0459492,1.278946,0.7240674,0.885953,1.8195761,1.7075639,-0.0943525,1.2935512,0.8582092,1.1538814,2.4854994,-0.58072245,1.8251024,0.5425934,1.2779187,-1.2066476,-1.2402612,0.9906563,1.8895503,223,1.0
-0.07389329,-0.13523184,0.08081139,1.853393,0.94517314,-0.7023237,0.38705584,4.5803533,1.0856634,1.0935096,1.8593781,-0.102637745,0.08020881,1.639336,1.2463108,0.5564758,0.8911505,1.6880776,1.6891947,0.03429154,1.2444552,0.75989556,0.9108998,2.3836129,-0.5198377,1.5363388,0.6250088,1.2660115,-1.0627279,-1.1207559,0.92729324,1.6474856,223,1.0
0.011148911,0.037736703,0.6592046,0.7922354,-0.39215922,-0.49210906,-0.2197209,0.89229536,1.2683138,0.015486194,0.70547616,-0.71810776,0.46042442,1.629314,0.119375385,0.713307,0.31165597,0.058904193,-0.47796577,-0.87237793,0.3933976,-0.55970025,0.81854254,1.2538109,-0.8544895,0.51488215,-0.7013172,0.06472978,-1.6189476,-1.7602456,0.0724187,0.74046546,223,4.0
-0.074561074,-0.13976763,0.06719022,1.8668221,0.9789692,-0.7149464,0.340358,4.5453935,1.0890387,1.2919711,1.8377247,-0.03338496,0.16983677,1.5929106,1.3222526,0.5202948,0.99585575,1.664748,1.554462,0.13129959,1.3932465,0.5299403,0.8436934,2.569853,-0.58905077,1.2225444,0.61364466,1.5171269,-1.1868645,-1.330489,1.0969985,1.6000409,223,3.0
-0.07580605,-0.14552926,0.07667442,1.9486238,1.0223726,-0.73567736,0.415051,4.913308,1.1428758,1.0983411,2.0047457,-0.13672525,0.07015702,1.8094887,1.2701637,0.6190212,0.8835469,1.8144685,1.74556,0.021707956,1.2236639,0.8880363,1.0195841,2.4043713,-0.5082791,1.6713895,0.65238696,1.3091491,-1.0905786,-1.0846918,1.0048944,1.749009,223,2.0
-0.074037164,-0.1390245,0.06622243,1.91056,0.9677216,-0.7238273,0.34276232,4.7192116,1.1109713,1.2869629,1.8275571,-0.009909287,0.16847472,1.5482512,1.3173238,0.4963743,1.0124805,1.6662437,1.6312771,0.15716581,1.3564606,0.5928784,0.77060497,2.4378297,-0.641623,1.1465104,0.6199187,1.4692442,-1.2811767,-1.3980184,1.0520767,1.4839419,223,2.0
0.010325205,0.033987723,0.648792,0.8347401,-0.35164133,-0.5007343,-0.20683718,0.9320079,1.2839429,0.04988545,0.73456126,-0.71151376,0.44945696,1.6231364,0.14415735,0.70847386,0.3369217,0.07749201,-0.42433682,-0.86151284,0.44483015,-0.53485245,0.8228629,1.3122579,-0.8683002,0.5497175,-0.6691204,0.08356117,-1.6062837,-1.7601455,0.08267337,0.7727425,223,4.0
0.0072132833,0.028669665,0.63465124,0.8432604,-0.3188255,-0.5075793,-0.19666946,1.0248587,1.2727052,0.10292245,0.760654,-0.6820509,0.45641312,1.6357344,0.18433744,0.69426656,0.36841524,0.13560784,-0.3884349,-0.8087564,0.4761746,-0.53589517,0.8023286,1.3697447,-0.8741557,0.527051,-0.6331208,0.14070725,-1.6113374,-1.7606431,0.1344096,0.78263414,223,4.0
-0.06785102,-0.13094889,0.12552567,1.8648429,0.8886753,-0.7473937,0.30994886,4.485428,1.1996719,1.2199429,1.828911,-0.09792043,0.19971655,1.7506692,1.2490864,0.5757375,0.9574734,1.594357,1.4626071,-0.00505564,1.3480586,0.5281571,0.8991325,2.4724264,-0.638554,1.2984545,0.50765944,1.3885641,-1.2597536,-1.3963674,1.0198147,1.6246076,223,2.0
-0.07452293,-0.13720731,0.06645602,1.866198,0.9508646,-0.7225792,0.36901888,4.657042,1.0902003,1.2157464,1.8566333,-0.076186426,0.10867275,1.6147894,1.2628765,0.538995,0.9363223,1.738545,1.630316,0.106739745,1.2924948,0.7105947,0.8751188,2.3859186,-0.58057034,1.3766732,0.6505378,1.3955045,-1.1545081,-1.215855,0.9948674,1.5896312,223,1.0
-0.068518214,-0.11855674,0.122817405,1.7663245,0.84672946,-0.6795172,0.36221167,4.30223,1.0656475,0.90313303,1.80816,-0.20822069,0.090704754,1.7698116,1.0794208,0.6407688,0.75538003,1.5918661,1.5001634,-0.0903292,1.0636576,0.794323,1.0105938,2.09683,-0.46481416,1.6044756,0.5006738,1.0407087,-0.9501928,-0.99948364,0.8281522,1.639675,223,2.0
-0.068682685,-0.14102718,0.12191183,2.026902,0.92577183,-0.7871853,0.34137487,4.7622423,1.270188,1.2574348,1.9761182,-0.13968214,0.16272995,1.8778325,1.3037759,0.6251135,0.9645461,1.75304,1.6415219,0.00809348,1.3525411,0.674289,1.0051936,2.5729485,-0.6622972,1.5207344,0.56156546,1.4329857,-1.2810156,-1.421872,1.0202601,1.731162,223,2.0
-0.02738179,-0.059539914,0.39062482,1.5183134,0.31591326,-0.71130246,0.04964073,3.0470052,1.3567003,0.82688826,1.4148618,-0.38592032,0.38575,1.7768078,0.82576656,0.65940344,0.77133167,0.9780636,0.5911583,-0.37997568,1.0543112,-0.044268563,0.8998201,2.101437,-0.87155396,0.8875325,-0.034674402,0.90860176,-1.6152887,-1.8654004,0.68698704,1.2994634,223,3.0
-0.06452827,-0.13357246,0.13902684,1.9550599,0.87853694,-0.78526515,0.30623528,4.696053,1.2798033,1.2609605,1.897862,-0.13193145,0.23049426,1.8310666,1.2878132,0.6076411,0.98738325,1.671999,1.5062642,0.0019747317,1.3820683,0.5461982,0.9291188,2.5691144,-0.7205966,1.2973619,0.5085837,1.436963,-1.3883908,-1.5332931,1.0528777,1.6850734,223,2.0
-0.073841915,-0.14116932,0.066559255,1.9132115,0.95815414,-0.7461864,0.3167037,4.6324334,1.139365,1.3919901,1.8501997,0.019439384,0.20839317,1.5989268,1.3455633,0.48201892,1.0652612,1.6867896,1.5903245,0.18622158,1.4544988,0.49877098,0.76797974,2.5940275,-0.6806899,1.0753347,0.6239185,1.6065139,-1.2939767,-1.5198339,1.1107409,1.5671529,223,3.0
-0.07142534,-0.13860787,0.09820223,1.9406829,0.9526724,-0.73981476,0.38902125,4.7826824,1.1785,1.0721039,1.9523337,-0.16137788,0.0877087,1.7641494,1.2640142,0.61633563,0.8755197,1.6810594,1.6996747,-0.0092515275,1.1904889,0.8425348,0.995497,2.347967,-0.5525972,1.6029727,0.57942206,1.2470305,-1.15558,-1.1606692,0.923488,1.6729317,223,2.0
-0.06536874,-0.12794766,0.12531905,1.831558,0.84729064,-0.72572875,0.34615454,4.356945,1.1817492,1.0170771,1.8362166,-0.20088139,0.14210264,1.8254473,1.1566406,0.63991714,0.83405215,1.6241088,1.5153147,-0.10510043,1.1624007,0.7159074,1.0044796,2.1975176,-0.52013355,1.6495168,0.46720198,1.1574944,-1.0373615,-1.162325,0.8688037,1.7056203,223,1.0
-0.07405481,-0.13466181,0.0755628,1.8061521,0.94989353,-0.695081,0.39129886,4.591017,1.0634488,1.0882767,1.8669795,-0.104630925,0.07194923,1.6098064,1.2364746,0.562479,0.88366795,1.6875817,1.6664195,0.037673507,1.2371855,0.7742227,0.93844044,2.3375378,-0.49231648,1.555539,0.61399513,1.2523408,-1.0195454,-1.0611247,0.92276436,1.6710819,223,2.0
-0.07193812,-0.13283852,0.078553356,1.8169287,0.91789615,-0.68139374,0.37354252,4.3679132,1.0931484,1.0616779,1.8047036,-0.117833465,0.103363946,1.6753765,1.1900297,0.5796002,0.8479991,1.619863,1.5869812,0.004287325,1.1674671,0.7122491,0.9576865,2.2091353,-0.47095647,1.5791781,0.56270164,1.2419938,-0.9410037,-1.0675087,0.9172338,1.6516004,223,2.0
-0.075789735,-0.14253171,0.091218494,1.8613352,0.9901651,-0.69679636,0.4440095,4.737267,1.1141436,0.8655825,1.9498388,-0.22113436,-0.005681741,1.872906,1.1741713,0.68658644,0.74777263,1.7111218,1.7908622,-0.09305127,1.0502534,1.0416064,1.1737506,2.2331078,-0.37124252,1.9824573,0.5941931,1.1032813,-0.87768227,-0.80211073,0.83858776,1.8097119,223,2.0
-0.06671252,-0.13938525,0.096492976,1.8980469,0.90671533,-0.7772937,0.28394532,4.576275,1.1951456,1.404801,1.7999923,-0.014141813,0.2586317,1.6216643,1.3069866,0.53898096,1.0388494,1.5947363,1.471061,0.07205236,1.492138,0.44356337,0.83593255,2.5584543,-0.6768335,1.1483697,0.5126664,1.5244871,-1.3128115,-1.5576878,1.1116432,1.5869302,223,3.0
0.009392068,0.034384113,0.6432241,0.80751777,-0.3885539,-0.485468,-0.20687675,0.8852569,1.2526547,0.018203264,0.7069293,-0.704973,0.43982464,1.6213757,0.10950348,0.70088387,0.30504072,0.071685575,-0.4335003,-0.86244977,0.39796782,-0.514886,0.79970354,1.2484367,-0.8410181,0.53143233,-0.6692822,0.055470485,-1.573089,-1.6927408,0.04498229,0.7317607,223,4.0
-0.016484804,-0.029297771,0.46015817,1.2844265,0.12566656,-0.6423783,-0.030918106,2.3871334,1.3105166,0.5964459,1.1895173,-0.46685392,0.4118514,1.728286,0.6247718,0.6555054,0.64841545,0.73690593,0.27005905,-0.4952111,0.88414943,-0.21356395,0.85369575,1.8531088,-0.86740214,0.7294973,-0.21529478,0.675178,-1.5996908,-1.8226084,0.51834255,1.1295723,223,3.0
-0.07475014,-0.14183985,0.05456762,1.9360402,1.0067165,-0.73675483,0.3286429,4.77764,1.1196042,1.445873,1.8210078,0.06426405,0.20253667,1.474173,1.3759918,0.44924715,1.1109619,1.6967072,1.6481673,0.23823541,1.48308,0.49117115,0.6820749,2.5660644,-0.7232809,0.98187137,0.64748657,1.6095724,-1.3397106,-1.5456524,1.1258514,1.4760457,223,3.0
0.013031904,0.04115677,0.6710753,0.78915644,-0.40906468,-0.4955317,-0.22249627,0.8667805,1.2882993,0.012051882,0.7088974,-0.73794997,0.46388847,1.6657523,0.11929473,0.72980976,0.2997852,0.06386893,-0.49922383,-0.8838487,0.3892335,-0.5765923,0.8342503,1.2644886,-0.87983465,0.53214437,-0.70388836,0.03735761,-1.6125851,-1.7850444,0.07580142,0.7599439,223,4.0
-0.05457257,-0.12054147,0.20845401,1.9369637,0.76515734,-0.80510956,0.2616475,4.458541,1.3697723,1.1272082,1.9100689,-0.2570133,0.25540987,1.9994755,1.1830506,0.6951123,0.90628475,1.5926963,1.3710043,-0.14487506,1.3081405,0.5208677,1.0677761,2.4606879,-0.7238519,1.4524469,0.36551252,1.27139,-1.3962842,-1.5767237,0.95256597,1.7379214,223,3.0
0.011757944,0.03857642,0.6487898,0.7719033,-0.36676404,-0.48738772,-0.20646822,0.87248266,1.2607018,0.03867253,0.6814549,-0.6993975,0.44213256,1.5696366,0.11662342,0.69676995,0.32346117,0.07114157,-0.4833966,-0.84413624,0.42002764,-0.57055914,0.8034651,1.2384348,-0.8599611,0.5354007,-0.67176044,0.074185625,-1.5701126,-1.750118,0.08622639,0.7380568,223,4.0
-0.07514981,-0.14303412,0.07612958,1.9521949,0.9743041,-0.7597963,0.37038577,4.824507,1.159181,1.2972854,1.9097993,-0.069009274,0.13098204,1.6924278,1.3143586,0.5657083,0.98148566,1.7673365,1.6758634,0.096362606,1.3624835,0.7021539,0.909755,2.4933252,-0.5947005,1.434638,0.63175106,1.4708179,-1.1819211,-1.311369,1.042371,1.6600724,223,1.0
-0.07224415,-0.13878103,0.072945505,1.8546476,0.9730244,-0.7252831,0.3789768,4.76285,1.1549119,1.1647866,1.893233,-0.10654932,0.12098119,1.6859238,1.2738014,0.56847966,0.9186943,1.7228833,1.6462466,0.05068512,1.2907718,0.750554,0.9131276,2.3903663,-0.57000625,1.4869229,0.60978097,1.3347142,-1.1360056,-1.1928409,0.99662197,1.6862043,223,3.0
-0.075177476,-0.12989295,0.058836877,1.7692943,0.918694,-0.6733043,0.34450424,4.448416,1.0305932,1.1845295,1.747759,-0.055301376,0.1204669,1.4889553,1.2338588,0.47855887,0.9298029,1.658013,1.5677341,0.15742731,1.3035727,0.60588336,0.75748026,2.3491817,-0.6031135,1.1402452,0.6459147,1.4219347,-1.1479955,-1.2661045,0.9516655,1.4842936,223,2.0
-0.066690184,-0.13300845,0.127473,1.9471818,0.8921271,-0.75624907,0.3788097,4.697766,1.2263203,1.0015763,1.9406822,-0.23151779,0.107236475,1.9182898,1.2022976,0.6834329,0.8284062,1.6990833,1.6224964,-0.103441,1.1892114,0.82818705,1.10226,2.3309155,-0.54126865,1.7343715,0.5194119,1.1716594,-1.1368128,-1.1439803,0.9009653,1.7759682,223,3.0
-0.066997096,-0.13102004,0.15166241,1.902085,0.88840234,-0.7450046,0.36440462,4.59914,1.2303998,0.97911406,1.916675,-0.23435378,0.11751178,1.9528015,1.1704979,0.6839226,0.82880735,1.6572357,1.5768287,-0.1434284,1.1556882,0.785417,1.1109324,2.3885622,-0.54452467,1.7264255,0.4921891,1.1608377,-1.1276776,-1.1237853,0.89588267,1.7831149,223,1.0
-0.05657734,-0.1156062,0.21086559,1.842828,0.74113923,-0.7399385,0.3018634,4.23702,1.298684,0.89708626,1.8678517,-0.3245471,0.14191106,1.9753411,1.0808861,0.723411,0.75749767,1.5319649,1.3945106,-0.2277173,1.0913638,0.6903532,1.1384842,2.2383602,-0.5902241,1.7533112,0.34852916,1.0382766,-1.173017,-1.2173119,0.7841058,1.7285306,223,1.0
0.008319084,0.03260024,0.64052653,0.8199768,-0.3541129,-0.4870066,-0.19969904,0.9276377,1.2652272,0.05624006,0.7194994,-0.690845,0.4416034,1.6182804,0.1448851,0.694329,0.327155,0.087379985,-0.4162286,-0.82826406,0.43449375,-0.53749347,0.7874967,1.3087835,-0.852968,0.5441775,-0.6514021,0.09129669,-1.5835539,-1.7225288,0.09247412,0.7491369,223,4.0
-0.067568965,-0.13714619,0.118525475,1.9703908,0.9088023,-0.7812411,0.333283,4.6813016,1.2146549,1.2366786,1.947706,-0.12719974,0.20025833,1.8411597,1.2751061,0.6126437,0.96945405,1.7285413,1.5821489,0.016065832,1.3759618,0.6198968,0.9550228,2.4754806,-0.64478475,1.3782464,0.55100083,1.3879455,-1.2793472,-1.4862268,1.0304679,1.6893508,223,3.0
-0.07048714,-0.12563097,0.11306138,1.7787465,0.86459696,-0.69241816,0.3594632,4.3112936,1.1419075,1.0525844,1.806963,-0.14074874,0.11341916,1.7037226,1.1930528,0.59890074,0.83307576,1.5552628,1.513707,-0.023814015,1.1743201,0.69349337,0.97491443,2.2254255,-0.5120975,1.520553,0.5259114,1.1816801,-1.0473392,-1.128508,0.9078204,1.6410766,223,1.0
0.012078803,0.0369924,0.65667236,0.8035041,-0.39344713,-0.488729,-0.21276093,0.9056541,1.2998099,0.031122161,0.70835596,-0.72065866,0.44667748,1.6317666,0.114225596,0.71152353,0.3123387,0.042874634,-0.46328074,-0.8754781,0.40690547,-0.54429,0.8151422,1.2626228,-0.8596691,0.5543744,-0.6899082,0.047834005,-1.5894579,-1.7480247,0.07980092,0.7615986,223,4.0
-0.07755986,-0.14067252,0.043414585,1.8558261,0.99282444,-0.7151143,0.3745274,4.6715355,1.0722878,1.290178,1.8514398,-0.0027992353,0.11366111,1.5467417,1.3320605,0.4865893,0.99144673,1.7339784,1.7195326,0.15262263,1.3840792,0.6591938,0.7766216,2.5011718,-0.5784172,1.3101903,0.6980269,1.4563204,-1.1186742,-1.2547671,1.0232269,1.6076305,223,2.0
-0.071585596,-0.14217287,0.113235265,1.9693782,0.96348053,-0.76249903,0.38379094,4.8284574,1.2135044,1.1068789,1.9815751,-0.17329016,0.11334708,1.8802737,1.2536535,0.6505172,0.8997682,1.7516565,1.6853864,-0.050106946,1.2620628,0.7950726,1.0724502,2.4884875,-0.564046,1.6776918,0.5801714,1.3025937,-1.161193,-1.1797279,0.9848409,1.7833678,223,1.0
-0.075884014,-0.1403427,0.09182523,1.880076,0.973658,-0.7129121,0.40435246,4.719013,1.1229658,1.0644728,1.9276484,-0.15951769,0.06020769,1.7739006,1.2181536,0.6277414,0.83899045,1.7274624,1.7120523,-0.019508742,1.1572762,0.88053995,1.0386945,2.314336,-0.4652891,1.7123796,0.5983493,1.2333627,-1.0353911,-0.9953204,0.9500712,1.7083517,223,2.0
-0.0055629574,-0.00011182763,0.53905183,1.0667112,-0.08130276,-0.55881894,-0.11238309,1.6638253,1.269447,0.3543923,0.949481,-0.56270015,0.42899767,1.6400242,0.40194443,0.6617368,0.5057858,0.4193555,-0.036462285,-0.65100116,0.6824786,-0.3787592,0.8265537,1.5930234,-0.85117245,0.6136966,-0.4176854,0.4049062,-1.5979947,-1.7584112,0.3296319,0.94492424,223,4.0
-0.068100125,-0.11591707,0.12941588,1.7610936,0.8641104,-0.6526301,0.42538366,4.255198,1.0980839,0.6155904,1.8169953,-0.3314204,-0.013118137,1.925936,1.029011,0.7317053,0.6034196,1.5368866,1.581934,-0.24661793,0.82147086,1.0404693,1.1918427,1.9515486,-0.32015455,2.0604773,0.4571336,0.76832163,-0.782927,-0.6029537,0.6729204,1.7993894,223,1.0
-0.0059811696,-0.0019195955,0.53321856,1.0794209,-0.068468004,-0.56300265,-0.105447374,1.7028683,1.2768532,0.35582113,0.97059125,-0.5598256,0.42340145,1.6586137,0.40941107,0.6587513,0.50386995,0.43892455,-0.011413515,-0.6494509,0.694608,-0.37310064,0.82672155,1.6130165,-0.84867823,0.62336344,-0.404353,0.42131746,-1.5948325,-1.7607226,0.3316588,0.9533022,223,4.0
-0.06394995,-0.12586793,0.15731403,1.9460686,0.8561641,-0.74728763,0.3721244,4.5753746,1.2578464,0.8930817,1.9246823,-0.29312438,0.10214347,2.0136044,1.1453066,0.73050207,0.75764346,1.6577451,1.6037934,-0.17387713,1.117076,0.86717343,1.172389,2.2692902,-0.52310896,1.8551474,0.4648961,1.0540515,-1.105676,-1.0787206,0.8527595,1.8238297,223,1.0
-0.07421754,-0.14164495,0.07772795,1.8995415,0.96519005,-0.7257189,0.3952665,4.700744,1.0851905,1.0716921,1.9294413,-0.12547784,0.079671666,1.7017684,1.2404236,0.6021601,0.85465294,1.728975,1.6985584,0.008501027,1.1968085,0.84205306,0.98165107,2.3356583,-0.49515435,1.6228241,0.6164574,1.2602762,-1.0139091,-1.0140116,0.95359373,1.7055113,223,3.0
0.010032035,0.034195445,0.651363,0.8372338,-0.3510766,-0.4919997,-0.20815894,0.92912805,1.2888546,0.063387856,0.7287466,-0.70720226,0.45746765,1.6290843,0.14742824,0.70351297,0.33497447,0.09309308,-0.43956876,-0.8464288,0.4387146,-0.5526314,0.8141792,1.3231436,-0.8760185,0.5303664,-0.66676563,0.09769119,-1.5964414,-1.7590415,0.100829184,0.75282556,223,4.0
-0.0733619,-0.13503414,0.09403612,1.9120286,0.9598633,-0.73104686,0.35087773,4.7533445,1.1806625,1.1993928,1.8920873,-0.09017417,0.1448187,1.6232563,1.2774705,0.5550447,0.956507,1.6609514,1.6091924,0.07548697,1.274171,0.66796243,0.87062144,2.409329,-0.615912,1.3439854,0.5761882,1.3581921,-1.2308619,-1.3244843,0.98351043,1.5693687,223,1.0
-0.0729261,-0.12577051,0.108381905,1.7801838,0.8621195,-0.6615322,0.41783378,4.2850523,1.0708708,0.80594337,1.8607296,-0.2525089,-0.00064050406,1.8197165,1.1033235,0.672253,0.6636605,1.60971,1.6569698,-0.12736285,0.9190756,0.9703453,1.1559672,1.9960388,-0.3656114,1.9562657,0.5367531,0.9474443,-0.8006396,-0.76624614,0.77629876,1.7661167,223,1.0
-0.0031401813,0.0026959367,0.5472865,1.060241,-0.09922693,-0.55956423,-0.11203054,1.6274606,1.265047,0.35503238,0.9394192,-0.56105787,0.42645746,1.5974015,0.3753364,0.6531031,0.5178795,0.39023,-0.110931456,-0.6501806,0.67753005,-0.4037973,0.7987836,1.568769,-0.8741728,0.57548535,-0.41934133,0.39842585,-1.5967051,-1.8028628,0.32036883,0.89057535,223,4.0
0.001487758,0.014876815,0.5826641,0.96838325,-0.17329165,-0.5459805,-0.14665374,1.3913777,1.2647593,0.25596893,0.85067654,-0.6091223,0.4379338,1.592258,0.30186138,0.6718409,0.4672464,0.30247867,-0.23531047,-0.71330315,0.60624933,-0.4637974,0.80978495,1.4669181,-0.8829321,0.5552508,-0.5084637,0.29859832,-1.6055155,-1.8147117,0.23805751,0.84980536,223,4.0
-0.075900234,-0.13093984,0.077832416,1.8144529,0.9276407,-0.6799489,0.38085648,4.421791,1.06172,1.0493027,1.8319775,-0.105080694,0.056476343,1.638665,1.2178313,0.5425055,0.8541381,1.6619718,1.6731443,0.02565271,1.1868544,0.77731174,0.88688534,2.3199117,-0.5022973,1.5443891,0.6364378,1.224748,-1.0445151,-1.038748,0.88990784,1.6271873,223,1.0
