0,1,2,3,4,5,6,7,8,9,10,11,12,13,14,15,16,17,18,19,20,21,22,23,24,25,26,27,28,29,30,31,Chip,Class
-0.06532913,0.54900265,0.13647947,-0.65109175,0.39475814,-0.47939953,-0.73211277,0.4012541,-0.3160736,1.5319569,0.92309844,0.30238524,-0.39980552,1.388161,-0.45903197,0.98624367,-0.23639292,0.9578587,-0.41111943,0.20524947,-0.50690454,0.013819709,-0.6498624,-0.6282894,0.526942,0.1430037,-0.86344725,-0.33484256,0.68672556,-0.51640815,1.0631269,0.99007916,229,4.0
0.1903351,0.3520328,-0.6688004,-0.89210016,1.1469157,-0.7436842,-0.27959806,1.8274173,-0.41256744,2.2450485,0.9533414,1.0324322,-1.196267,0.9877669,0.33144963,2.1762507,-0.6604204,1.6688406,-0.55215514,0.3059904,-0.19658339,0.21043167,-0.39402315,-0.3736479,1.117718,0.052476995,-0.4137283,-0.39456767,0.98641825,-0.0033739693,1.2930374,1.3361392,229,2.0
0.12807797,0.40721044,-0.5855181,-0.929801,1.1252966,-0.68096477,-0.31153208,2.0046113,-0.29573423,2.2844703,0.81200385,0.9837637,-0.674256,1.2459978,0.57145023,1.7600974,-0.69104785,1.7429147,-0.14498144,0.042824734,-0.48450288,0.78504765,0.19722597,-0.6754564,0.90216064,0.3535249,-0.02763056,-0.01827617,1.2315773,-0.25570363,1.7195458,1.2389418,229,1.0
0.13066953,0.42383885,-0.46724528,-0.950234,0.95906293,-0.7300434,-0.41576004,1.5707941,-0.44882637,2.0706902,1.0774696,0.87592125,-1.1986798,1.1325209,0.041055918,2.0481372,-0.57825214,1.5099301,-0.635577,0.32754654,-0.19523019,0.041977204,-0.56310284,-0.40699637,1.0776386,-0.05219288,-0.63050544,-0.5080395,0.99624723,-0.049833395,1.3679379,1.4540306,229,3.0
0.12967432,0.40767774,-0.56976265,-0.9135449,0.99235284,-0.79801625,-0.40016186,1.5684102,-0.46700877,2.1818657,1.1086738,1.0115082,-1.3280039,1.0534198,0.0012405701,2.236007,-0.59461653,1.5089474,-0.7341548,0.44476372,-0.057698168,-0.14541815,-0.7605109,-0.32164392,1.1645309,-0.14609538,-0.6784281,-0.6715393,0.8620562,0.019091554,1.178217,1.4374768,229,3.0
0.16252306,0.45509723,-0.49136937,-0.9454116,1.1605037,-0.72818255,-0.34489658,1.7894691,-0.29245842,2.132026,0.7676091,0.9654576,-0.5067848,1.2971464,0.5048232,1.5794725,-0.56708455,1.6552953,-0.24576092,0.000591062,-0.48631832,0.63770807,-0.04388509,-0.7244604,0.882501,0.43086064,-0.14466587,0.010304548,1.1822567,-0.34167674,1.6556919,1.2303845,229,1.0
0.1272959,0.38803378,-0.45881873,-0.867235,1.1266694,-0.6573424,-0.2926104,1.95892,-0.23094049,2.2225385,0.5977814,0.90582895,-0.24892917,1.3793069,0.72673726,1.1695225,-0.5655592,1.6415218,0.14957005,-0.24069716,-0.69960725,1.1699759,0.5198376,-0.8214519,0.67493606,0.67963314,0.14690007,0.38889688,1.2332861,-0.5404056,1.8773694,1.0037682,229,1.0
0.078908235,0.27786347,-0.32570574,-0.71033585,0.7773213,-0.63302314,-0.47360542,1.1995213,-0.3755052,1.8612738,0.85149014,0.7712743,-1.0491172,0.92378944,-0.097306564,1.7202965,-0.4970098,1.037379,-0.65402216,0.3619746,-0.19228697,-0.1504096,-0.6456406,-0.34280473,0.9200219,-0.07557558,-0.54237914,-0.4696908,0.6743604,-0.040525608,0.8908027,1.0789595,229,3.0
0.16382465,0.41541275,-0.51985306,-0.84881765,1.0758533,-0.6264507,-0.32502505,1.8777131,-0.25021553,1.8238776,0.6769168,0.9128654,-0.5616093,1.2473754,0.6458869,1.3723272,-0.58833677,1.6205266,0.014214575,0.025284663,-0.5373642,0.92805094,0.32093474,-0.7009007,0.80824196,0.4623436,0.11937229,0.10065988,1.0462993,-0.36083812,1.7055683,1.0152653,229,2.0
-0.17483173,0.46386534,0.3172999,-0.5693372,0.083788574,-0.4505016,-0.8316051,-0.1146643,-0.29555523,1.300419,0.9447194,0.15391931,-0.32739758,1.2073662,-0.87491065,0.7037499,-0.0891734,0.57107097,-0.4624176,0.24332309,-0.36991215,-0.2982087,-0.92876637,-0.5850328,0.38796303,0.0056509264,-1.0651789,-0.3901056,0.44587335,-0.5664043,0.7840172,0.84336346,229,4.0
0.100930765,0.46742433,-0.43138832,-0.9711928,0.8956867,-0.7634219,-0.5081279,1.3417443,-0.49781382,2.0886037,1.2612549,0.8426187,-1.2860394,1.1674277,-0.17511895,2.1819746,-0.5341874,1.5422003,-0.82332104,0.46390146,-0.15025654,-0.21383686,-0.8877232,-0.35323152,1.1565709,-0.17606425,-0.89702624,-0.6674924,0.85286003,-0.018553179,1.1743565,1.5110505,229,3.0
0.12251143,0.4634268,-0.5543855,-0.97149,1.0703621,-0.8082273,-0.41681132,1.706481,-0.44305214,2.2517703,1.0680019,0.9732186,-1.2485877,1.2874542,0.14119948,2.1916857,-0.6249632,1.6385905,-0.6388913,0.29829514,-0.3064568,0.13888791,-0.50584185,-0.47590435,1.1665292,0.0014529526,-0.49891502,-0.48090369,0.9162575,-0.06303715,1.396972,1.3747059,229,2.0
0.11173901,0.37655166,-0.6154815,-0.87949944,0.9285067,-0.7421693,-0.47313058,1.4059408,-0.5005819,1.9399891,1.236952,0.96387196,-1.338768,0.9078179,-0.12133123,2.4877088,-0.55168134,1.5163317,-0.94844973,0.632915,-0.029938478,-0.43755257,-1.0231978,-0.090211116,1.237131,-0.33639836,-0.9270176,-0.83167493,0.6471948,0.13818434,0.82096595,1.5167338,229,3.0
0.1676247,0.32703725,-0.5507306,-0.79473907,0.9684059,-0.6138928,-0.25490668,1.565464,-0.36127377,1.8360832,0.74489343,0.9103738,-0.63011897,0.93190694,0.3807419,1.6603668,-0.5298745,1.3527391,-0.32096428,0.14672531,-0.26261106,0.4663601,-0.11052637,-0.3735681,0.8608159,0.21526965,-0.1775271,-0.14838175,0.9330339,-0.15899363,1.25714,1.0470709,229,2.0
-0.15748735,0.48365128,0.28092915,-0.5515143,0.15444508,-0.42630216,-0.8317014,-0.012413647,-0.30881613,1.3535343,0.9003304,0.16213709,-0.35418844,1.2884798,-0.75804317,0.79756296,-0.134963,0.62510556,-0.47851613,0.22575128,-0.41613182,-0.29197216,-0.8909631,-0.58143735,0.42973518,0.05255214,-1.0248803,-0.3775252,0.5065649,-0.55569506,0.83540547,0.8365378,229,4.0
0.12497027,0.40478775,-0.56284446,-0.916067,1.0514157,-0.7677108,-0.34230766,1.7852957,-0.3820916,2.1870642,0.99824196,0.9627922,-1.0104245,1.1540316,0.32128322,1.9805644,-0.6709493,1.6009942,-0.5498437,0.24857634,-0.26613936,0.3276509,-0.38565084,-0.43484926,1.0567315,0.06541019,-0.36317992,-0.29128948,1.0776216,-0.078260496,1.4774661,1.3339704,229,2.0
0.09002884,0.433525,-0.5147294,-0.8621849,1.1688638,-0.70011127,-0.28835964,2.0859666,-0.28224963,2.3875184,0.73056984,0.9584115,-0.28873372,1.3640289,0.70688564,1.3236914,-0.6394388,1.8059677,0.02969443,-0.1337648,-0.59754956,1.1499178,0.47934633,-0.88272077,0.816718,0.57352597,0.20112857,0.21052676,1.3828075,-0.46380296,1.8515519,1.1081549,229,1.0
0.085038856,0.45159706,-0.38138306,-0.90810513,0.99594396,-0.67569566,-0.42392683,1.7076153,-0.35755295,2.119682,0.9494192,0.8962061,-0.7951228,1.2982854,0.2589676,1.6480992,-0.5860219,1.6069783,-0.3616281,0.0879916,-0.4072661,0.5098454,-0.15925372,-0.6265474,0.9010198,0.19324565,-0.34459564,-0.19277054,1.1799634,-0.25840583,1.6117837,1.2256505,229,2.0
0.15031207,0.43877727,-0.56533456,-0.9496859,1.1943375,-0.696615,-0.2727273,1.8690057,-0.30442685,2.2867393,0.88124144,0.95729893,-0.65479624,1.3191695,0.5164949,1.820504,-0.6691496,1.7231044,-0.20781729,0.042090822,-0.51474005,0.76558965,0.23820993,-0.7147327,0.94607353,0.32610106,-0.052222576,-0.06637583,1.3270143,-0.27658784,1.810969,1.2098317,229,1.0
0.15399206,0.40174446,-0.49692518,-0.9020796,1.1584518,-0.72364336,-0.23896253,1.8458953,-0.24774104,2.0794892,0.7072806,0.9030206,-0.28604794,1.2267985,0.6264267,1.304989,-0.5397792,1.6069124,0.092800565,-0.063312635,-0.5451893,0.9784748,0.44781464,-0.8046306,0.74271333,0.51576126,0.14118838,0.12148452,1.1378204,-0.4236778,1.7436295,1.1403583,229,1.0
0.1895639,0.3089118,-0.630111,-0.97161263,1.0497891,-0.75443435,-0.2611062,1.6424257,-0.46612448,2.0620246,1.0391718,1.0845796,-1.0959804,0.88195103,0.19174938,2.0098724,-0.59633076,1.4042282,-0.5357399,0.34693742,-0.12294593,0.19091302,-0.482289,-0.25160316,1.0136353,0.1122155,-0.45431766,-0.41490403,0.8516028,-0.01944895,1.1739155,1.2131046,229,3.0
0.11436507,0.47789523,-0.53233737,-0.9145445,1.1802444,-0.70597583,-0.3564091,2.026797,-0.28105658,2.276559,0.89006454,0.9717324,-0.48427126,1.3206235,0.62411886,1.6547794,-0.58428633,1.826957,-0.097045384,-0.009089835,-0.5285341,0.9311271,0.20210026,-0.7732166,0.9084443,0.43842894,-0.0021371692,0.11145842,1.4185535,-0.43749177,1.7513701,1.1808863,229,1.0
0.110082716,0.44895765,-0.49353635,-0.92426527,1.163283,-0.71218395,-0.35420567,2.0386527,-0.2767471,2.3137033,0.87725884,0.9216127,-0.38717657,1.4068273,0.6283366,1.5631572,-0.6381995,1.7674687,-0.007202938,-0.08219086,-0.60866755,1.0514301,0.3082888,-0.854502,0.81653786,0.50125724,0.100943744,0.13628797,1.403558,-0.41789764,1.8903074,1.1728626,229,1.0
0.15754949,0.37714472,-0.61874497,-0.94305986,1.0833033,-0.7706252,-0.29153872,1.8524511,-0.41521302,2.2259154,0.9574041,1.0386921,-0.83004254,1.189866,0.35526657,1.855946,-0.66697055,1.6806128,-0.33200285,0.14600311,-0.31277415,0.56292236,-0.11308958,-0.5775786,1.0288098,0.1879285,-0.20261848,-0.22998199,1.0751442,-0.14622033,1.5364349,1.3028206,229,2.0
-0.24236548,0.6326759,0.53044224,-0.52516794,-0.10748548,-0.37442008,-0.93686306,-0.2317251,-0.2589224,1.2592814,0.9865075,0.051480398,-0.09485339,1.4094633,-1.0286875,0.6511349,-0.037947923,0.5436199,-0.4348141,0.26185852,-0.55700576,-0.45717812,-1.1087451,-0.69651145,0.2909968,0.10953427,-1.348686,-0.39039123,0.4504429,-0.74635905,0.64136046,0.89221793,229,4.0
-0.17336255,0.5193214,0.34541082,-0.5325909,0.055959996,-0.4041117,-0.84462535,-0.13533615,-0.2843551,1.2479593,0.91067225,0.12841412,-0.2993059,1.3400706,-0.8461079,0.71348804,-0.08664091,0.5858251,-0.4384503,0.23618884,-0.46878424,-0.3160684,-0.9211061,-0.6124668,0.35993156,0.060091108,-1.0688272,-0.35785934,0.42142266,-0.5669564,0.806746,0.8266564,229,4.0
-0.19657305,0.5048073,0.4235965,-0.45257148,-0.013512328,-0.41513646,-0.8688743,-0.22634777,-0.29924658,1.1999142,0.8477147,0.08663923,-0.22502664,1.3041772,-0.905926,0.6333674,-0.0480483,0.46417367,-0.46040875,0.28027877,-0.48152837,-0.40781516,-1.0565766,-0.55480534,0.32631743,0.05320324,-1.1509252,-0.3978736,0.3988905,-0.61114705,0.7098836,0.80994624,229,4.0
0.14427371,0.4137955,-0.5765295,-0.94700056,1.1011558,-0.74380887,-0.31638318,1.902956,-0.38611245,2.2695248,0.98394364,0.9924459,-0.92705446,1.1898396,0.36326241,1.9778403,-0.6622379,1.6615509,-0.48358747,0.20485786,-0.284213,0.43923372,-0.2783041,-0.50933594,1.0712323,0.1510416,-0.3325398,-0.22833067,1.1153588,-0.12892644,1.5655687,1.314283,229,3.0
0.1172332,0.4383818,-0.5043125,-0.8593207,1.1163666,-0.6776301,-0.31546164,1.9274828,-0.3099385,2.1769183,0.7826005,0.9284433,-0.5632203,1.1939789,0.62466836,1.5966256,-0.594525,1.6841979,-0.13087657,0.006627701,-0.47241992,0.8043206,0.22887702,-0.6434533,0.8520359,0.3480955,-0.025716227,0.0026552603,1.2826198,-0.28799853,1.6532155,1.1217045,229,2.0
-0.21253745,0.54239523,0.44873708,-0.46407667,-0.084628426,-0.34205619,-0.88099706,-0.26078284,-0.26871386,1.1809865,0.89542717,0.049170285,-0.18883416,1.3116987,-0.9499664,0.6046994,-0.034426033,0.52109426,-0.4395058,0.25958613,-0.4933979,-0.38673574,-0.9852606,-0.6252234,0.27491665,0.088390835,-1.1630764,-0.37335572,0.40779874,-0.6313855,0.65339714,0.82454336,229,4.0
0.01671036,0.33549708,-0.44546187,-0.8241606,0.7285673,-0.6688455,-0.40445977,1.0325054,-0.45827007,1.7898227,1.0083367,0.8231274,-1.2217256,0.8731808,-0.2616273,1.8491672,-0.5134325,1.2514716,-0.85163116,0.37546724,2.0056963e-05,-0.23883368,-0.895983,-0.1966022,1.0124704,-0.33477044,-0.7335136,-0.70473987,0.77708334,-0.0056897514,0.95210755,1.2355489,229,3.0
0.12350769,0.3322813,-0.6540961,-0.90043724,0.9911463,-0.8277641,-0.34881708,1.4938093,-0.5232203,2.2541618,1.1181258,1.0356039,-1.4795359,0.92278945,-0.1463448,2.2581246,-0.62825054,1.4679189,-0.8707155,0.54599166,-0.037312333,-0.2879187,-0.85647213,-0.18524851,1.2115425,-0.2007604,-0.76595926,-0.73345435,0.80164975,0.14361611,1.0744647,1.5106854,229,2.0
0.11074793,0.40802923,-0.6589801,-0.9553889,0.9819082,-0.9278836,-0.34165847,1.6400031,-0.49485305,2.187748,1.0345052,1.0276161,-1.4415873,1.2075012,0.021578204,2.3182232,-0.6755352,1.4948072,-0.7171045,0.41409862,-0.15464813,-0.022464924,-0.68838644,-0.28159302,1.1201777,-0.092966795,-0.606964,-0.7164504,0.8017596,0.07552592,1.1798016,1.3809358,229,3.0
-0.009314511,0.5024871,-0.14021647,-0.7149569,0.6672106,-0.51570106,-0.5683782,0.97184473,-0.22758397,1.6256945,0.8415521,0.5472354,-0.27941754,1.3152345,0.03196289,0.9628103,-0.42079395,1.1930351,-0.16644883,0.06918441,-0.5810223,0.4435981,-0.14065252,-0.74491084,0.5444045,0.41211903,-0.36396474,0.00046640635,0.93623096,-0.52041227,1.2226856,0.96161914,229,1.0
0.07202335,0.37965992,-0.45649105,-0.8689007,0.9071973,-0.67554855,-0.45633754,1.4396338,-0.39992452,1.9411014,1.0290854,0.8710612,-1.0177135,1.0932467,0.05464296,1.8871223,-0.54312766,1.4075369,-0.65028745,0.36626494,-0.23203185,0.051602505,-0.56583834,-0.37240288,0.9958267,-0.024400158,-0.5711951,-0.46324325,0.9402543,-0.051319055,1.226388,1.2838093,229,3.0
0.11322421,0.48893553,-0.39361417,-0.9465349,1.0923796,-0.73023397,-0.44944534,1.7762122,-0.32641608,2.265759,0.98718095,0.85009676,-0.53304946,1.4393258,0.43741494,1.6205548,-0.5779715,1.6992716,-0.21133345,-0.022064976,-0.5799435,0.78940827,0.043363865,-0.7208243,0.8775375,0.31988823,-0.20829776,-0.07863184,1.3407947,-0.444139,1.6904434,1.2018034,229,1.0
0.1249865,0.35149089,-0.5480469,-0.8612629,1.150964,-0.671986,-0.30968645,2.025161,-0.25940508,2.170541,0.64818877,0.89887536,-0.43816754,1.2795036,0.5768628,1.372568,-0.5831928,1.7228013,-0.04080435,-0.057717815,-0.50419337,0.971371,0.31412598,-0.7414712,0.7424648,0.40952337,0.1025285,0.09814593,1.2651646,-0.3882546,1.6076965,1.0990919,229,1.0
0.15517275,0.3456966,-0.60840994,-0.914374,1.0182317,-0.787282,-0.3538454,1.5914302,-0.47088826,2.223595,1.1027145,1.0237846,-1.2243495,0.9645607,0.05904232,2.17989,-0.62306476,1.5046734,-0.7501466,0.4227829,-0.08888629,-0.05159861,-0.63545716,-0.29847503,1.1459728,-0.0772077,-0.57211316,-0.54344696,0.91568166,-0.0037754439,1.1451843,1.3746642,229,3.0
0.13650861,0.3625132,-0.501119,-0.8572064,1.0958234,-0.68280125,-0.26303726,1.9150827,-0.2900046,1.9428236,0.78881705,0.8427883,-0.39795485,1.2396146,0.6515085,1.3276272,-0.53787,1.5938852,-0.08380343,-0.054147378,-0.48210737,0.981397,0.3173117,-0.64473623,0.7501435,0.4084369,0.15731016,0.03488014,1.2669039,-0.29301512,1.6235716,1.0373017,229,1.0
-0.10252247,0.50585276,0.29904115,-0.52184623,0.13662058,-0.38792452,-0.82031035,0.06798633,-0.27244484,1.2433007,0.8160957,0.18374078,-0.23519498,1.372689,-0.737953,0.67912066,-0.14494497,0.68795455,-0.3413727,0.20291299,-0.5597585,-0.19525169,-0.7687712,-0.6597246,0.35732675,0.13262224,-0.98905736,-0.33217147,0.5093734,-0.6194362,0.8397471,0.88699925,229,4.0
0.19106819,0.34708396,-0.6890731,-0.92600274,1.1111294,-0.79465204,-0.2770173,1.7755235,-0.4788094,2.2254915,1.1281927,1.0922567,-1.2922355,0.8974623,0.19619326,2.3267457,-0.6472533,1.5560374,-0.752149,0.42870122,-0.076550975,-0.020801365,-0.55686665,-0.26623806,1.2225909,-0.10962852,-0.4806325,-0.56771016,0.9536481,0.06652925,1.1540035,1.4073955,229,3.0
0.22696052,0.38480303,-0.4586746,-0.81448185,1.0794353,-0.6736807,-0.23521076,1.7568885,-0.26290724,1.7609156,0.50047034,0.9420185,-0.41923943,1.2942508,0.5801776,1.2635868,-0.5380614,1.3662189,-0.10961123,-0.15076949,-0.4279972,0.8406285,0.25462347,-0.6438079,0.7250067,0.3417801,0.12460542,0.111551866,1.1943066,-0.33750424,1.6679298,0.98252016,229,2.0
-0.11670418,0.5767283,0.32422656,-0.57333237,0.21476698,-0.39885014,-0.82418597,0.08677683,-0.2942894,1.3434937,0.8860395,0.15466648,-0.22131017,1.3958343,-0.6748877,0.7483744,-0.12663825,0.76163465,-0.38504672,0.21330819,-0.54845655,-0.10704361,-0.73112166,-0.65171707,0.3808521,0.14465865,-1.011732,-0.3327239,0.5646353,-0.6109196,0.90642977,0.9151731,229,4.0
0.106640935,0.35619125,-0.4565904,-0.7289825,1.0196202,-0.57351315,-0.37404725,1.6343017,-0.23597531,1.6818045,0.51739913,0.8205167,-0.3495404,1.1491351,0.54422843,1.119189,-0.47060072,1.4907314,-0.01845096,0.0371112,-0.5724248,0.7199308,0.2677374,-0.7074628,0.68411016,0.5170787,0.019588344,0.18772474,0.96874744,-0.33743042,1.5743484,0.91205853,229,1.0
0.20434989,0.29868,-0.55034965,-0.91583073,1.1030946,-0.7562484,-0.20199457,1.5573217,-0.40459552,1.9242691,0.7592307,0.9061847,-1.2032694,0.8920827,0.3786562,1.9245996,-0.6200031,1.5493876,-0.5446723,0.2456639,-0.17815128,0.316853,-0.33581847,-0.34306625,0.9256892,0.007341381,-0.37043095,-0.32349885,0.91277957,0.0935448,1.2796553,1.196001,229,2.0
0.15763628,0.39777544,-0.5501241,-0.8802486,1.1863656,-0.70579106,-0.32741934,1.9998249,-0.30129966,2.3752148,0.73872477,0.9717051,-0.38969713,1.3107978,0.6446977,1.3457501,-0.6075288,1.7616287,-0.048552763,-0.053629145,-0.5072295,1.0742366,0.32863438,-0.7955014,0.78588426,0.49808815,0.118991464,0.10734564,1.3413607,-0.35882613,1.707567,1.1621498,229,1.0
0.1010305,0.4524376,-0.46482915,-0.92516273,0.98999596,-0.7787912,-0.41598842,1.5510963,-0.39727825,2.1910965,1.0761122,0.9681116,-1.027226,1.2290474,0.12835632,2.040867,-0.59818906,1.5004232,-0.5389153,0.28586453,-0.27681434,0.14738277,-0.51182866,-0.4755705,1.0370805,0.042435057,-0.55334646,-0.45183027,0.9976489,-0.15974909,1.3332472,1.2544954,229,2.0
0.17891766,0.29844433,-0.57009846,-0.8120847,1.0304681,-0.7169458,-0.22769614,1.5884073,-0.43952188,2.0702248,0.87306756,0.9496616,-1.1816267,0.84551054,0.2447756,2.0379272,-0.630229,1.3858035,-0.62447435,0.37397867,-0.087883785,0.05378037,-0.47977373,-0.2407564,1.0553836,-0.09121728,-0.4158002,-0.46571746,0.78460944,0.10269109,1.1191957,1.3095059,229,2.0
-0.1282386,0.55884945,0.28708786,-0.5913612,0.16577414,-0.42926717,-0.8477665,0.09849706,-0.3031633,1.3894914,0.88992083,0.19520897,-0.29657185,1.4426003,-0.7496831,0.8266881,-0.19511804,0.7655989,-0.3879206,0.21101981,-0.5380592,-0.18575032,-0.80569303,-0.68283206,0.38189602,0.11698181,-1.025594,-0.32989818,0.5776798,-0.64079064,0.9338143,0.9293028,229,4.0
0.1405167,0.4383131,-0.63302994,-0.9361293,1.2110565,-0.72876984,-0.29886144,2.0649798,-0.31585932,2.232646,0.9079266,1.0307813,-0.8372031,1.2076838,0.5538509,1.8488537,-0.6443976,1.80187,-0.30107534,0.08028303,-0.41714406,0.67627937,0.009972313,-0.6473599,1.033142,0.23692319,-0.10201771,-0.14497969,1.2723104,-0.27013528,1.6837872,1.2345622,229,1.0
0.13765424,0.4358801,-0.52560025,-0.9861085,1.0525469,-0.7317894,-0.36289427,1.7299585,-0.4402296,2.1349912,1.0804282,0.95928854,-1.0957718,1.1492335,0.24985209,2.0723317,-0.6666985,1.5929309,-0.5875695,0.2544865,-0.28591028,0.20889464,-0.40866345,-0.46376827,1.0745782,-0.024887763,-0.43019354,-0.40018567,1.0540059,-0.07128441,1.4986745,1.430412,229,2.0
0.07359132,0.4017458,-0.3749405,-0.81140083,0.8902287,-0.6591143,-0.45161396,1.2674382,-0.43092337,1.9896315,0.9521968,0.820985,-1.0656528,1.022564,-0.052570146,1.7723241,-0.5435077,1.3185092,-0.6270934,0.3376268,-0.19894958,-0.023647815,-0.65776587,-0.44383317,0.9314172,-0.07041837,-0.59980124,-0.47381392,0.9384814,-0.09879986,1.1964337,1.3652085,229,3.0
-0.119966,0.49990878,0.19989063,-0.5367088,0.28461626,-0.44046232,-0.73888516,0.12304889,-0.2864545,1.2898943,0.8253398,0.21475416,-0.3966082,1.3524206,-0.6490886,0.7323386,-0.16947263,0.71224916,-0.36971673,0.21836631,-0.49859735,-0.16128397,-0.7593466,-0.62993544,0.41619262,0.09558588,-0.83705187,-0.34127742,0.5410182,-0.5588141,0.86226475,0.9295271,229,4.0
-0.16990487,0.51645577,0.3085634,-0.5615827,0.111786,-0.44751772,-0.872213,-0.032581892,-0.31505203,1.3856232,0.932271,0.15541536,-0.36108363,1.3316718,-0.82898706,0.8365873,-0.12244059,0.60565937,-0.4975269,0.2588225,-0.45509756,-0.31474978,-0.94824386,-0.5818763,0.43352497,0.056601577,-1.106015,-0.44643906,0.51323634,-0.598839,0.83221495,0.8655305,229,4.0
-0.16254213,0.50045496,0.33770466,-0.51094574,0.083444305,-0.3620305,-0.80665135,-0.096271425,-0.2498445,1.208048,0.75994337,0.13579872,-0.29563776,1.3445599,-0.83271205,0.6546332,-0.11398195,0.5835224,-0.33522895,0.2542653,-0.45813215,-0.29101473,-0.9121783,-0.57871324,0.27960187,0.0842391,-1.0042667,-0.35228693,0.48038676,-0.5917489,0.6894421,0.90534496,229,4.0
0.1730992,0.45538267,-0.4825859,-0.96676964,1.203372,-0.7496397,-0.38480842,2.0076318,-0.2460991,2.347906,0.8431923,0.9543844,-0.3818987,1.4316363,0.6112122,1.6585876,-0.6174853,1.8149129,-0.075858876,-0.018165797,-0.5784955,0.9686564,0.123734385,-0.87941146,0.87403476,0.4654608,-0.025594331,0.15088126,1.3799864,-0.46752346,1.8836178,1.2056489,229,2.0
0.12602748,0.28383335,-0.5155951,-0.79349935,0.9480267,-0.5732723,-0.12990431,1.3185533,-0.3327489,1.5042906,0.7397356,0.8165409,-0.87921035,0.6675117,0.2940038,1.5894644,-0.55667275,1.1812824,-0.37855157,0.260468,-0.1395801,0.2219134,-0.2429173,-0.31391937,0.8461721,0.014455102,-0.26420218,-0.2885613,0.64627457,0.013111651,1.1640826,1.0723897,229,2.0
0.10520701,0.38876343,-0.4488613,-0.7485015,1.0502156,-0.56588984,-0.29444796,1.9432467,-0.18478541,1.961739,0.5737682,0.85175264,-0.11854042,1.3367734,0.6429618,0.95494497,-0.50975746,1.6986614,0.23830923,-0.20976545,-0.67221904,1.2100401,0.62416303,-0.8223951,0.62255424,0.61333495,0.3306939,0.39735615,1.1420054,-0.59464437,1.7497258,0.9473966,229,1.0
-0.20906833,0.56037873,0.39628232,-0.5228399,0.0202818,-0.47074145,-0.896315,-0.16688801,-0.31344754,1.2881014,0.9159708,0.09111984,-0.26789454,1.2659627,-0.96436566,0.75758386,-0.09678596,0.5650522,-0.45587772,0.2564031,-0.5106829,-0.38012576,-1.0392311,-0.62899685,0.3567332,0.06943972,-1.2046945,-0.4221285,0.41245282,-0.6742184,0.72215635,0.80539757,229,4.0
-0.14411135,0.5091948,0.32453692,-0.5738488,0.08467979,-0.4548626,-0.84183145,-0.09626162,-0.28618968,1.3208109,0.9069268,0.1191857,-0.29983902,1.375217,-0.8947248,0.72126496,-0.11009,0.59074104,-0.42662916,0.22389075,-0.46963733,-0.30367404,-0.9567485,-0.6531503,0.34753937,0.060424678,-1.0925584,-0.3701188,0.4667163,-0.62123615,0.8409415,0.82481366,229,4.0
-0.1844998,0.56225085,0.31971496,-0.5296573,0.100884736,-0.45263448,-0.8740934,-0.030490834,-0.30733812,1.3489566,0.92890686,0.13898847,-0.34224856,1.3081188,-0.8299863,0.8732233,-0.15707898,0.6520703,-0.43742695,0.24685541,-0.4988996,-0.3026684,-0.92203474,-0.6278958,0.41269794,0.082836546,-1.0889385,-0.40186504,0.49285576,-0.6370132,0.8076154,0.88383925,229,4.0
0.056022737,0.39693865,-0.40409845,-0.84987795,0.82408726,-0.70437086,-0.485884,1.2845823,-0.41267246,1.9809395,1.086346,0.84322,-1.0115223,1.1299919,-0.08391977,1.8789299,-0.5163651,1.4282453,-0.6726091,0.34670448,-0.21416584,-0.049716853,-0.66574526,-0.3945801,0.9997225,-0.073251374,-0.6937319,-0.53351235,0.93257326,-0.086140886,1.1839694,1.292122,229,3.0
-0.15659031,0.48875272,0.2790507,-0.5578134,0.22043395,-0.40424973,-0.7408341,0.06554151,-0.32693374,1.2619603,0.82930994,0.24997526,-0.4455847,1.1563187,-0.7354329,0.87390023,-0.19124404,0.64396447,-0.5210502,0.31109816,-0.40227747,-0.37923342,-0.9579228,-0.5178698,0.4343509,-0.02775927,-1.0472033,-0.37315458,0.43803635,-0.48090288,0.73729265,0.9010593,229,4.0
-0.048867024,0.47250152,-0.024793789,-0.7410008,0.50056565,-0.58573264,-0.6779221,0.6509032,-0.36662495,1.7106197,1.0791917,0.49446538,-0.69130325,1.2531369,-0.47335044,1.3370441,-0.32579407,1.0326443,-0.6150805,0.3008085,-0.3518501,-0.17962256,-0.86347544,-0.5403686,0.74060833,-0.028626004,-0.8946996,-0.47770807,0.7736411,-0.35783973,1.024129,1.0880659,229,4.0
0.13778117,0.46017262,-0.6004664,-0.9623145,1.1734475,-0.7886987,-0.3574947,2.061978,-0.37055185,2.4331722,1.031874,1.0260347,-0.9061828,1.3245084,0.44372943,1.9693216,-0.6575739,1.6758984,-0.39380497,0.14445096,-0.38214684,0.586843,-0.12576032,-0.63484573,1.0538596,0.1938557,-0.2674815,-0.21945392,1.2434435,-0.25757042,1.7478416,1.3743216,229,2.0
0.111831695,0.41885123,-0.50587934,-0.859242,1.0094944,-0.6939074,-0.4058989,1.6397156,-0.378266,2.082183,0.97111565,1.0130639,-0.9057973,1.2043662,0.24287143,1.8552614,-0.61171305,1.5836967,-0.49285161,0.20594436,-0.33371982,0.33281553,-0.34906456,-0.5122592,1.0067753,0.10377512,-0.39331344,-0.31757414,1.1024171,-0.13337728,1.4062783,1.263903,229,3.0
-0.17481469,0.49091047,0.2635845,-0.58775723,0.1520459,-0.45519873,-0.843498,-0.0073063783,-0.31874502,1.43105,0.966175,0.20778573,-0.47732905,1.2254117,-0.81333894,0.87005293,-0.12138836,0.6493548,-0.54899025,0.27607676,-0.3164461,-0.33515376,-0.95195436,-0.5583151,0.51228666,-0.010562911,-1.0465395,-0.45396367,0.54804367,-0.5261478,0.8482468,0.95185244,229,4.0
0.095304504,0.3522099,-0.36194056,-0.70954967,0.8367422,-0.36627674,-0.26996285,1.6580026,-0.09766373,1.7569202,0.47483307,0.81969255,-0.3130734,1.2072456,0.57579696,1.0054365,-0.54824805,1.3878691,0.13229313,-0.10717553,-0.5756048,0.99182165,0.50165325,-0.66008484,0.55709064,0.47926095,0.08594537,0.2672325,1.1554366,-0.3739213,1.5374546,0.90385586,229,1.0
0.16583219,0.4679487,-0.61524326,-1.0372791,1.254121,-0.8276859,-0.3670267,2.2527564,-0.34496853,2.4702275,1.0031619,1.1075513,-0.70686615,1.50091,0.5993036,1.8709848,-0.7131071,1.945006,-0.13948299,-0.009203851,-0.5258278,0.9294507,0.1761238,-0.82061607,1.0142665,0.39477408,0.03716685,-0.028882798,1.3460133,-0.3618739,1.9766445,1.363197,229,2.0
0.13493508,0.39617434,-0.5717686,-0.9004408,0.9919289,-0.7270226,-0.26885277,1.7000128,-0.3077076,2.0946884,0.86513627,0.9791039,-0.61497724,1.0976796,0.37354663,1.5753186,-0.54980403,1.6369889,-0.19587603,0.05857056,-0.4387559,0.7291735,0.065687,-0.62848026,0.9222424,0.2723067,-0.021874577,-0.08449246,1.1675305,-0.31873947,1.4628023,1.2135646,229,2.0
0.17682065,0.40643245,-0.58043844,-1.0415508,1.1700004,-0.7903175,-0.34317008,1.9592738,-0.3850178,2.3817995,1.1204587,1.0915296,-1.0301056,1.1993805,0.36061513,2.1206794,-0.6571119,1.7705961,-0.5452099,0.20658,-0.26700637,0.34796643,-0.32896617,-0.48628455,1.1357199,0.050179593,-0.34827203,-0.36415628,1.226667,-0.12729242,1.491126,1.3103447,229,2.0
-0.16677289,0.45709753,0.31308824,-0.48560455,0.15145966,-0.43902868,-0.7559624,-0.15282719,-0.2753166,1.1586345,0.7587376,0.12763637,-0.33286372,1.2532356,-0.78602403,0.57418317,-0.11324807,0.52943236,-0.37501872,0.24936992,-0.42536312,-0.2416716,-0.8854228,-0.51920575,0.3401397,0.07199779,-0.9063846,-0.375442,0.4318796,-0.5745705,0.7259786,0.80377525,229,4.0
0.10270102,0.4112933,-0.5422908,-0.8849816,1.0974188,-0.65619296,-0.307149,2.0236382,-0.22279105,2.1183767,0.7658715,0.91505516,-0.38476005,1.2923635,0.6039401,1.3893185,-0.63733447,1.7113292,0.0075108334,-0.027070627,-0.5877463,1.0296385,0.3309663,-0.80076665,0.79655766,0.5357242,0.05119419,0.16038197,1.2904423,-0.42056873,1.8189615,1.1941293,229,1.0
0.12283775,0.4197339,-0.62698734,-0.97881335,1.0415357,-0.80029213,-0.33197844,1.8635157,-0.43947956,2.2974994,1.1216817,1.0335573,-1.2100497,1.1902859,0.22429185,2.154411,-0.6796813,1.5770558,-0.66086644,0.30936864,-0.19711661,0.19776973,-0.559499,-0.40068382,1.1416115,0.06977172,-0.57283735,-0.44643807,0.9818293,-0.06849157,1.41029,1.399028,229,2.0
0.1627474,0.40792832,-0.5797513,-0.93499935,1.1637872,-0.7368706,-0.29414982,1.8976419,-0.3198411,2.3037431,0.7822974,1.0440086,-0.7402422,1.1655496,0.5366751,1.7362648,-0.65832573,1.7000393,-0.23075911,0.06478512,-0.37467107,0.7865586,0.0395234,-0.57231104,0.97156096,0.29020596,-0.14132461,-0.11409447,1.2380657,-0.23224267,1.6184021,1.1488755,229,1.0
-0.0869569,0.48734036,0.033264965,-0.6920337,0.3521882,-0.5555294,-0.7604935,0.43644467,-0.3709638,1.6500827,1.0507344,0.4079018,-0.6770066,1.2781578,-0.6347747,1.2799029,-0.25668666,0.91809475,-0.61771035,0.33631676,-0.2902189,-0.2652722,-0.91907954,-0.543486,0.6923474,-0.039915353,-0.9731532,-0.550954,0.688731,-0.40511066,0.96073836,1.0926963,229,4.0
-0.1783172,0.5754275,0.42543745,-0.52224696,0.014609031,-0.39322343,-0.8973112,-0.11613302,-0.28608233,1.2621027,0.88700116,0.064008005,-0.16240844,1.3606241,-0.900307,0.68485343,-0.11081666,0.59469604,-0.39616448,0.21077436,-0.5725681,-0.31422246,-0.9302194,-0.6858962,0.28530905,0.10124301,-1.1970425,-0.37067553,0.43813416,-0.70909584,0.75156254,0.8585457,229,4.0
-0.1254719,0.47408783,0.0426801,-0.63237375,0.35576984,-0.56482947,-0.7776871,0.3435426,-0.38859516,1.5989242,0.9906845,0.4440791,-0.6782961,1.1286005,-0.59391,1.3075429,-0.23717132,0.83919615,-0.6396796,0.34435356,-0.30127963,-0.33869213,-0.9646579,-0.51619774,0.70801115,-0.044371385,-0.9981149,-0.48892507,0.61563164,-0.38694316,0.87180275,1.0569742,229,3.0
-0.22938311,0.5523582,0.4552315,-0.5098308,-0.09012147,-0.40576404,-0.9105034,-0.31930947,-0.2808903,1.2704736,0.9565864,0.046516087,-0.23048612,1.330094,-1.0788419,0.61470705,-0.017237928,0.4957256,-0.45376423,0.27706158,-0.48389235,-0.4262967,-1.0944602,-0.65498734,0.29523227,0.07903281,-1.2430875,-0.4025232,0.38004097,-0.68941295,0.68464243,0.8011724,229,4.0
0.11928435,0.46410653,-0.46006542,-0.96687764,1.0190598,-0.7444248,-0.43368638,1.62801,-0.40908155,2.21047,1.0529907,0.9009922,-0.9901144,1.2824742,0.162863,1.9191105,-0.60579705,1.643338,-0.48734218,0.19258937,-0.33138868,0.3109696,-0.35584593,-0.5788967,1.0030298,0.10800355,-0.47212666,-0.33193713,1.1249893,-0.19554442,1.5443319,1.384456,229,2.0
0.14972873,0.40602285,-0.57746917,-0.9448456,1.1243675,-0.7595183,-0.31615803,1.9050757,-0.3676118,2.2499993,0.96687555,0.99573123,-0.95738286,1.1638786,0.41755366,1.9680135,-0.6827335,1.6534444,-0.4815473,0.2053025,-0.29201028,0.459868,-0.26738873,-0.48430437,1.056999,0.12454983,-0.2908235,-0.21602847,1.1388292,-0.123086736,1.5640328,1.3117753,229,1.0
-0.13758148,0.46831352,0.20185141,-0.47634524,0.12256582,-0.35947582,-0.7217519,-0.032709915,-0.27833104,1.153411,0.80184156,0.19043308,-0.32003063,1.210078,-0.7055514,0.7578578,-0.12163144,0.6096024,-0.4389873,0.28714964,-0.452909,-0.30187553,-0.8719325,-0.54863405,0.44149432,0.05711735,-0.9814017,-0.3369913,0.3852989,-0.5236086,0.6885673,0.7626376,229,4.0
-0.16790356,0.4366167,0.31654245,-0.5391087,0.111039914,-0.4473836,-0.80228937,-0.10983521,-0.2832282,1.197729,0.8203518,0.076334804,-0.23988262,1.2574853,-0.83458203,0.56084484,-0.12236665,0.47719952,-0.40619776,0.22281402,-0.40256828,-0.26029342,-0.92934835,-0.55457735,0.3182327,0.039595164,-1.0121732,-0.3803186,0.4338761,-0.5759914,0.7653055,0.8217885,229,4.0
-0.22051887,0.541664,0.48632926,-0.47321543,-0.062042065,-0.37734076,-0.8581885,-0.3289182,-0.29342997,1.14751,0.9158028,0.08237169,-0.20631143,1.23377,-1.0000305,0.59277946,-0.011566341,0.45438734,-0.48951522,0.2724393,-0.49820736,-0.43476272,-1.1322169,-0.58220184,0.3183899,0.061141826,-1.2846131,-0.4571926,0.35694176,-0.64195126,0.6324448,0.7883121,229,4.0
0.14987996,0.37739027,-0.462543,-0.7312728,0.87976384,-0.4654974,-0.27351484,1.6190783,-0.21668476,1.7079054,0.75580704,0.7709824,-0.18743023,1.2941974,0.71643835,0.9826851,-0.49760956,1.4400642,0.14569885,-0.07708047,-0.5456538,1.073384,0.5514363,-0.8009514,0.61158395,0.5763175,0.20037693,0.1719673,1.1171005,-0.44665352,1.5527349,0.8419382,229,1.0
-0.13919832,0.43101096,0.17767404,-0.53449833,0.22506434,-0.4078897,-0.6901654,0.07830609,-0.2591139,1.205436,0.7630402,0.1850608,-0.40905896,1.2481043,-0.6273429,0.62068737,-0.17723767,0.64236575,-0.32102975,0.2082001,-0.40685654,-0.15689823,-0.7317375,-0.5082975,0.3568284,0.07800755,-0.7366435,-0.29173815,0.51549244,-0.4791093,0.7928297,0.92276335,229,4.0
0.17177023,0.31558096,-0.664637,-0.89238197,1.0378655,-0.75872004,-0.2552404,1.6452724,-0.50978065,2.1339874,1.0756626,1.0250624,-1.3556434,0.8378753,0.13759245,2.2678638,-0.66587585,1.4494032,-0.8076232,0.4748503,-0.011250772,-0.116338804,-0.6324167,-0.15182307,1.1839426,-0.20481277,-0.55203974,-0.64776343,0.82504874,0.18318793,1.0723546,1.4047918,229,3.0
0.12507956,0.4100633,-0.554219,-0.9098147,1.1688964,-0.7618428,-0.34548575,1.908961,-0.361766,2.223423,0.94149226,1.0728625,-0.8973509,1.1978023,0.45580602,1.7707424,-0.68169737,1.7377912,-0.3727335,0.10608276,-0.3624745,0.6011717,-0.10743725,-0.54401606,0.96420765,0.1463885,-0.16291526,-0.25391775,1.2440265,-0.13709655,1.5755585,1.2585864,229,2.0
0.10674882,0.39493954,-0.4686708,-0.8656294,0.9311155,-0.6827146,-0.39618886,1.583857,-0.3650085,2.0375574,0.9707624,0.97730976,-0.90829337,1.155509,0.19901645,1.7315289,-0.6044685,1.5259622,-0.55622375,0.23024814,-0.27121896,0.2967754,-0.42951173,-0.45728615,0.9885808,0.026110508,-0.40942383,-0.32828417,1.1040994,-0.12616763,1.3271904,1.242147,229,3.0
0.16554928,0.40127146,-0.5930931,-0.93620586,1.0055808,-0.83818847,-0.41955662,1.5563542,-0.51749074,2.1269298,1.1113361,0.9865239,-1.3108383,1.0352321,0.025757156,2.2573416,-0.6190385,1.5258285,-0.77077615,0.46132225,-0.044950455,-0.099883154,-0.8325745,-0.26533476,1.2177137,-0.17212808,-0.65472883,-0.71775985,0.9112757,0.044982895,1.2165463,1.4431237,229,3.0
0.11625673,0.3624725,-0.47058487,-0.76813036,0.99185854,-0.56851083,-0.20696771,1.7343132,-0.17884666,1.8706301,0.5835353,0.83852583,-0.17373309,1.190703,0.6093034,1.0043598,-0.4485478,1.4754168,0.14246356,-0.091575995,-0.5613744,1.034049,0.5754689,-0.7786135,0.61793566,0.59927624,0.21448052,0.2908638,1.0733624,-0.5072498,1.5691968,0.9634454,229,1.0
0.16517986,0.39382792,-0.53468156,-0.9557224,1.0904331,-0.74883765,-0.37037808,1.7518815,-0.38508213,2.2493122,1.038032,0.9843967,-0.9420985,1.173187,0.2603196,2.0009413,-0.5938897,1.5835315,-0.5343611,0.23729046,-0.28468212,0.29890186,-0.39056113,-0.46970025,1.0843227,0.099504985,-0.41369686,-0.3384408,1.1011065,-0.19787878,1.4212918,1.3008842,229,1.0
0.13900043,0.3127766,-0.51595193,-0.84018296,0.8119373,-0.69941413,-0.39103562,1.248857,-0.48905185,1.99364,1.0242743,0.892455,-1.316803,1.0317324,-0.16564547,2.0250192,-0.50876987,1.3271941,-0.7521696,0.38050938,-0.07992658,-0.23462127,-0.8675033,-0.17376508,1.0549673,-0.2577564,-0.6615638,-0.6869206,0.73068005,0.03697273,0.9263006,1.3110822,229,3.0
0.119908065,0.467868,-0.4719767,-0.87200457,1.0411325,-0.6689395,-0.36163783,1.6872116,-0.26672906,2.0676684,0.7106393,0.8744646,-0.4614373,1.2311018,0.40067458,1.4466982,-0.4891983,1.5588338,-0.20060307,0.005091049,-0.5755336,0.65910405,0.08110734,-0.710118,0.8627368,0.42713004,-0.13933554,0.036643133,1.2644157,-0.42377645,1.5449563,1.2517157,229,2.0
0.20804943,0.33620736,-0.73349345,-0.96714926,1.1430051,-0.9014505,-0.23154876,1.753165,-0.47493988,2.0189278,0.98462063,1.0995657,-1.2779084,0.95145226,0.20902987,2.242679,-0.6356243,1.4810771,-0.61698157,0.35908854,-0.13481203,0.16895792,-0.5923734,-0.1715514,1.1198349,0.055360414,-0.5329908,-0.49764085,0.88043076,-0.003728982,1.1434152,1.3305117,229,3.0
-0.18776797,0.5174108,0.3624562,-0.5428502,0.035816543,-0.43623284,-0.8535012,-0.20156106,-0.28621757,1.3029275,0.90317905,0.09758056,-0.32115906,1.247262,-0.9394068,0.6667909,-0.065893754,0.56736344,-0.4518605,0.23481408,-0.3916717,-0.33944613,-0.9794829,-0.61541855,0.36197737,0.029659163,-1.1094723,-0.3808019,0.4412131,-0.6119669,0.80260235,0.8437197,229,4.0
0.14673693,0.42130265,-0.5417764,-0.8752047,1.1647115,-0.6958452,-0.29914564,2.0460668,-0.26760727,2.1870155,0.7992811,1.019806,-0.5710056,1.2860965,0.6567178,1.5649755,-0.638055,1.7866536,-0.09001902,-0.023524374,-0.51155835,0.9773807,0.30249366,-0.7692624,0.889048,0.42175522,0.10094951,0.07305081,1.2576848,-0.39073646,1.8357663,1.1339972,229,1.0
0.14150794,0.40169898,-0.51741326,-0.8860095,1.0619854,-0.71940786,-0.4223307,1.7257146,-0.4031714,2.009403,1.0038085,0.9396414,-0.9624209,1.2096807,0.32884198,1.8616483,-0.65597034,1.5409939,-0.49949515,0.25324246,-0.29164842,0.33225536,-0.26732638,-0.45632696,0.93554306,0.08042661,-0.33793288,-0.34587988,1.0136184,-0.088418074,1.4324565,1.2728709,229,3.0
0.105117306,0.4412274,-0.4502126,-0.8419469,1.1435505,-0.64966255,-0.31805122,1.9623204,-0.21544982,2.1381283,0.6922045,0.90442103,-0.15135354,1.2999643,0.78612983,1.2885045,-0.572414,1.7251867,0.13526005,-0.16124903,-0.6307387,1.2153944,0.570323,-0.78795934,0.72102857,0.54713696,0.1977143,0.26904604,1.3842448,-0.48110035,1.8038526,0.9560736,229,1.0
-0.13785888,0.5027148,0.26730227,-0.5408818,0.20909175,-0.45776373,-0.8314316,0.098491296,-0.32746148,1.405814,0.94045883,0.23666385,-0.41140845,1.311781,-0.7443084,0.9360934,-0.1716868,0.6910229,-0.56335205,0.29000196,-0.46065372,-0.33664095,-0.9898479,-0.58991563,0.49364868,0.010762256,-1.1192441,-0.48314387,0.49596703,-0.5154197,0.84437925,0.93055594,229,4.0
0.12865919,0.36786452,-0.59064984,-0.8657184,1.0606767,-0.7125759,-0.2812379,1.7023094,-0.3504846,2.0301921,0.9033909,1.018346,-0.897323,1.0707288,0.3428463,1.7999713,-0.60498786,1.4811379,-0.40749848,0.19380581,-0.27675882,0.40759653,-0.20470682,-0.47686952,0.97427213,0.11245685,-0.27242118,-0.3094708,1.0414523,-0.11548427,1.4238971,1.1951315,229,2.0
0.1349587,0.29259276,-0.46471763,-0.7782714,0.7518503,-0.5685427,-0.2832505,1.0982285,-0.40904334,1.639851,0.8214182,0.81672764,-1.003735,0.99827725,0.15306099,1.669575,-0.52180576,1.1995856,-0.49885428,0.27900892,-0.15227893,0.19660062,-0.41070467,-0.19362065,0.8513715,-0.03500456,-0.3277861,-0.38921607,0.70943415,-0.0053648055,0.9432935,1.1697158,229,2.0
-0.15331376,0.53727525,0.3083691,-0.5089184,0.09887688,-0.41580114,-0.859463,0.034628883,-0.3066466,1.2719909,0.9151093,0.18181723,-0.3387706,1.30951,-0.7878381,0.8486264,-0.1599487,0.6723858,-0.4715569,0.26302445,-0.5027692,-0.28363192,-0.88390946,-0.62907314,0.40412742,0.060121454,-1.086066,-0.3983251,0.4931248,-0.5756714,0.8134495,0.89843345,229,4.0
-0.14439023,0.50875264,0.2160102,-0.5755649,0.24016866,-0.48550853,-0.82327914,0.105631605,-0.33279738,1.4677413,0.96030265,0.23908919,-0.4419481,1.3561387,-0.79382235,1.0060315,-0.16894609,0.6632847,-0.60605496,0.3691219,-0.44770676,-0.35428149,-1.0744995,-0.5930905,0.5301108,0.01424006,-1.1771574,-0.49295768,0.47427136,-0.48481303,0.8521108,0.9387642,229,4.0
-0.2128688,0.55405825,0.41427964,-0.5154372,-0.022329837,-0.406587,-0.9030763,-0.2077004,-0.29866022,1.2584659,0.89282835,0.048881818,-0.2516724,1.3574594,-0.98970723,0.68275183,-0.07390283,0.5115666,-0.4666702,0.26623046,-0.5138214,-0.37158448,-1.0301169,-0.58633304,0.31590515,0.06853151,-1.2026393,-0.4164481,0.41441154,-0.67232376,0.7104119,0.82265174,229,4.0
0.027606089,0.3877612,-0.23633403,-0.7627941,0.6411066,-0.6430736,-0.56160897,0.8876664,-0.4326934,1.7276825,1.0509226,0.6973404,-1.1441547,0.995585,-0.3955345,1.7579874,-0.4220906,1.1112685,-0.75478345,0.4288417,-0.112447105,-0.34102792,-0.93856704,-0.2778496,0.9413377,-0.1970669,-0.91222787,-0.6434174,0.7301809,-0.088380806,0.90548104,1.2517797,229,3.0
0.101304755,0.34565246,-0.44366008,-0.8171655,0.8780707,-0.6258893,-0.38125604,1.3822436,-0.38525286,1.8993291,1.041764,0.8345893,-1.05293,0.98600775,0.031123161,1.7667608,-0.5094594,1.2647496,-0.631698,0.3163401,-0.22648394,-0.008830711,-0.54598534,-0.35184774,0.9797685,-0.050448004,-0.47940013,-0.4922803,0.79098856,-0.06736344,1.0986397,1.2015069,229,2.0
-0.021376288,0.49264023,-0.121381424,-0.6899556,0.6549488,-0.4610566,-0.57013106,0.96002865,-0.24116756,1.6992184,0.786473,0.54595864,-0.3785442,1.4008616,-0.011325264,1.0314517,-0.38922343,1.2454882,-0.17618042,0.065103605,-0.6025719,0.347193,-0.21692136,-0.7395329,0.5645362,0.39197654,-0.36965793,0.026764415,0.973263,-0.492211,1.2355992,1.0609299,229,2.0
0.1270306,0.4406318,-0.55647045,-0.9331368,0.9932814,-0.7904622,-0.34340096,1.5589613,-0.4536299,2.1851394,1.0447152,1.0045177,-1.3007492,1.0898919,0.016879987,2.2429888,-0.5936962,1.4206823,-0.689027,0.42970997,-0.107299596,-0.07414779,-0.70290816,-0.34746686,1.1546607,-0.102817945,-0.62090105,-0.57583344,0.8260217,-0.022125587,1.193221,1.3954773,229,3.0
0.13312659,0.3922,-0.58045596,-0.9028343,1.0245371,-0.83897394,-0.44587153,1.4509627,-0.43879667,1.8920846,1.1615734,0.95921916,-1.3127332,1.1279743,-0.058448013,2.2663145,-0.5407557,1.5070858,-0.8278381,0.507155,-0.15072194,-0.22694741,-0.8184031,-0.23516436,1.1703905,-0.24303934,-0.6916741,-0.756118,0.71033937,0.06343395,1.0408459,1.3647935,229,3.0
0.10520968,0.43446854,-0.49575126,-0.90813524,1.1404556,-0.72418815,-0.35054633,1.9351724,-0.30429226,2.22609,0.87338436,0.9350143,-0.56582487,1.2835217,0.5428075,1.6232494,-0.62086713,1.7166675,-0.21547121,0.022280365,-0.45415986,0.802775,0.05372705,-0.7234435,0.899155,0.34194687,-0.09463003,-0.00808356,1.2912607,-0.30972096,1.7280566,1.1903242,229,1.0
-0.18023592,0.55011004,0.35939413,-0.5175943,0.05530506,-0.40264493,-0.8553231,-0.13495833,-0.30244577,1.2854234,0.89588875,0.12987886,-0.2548028,1.3497437,-0.84458977,0.7467382,-0.11722167,0.6215022,-0.47265562,0.25566465,-0.51956344,-0.3480733,-1.0008848,-0.65066844,0.3647386,0.053211465,-1.1733866,-0.3645974,0.46571708,-0.61578375,0.79947525,0.78545046,229,4.0
0.16501334,0.4068828,-0.551773,-1.0067348,1.0928478,-0.78118557,-0.3221385,1.7360427,-0.42104986,2.3483253,1.1380246,1.0649278,-1.1188587,1.1660205,0.2517872,2.123393,-0.6656544,1.6911281,-0.6365045,0.28856784,-0.18655016,0.15826361,-0.5152744,-0.40188444,1.1465768,-0.034639206,-0.46492782,-0.44342208,1.1077449,-0.026440766,1.3671721,1.3720309,229,3.0
0.15568249,0.32678863,-0.3315358,-0.75510526,0.94891274,-0.48544076,-0.31648463,1.6987382,-0.13325755,1.7607073,0.46258688,0.7494259,0.042307265,1.3174863,0.5864332,0.68142647,-0.49304232,1.7071294,0.32404503,-0.27781194,-0.6959279,1.3438736,0.73207223,-0.81191146,0.49370617,0.5595282,0.35394147,0.4905032,1.1635967,-0.57535785,1.8050152,0.746727,229,1.0
0.16629383,0.42532033,-0.46216893,-0.8438924,1.070282,-0.6237246,-0.29997063,1.940764,-0.20366222,1.8871917,0.641719,0.8933925,-0.20299563,1.3995335,0.7216353,1.0411475,-0.49527633,1.7367083,0.2916031,-0.20250337,-0.69426244,1.2858107,0.65057206,-0.8621191,0.67174757,0.69211173,0.35481974,0.38994193,1.2377481,-0.5649845,1.900632,1.0102885,229,1.0
0.10015935,0.41600707,-0.5097567,-0.9049206,1.0056063,-0.724727,-0.41388616,1.6770796,-0.37896866,2.140295,1.0252943,0.9994651,-0.8577215,1.2168453,0.23436585,1.9337827,-0.6236537,1.5406011,-0.4874056,0.22666016,-0.30933774,0.33897316,-0.3529723,-0.50981796,1.0033758,0.096841894,-0.4054927,-0.34190235,1.0997565,-0.15167248,1.4202925,1.2978717,229,3.0
0.07542394,0.34134683,-0.4423768,-0.8220003,0.9085576,-0.6262762,-0.48679343,1.3439624,-0.43996245,1.9751352,0.938192,0.9196812,-1.3074659,0.9530418,-0.049617525,2.032265,-0.58973306,1.1948472,-0.7056737,0.38078523,-0.15433803,-0.15933345,-0.63634336,-0.29769507,1.0384569,-0.15314046,-0.58487856,-0.60488105,0.74781173,0.043896176,1.0873944,1.2892374,229,3.0
0.172642,0.3957457,-0.59138626,-0.99751437,1.1264957,-0.79511607,-0.32006627,1.8524227,-0.42278263,2.3620107,1.1378919,1.0859675,-1.0781647,1.1263359,0.31010124,2.1860833,-0.64601684,1.7066047,-0.62770486,0.26907843,-0.19406345,0.20655717,-0.43712333,-0.40776187,1.1638944,-0.009305377,-0.4134559,-0.4214413,1.1517248,-0.043286838,1.3770179,1.343356,229,2.0
0.12028344,0.31678635,-0.49923635,-0.85066825,0.8196886,-0.7196643,-0.39065528,1.2771382,-0.5117183,2.1099305,1.1212717,0.91289335,-1.3517383,0.98567975,-0.30123988,2.026519,-0.5157563,1.3920184,-0.91775554,0.42428052,-0.03261471,-0.29358274,-1.0495554,-0.21497649,1.1536555,-0.31239936,-0.8031756,-0.7055505,0.8247853,0.05013539,1.0236691,1.3860216,229,3.0
0.13936159,0.4416344,-0.47446495,-0.87304896,1.1932988,-0.6464618,-0.32028162,2.059911,-0.19298923,2.2218118,0.79380715,0.8894901,-0.13554578,1.4474815,0.7316104,1.3776022,-0.5930048,1.8162886,0.15064627,-0.14129262,-0.7160937,1.2869518,0.5593988,-0.8870971,0.7124014,0.59540117,0.27732134,0.257797,1.4809011,-0.5177315,1.8806096,1.0258934,229,1.0
0.14309908,0.30842933,-0.6190567,-0.8298997,0.8215938,-0.57460284,-0.2218803,1.3522798,-0.38864544,1.9439043,0.91013664,0.894585,-0.9136174,0.97738934,0.21204354,1.5655131,-0.5508401,1.3771275,-0.48885122,0.18066114,-0.11436021,0.3301527,-0.23972365,-0.40131646,0.97364664,0.02922386,-0.21404256,-0.39917502,0.9646371,-0.10644968,1.1580567,1.2056447,229,2.0
-0.16620217,0.50706077,0.22093104,-0.5317423,0.13528195,-0.48164538,-0.84426975,0.062118325,-0.3392557,1.378548,0.93926245,0.19042946,-0.43424407,1.2271882,-0.811635,0.9770519,-0.15983763,0.6921968,-0.5262464,0.32367164,-0.42114028,-0.30507195,-0.95110226,-0.52405983,0.5121196,0.029218521,-1.0502517,-0.4900354,0.4841391,-0.531472,0.77386016,0.9183479,229,4.0
0.07555571,0.44280976,-0.36364186,-0.88702416,0.8387089,-0.6983054,-0.44634938,1.2669914,-0.38830438,2.0147524,1.0270561,0.84429693,-1.0205095,1.2095687,-0.046739653,1.8547544,-0.5345962,1.3265977,-0.5885317,0.30684307,-0.23543683,0.0385356,-0.60503864,-0.44598126,0.95230734,-0.008407727,-0.6185526,-0.45337293,0.86596197,-0.1800085,1.1833568,1.2427098,229,3.0
0.11429834,0.36836267,-0.5400565,-0.8978992,0.991308,-0.74541456,-0.3657285,1.6032622,-0.39655128,2.0529888,1.0037683,1.0136974,-0.98771447,1.1370138,0.18502836,1.8987167,-0.5952549,1.4860462,-0.54169655,0.24799573,-0.2236422,0.19123378,-0.47684124,-0.4529837,0.999421,0.023608148,-0.40724447,-0.39198238,1.0622823,-0.09063974,1.3109826,1.2553661,229,3.0
-0.1829005,0.5438471,0.33788455,-0.5300827,0.053447925,-0.40217152,-0.8809562,-0.08844434,-0.30502418,1.3098135,0.92346835,0.10452185,-0.3380657,1.3303432,-0.876701,0.8045646,-0.117296696,0.59646416,-0.49360222,0.26860398,-0.45036718,-0.35655642,-0.9579333,-0.62081534,0.3833714,0.0531725,-1.1108501,-0.40578616,0.45530757,-0.5934426,0.7898584,0.85450155,229,4.0
0.08310905,0.4748508,-0.295393,-0.8478741,0.8962876,-0.64849776,-0.5047512,1.3937523,-0.32271272,2.04962,0.9597669,0.7489009,-0.51809865,1.3625355,0.1666589,1.5393288,-0.45802727,1.4601562,-0.3144743,0.09440099,-0.4814114,0.5020831,-0.18175243,-0.62905765,0.82034934,0.25382003,-0.40624788,-0.17811875,1.1260098,-0.39732623,1.4593763,1.1452751,229,1.0
0.085313454,0.51090074,-0.5299614,-1.0407132,1.0151443,-0.84912395,-0.4920997,1.597226,-0.48745617,2.2574499,1.2377982,0.9402007,-1.4896091,1.3448749,-0.08281378,2.4323082,-0.62271494,1.687705,-0.8559069,0.44209325,-0.176214,-0.1238918,-0.8548224,-0.4316324,1.2447507,-0.1273326,-0.7585284,-0.66900915,0.8947092,0.00055330247,1.3030856,1.4939755,229,3.0
-0.10382655,0.4834174,0.11376773,-0.6404833,0.29094622,-0.53049594,-0.74277925,0.24356177,-0.34543324,1.5395191,0.986753,0.35796443,-0.621269,1.2850133,-0.6724776,1.1033511,-0.21966991,0.791566,-0.5772575,0.33017534,-0.3092157,-0.26614118,-0.89898586,-0.5395097,0.5864681,-0.014176905,-0.96859485,-0.49576443,0.60861015,-0.426777,0.8976959,0.9881434,229,4.0
0.12932709,0.40842152,-0.4947086,-0.9121901,1.0344385,-0.733877,-0.4084869,1.6048267,-0.4049724,2.1838777,1.067553,0.9517978,-1.0382711,1.1249236,0.16907388,1.9916228,-0.5707925,1.5167433,-0.5925683,0.28101328,-0.25603166,0.123445615,-0.49998,-0.44113994,1.0750704,0.011812348,-0.48622346,-0.40936938,1.0418369,-0.15392017,1.3082689,1.2949777,229,2.0
-0.11835781,0.4941211,0.26727957,-0.5156179,0.12033351,-0.37016445,-0.8324765,0.09324867,-0.23575035,1.2535282,0.85391796,0.12679672,-0.23959577,1.3173354,-0.6834064,0.77040064,-0.14738959,0.69190073,-0.37943146,0.21383363,-0.5477728,-0.25329512,-0.75938714,-0.6846317,0.42063943,0.14172474,-0.92963624,-0.3294767,0.5021032,-0.59277827,0.7415285,0.8338821,229,4.0
0.070010066,0.3913846,-0.38693416,-0.75961775,1.02539,-0.4610061,-0.3074055,1.8392713,-0.13229923,1.9417278,0.5458233,0.7832351,0.04681796,1.3200157,0.6685269,0.9075478,-0.53665304,1.5297345,0.293507,-0.1980953,-0.6855952,1.2354218,0.6831337,-0.944023,0.54275453,0.70433426,0.2819464,0.4408356,1.2824622,-0.6077612,1.7487,0.8479603,229,1.0
-0.12834816,0.53337723,0.18381758,-0.6028586,0.2635705,-0.5151624,-0.8422519,0.21283562,-0.35394436,1.528115,0.99031544,0.28504,-0.5329366,1.3133868,-0.7328161,1.1285826,-0.22224128,0.7951072,-0.57364655,0.33113295,-0.4127141,-0.30474955,-0.9649756,-0.5808189,0.56558895,-0.0014545713,-1.0363767,-0.47583905,0.62224716,-0.50548047,0.8757812,1.0202434,229,4.0
0.14575328,0.3823724,-0.44552416,-0.7931334,1.043578,-0.60755044,-0.2759059,1.9187561,-0.20064709,2.0794716,0.5736619,0.84066087,-0.26060408,1.2995971,0.7184363,1.0765113,-0.5172749,1.5838904,0.25280038,-0.23095252,-0.6732247,1.1315479,0.5630224,-0.75526935,0.666643,0.6684365,0.15260394,0.38268328,1.1720624,-0.5054187,1.7688276,0.8996615,229,1.0
0.14263101,0.45553926,-0.43834686,-0.9076392,1.0828934,-0.7054809,-0.34627724,1.7096951,-0.2937113,2.0600374,0.8786771,0.9529346,-0.60136,1.3192533,0.45089588,1.6764743,-0.55627155,1.6804463,-0.24754557,0.02630058,-0.47173852,0.5117392,-0.15183048,-0.6169991,0.9166522,0.31302187,-0.19790314,-0.031185165,1.1397817,-0.2752431,1.5472114,1.1454244,229,2.0
0.10072978,0.41191405,-0.41629672,-0.8523948,0.91594064,-0.7114658,-0.3972179,1.4332969,-0.38351747,2.049419,0.97607213,0.8663543,-0.872467,1.0904046,0.10349093,1.8714036,-0.6126183,1.3509119,-0.50837314,0.2821341,-0.3105621,0.15415996,-0.4666997,-0.39572862,0.94192815,0.09928281,-0.5573803,-0.38214898,0.9370026,-0.15825438,1.2451686,1.2238008,229,1.0
0.059991177,0.33086973,-0.30457568,-0.7901678,0.711776,-0.5968347,-0.4931539,1.0009297,-0.41769314,1.8107722,0.97781223,0.7714985,-1.0718015,0.9428345,-0.33058608,1.6810853,-0.46585453,1.1711848,-0.77125347,0.35942423,-0.11442794,-0.2656951,-0.9144,-0.3646248,0.9427618,-0.20965609,-0.8099378,-0.595707,0.7573741,-0.08495101,0.9379218,1.2457676,229,3.0
0.15181677,0.4571152,-0.6120177,-0.9924341,1.22362,-0.7813176,-0.34177303,2.0712192,-0.3450082,2.344195,1.0077136,1.1060323,-0.90783226,1.2833434,0.48849076,1.9732512,-0.6831074,1.850863,-0.3587545,0.12108012,-0.41034093,0.605492,-0.09404495,-0.648376,1.0726599,0.18461567,-0.18512163,-0.2370472,1.2908412,-0.26448545,1.700735,1.3354019,229,2.0
0.064188644,0.5032985,-0.421138,-0.80396706,0.96963453,-0.6026242,-0.38409874,1.6611449,-0.21882012,2.0093117,0.72972566,0.80311185,-0.32291114,1.260084,0.4168407,1.2810124,-0.48019382,1.4863985,-0.1327427,-0.026716143,-0.63803,0.70748794,0.18440147,-0.75303596,0.7628113,0.4933047,-0.102989934,0.15231353,1.2608569,-0.49302948,1.510206,1.1847147,229,1.0
-0.18250042,0.52954406,0.34721226,-0.5440157,0.031931955,-0.41907004,-0.86067927,-0.15187791,-0.28305244,1.3300885,0.8893681,0.08769345,-0.31810644,1.290305,-0.93668014,0.6873567,-0.082822606,0.5779096,-0.43398768,0.2307466,-0.4026169,-0.33182847,-0.9658233,-0.6345203,0.35317096,0.053970538,-1.0923502,-0.3622054,0.47567323,-0.6420869,0.8137246,0.86361283,229,4.0
0.16090846,0.4155108,-0.67330396,-0.95587534,1.090131,-0.8055193,-0.28399503,1.762438,-0.47331813,2.262009,1.0529026,1.107081,-1.3910922,1.0330021,0.12646641,2.3632007,-0.63304794,1.4986681,-0.7039809,0.456443,-0.079877704,-0.061435625,-0.7083156,-0.27223054,1.230422,-0.11527183,-0.5667808,-0.6122882,0.88542736,0.046345234,1.2145394,1.4100503,229,3.0
0.12635161,0.37562332,-0.47161663,-0.9393647,0.9649823,-0.7424363,-0.37350598,1.5029699,-0.38925567,2.102575,1.0651369,0.98436624,-1.0580698,1.144549,0.098319255,1.9453608,-0.5893948,1.4755802,-0.61330795,0.28015125,-0.20319194,0.09906684,-0.5559248,-0.38495436,1.0296288,-0.03757394,-0.50734603,-0.45567536,1.040577,-0.08283736,1.2342492,1.264364,229,2.0
0.11659306,0.29951513,-0.58976805,-0.76561403,0.77876556,-0.5923426,-0.23656474,1.3675841,-0.40092897,1.9367204,0.8418796,0.8882253,-0.92918825,0.9315612,0.22465202,1.6051686,-0.537508,1.3846158,-0.44425154,0.18178737,-0.1589506,0.2812497,-0.2081832,-0.33990777,0.937273,0.03676012,-0.19400376,-0.34280115,0.9566317,-0.14445026,1.0956714,1.1922125,229,2.0
0.07152285,0.43316448,-0.34288716,-0.9069217,0.82592356,-0.6917911,-0.5673245,1.178704,-0.48111922,1.8408473,1.2410554,0.77229446,-1.1056063,1.1297667,-0.30853868,1.9900503,-0.48919335,1.310338,-0.84160215,0.47474653,-0.14247692,-0.30645996,-0.9319912,-0.390037,1.0053304,-0.19343877,-0.98422974,-0.687825,0.8053474,-0.07658993,1.0749209,1.4331954,229,3.0
0.113963366,0.41058123,-0.53237975,-0.9293977,0.9950818,-0.77691877,-0.390273,1.5905435,-0.4345273,2.1320465,1.0578479,0.9809836,-1.2049713,1.1080657,0.05838494,2.1359887,-0.6085812,1.4608676,-0.6932928,0.39466232,-0.16677964,-0.023681909,-0.6694937,-0.32274866,1.1251544,-0.07957578,-0.5987062,-0.53776896,0.88616043,-0.027980816,1.2491449,1.3592697,229,3.0
0.13084698,0.40133476,-0.5544916,-0.9319293,1.0975173,-0.750296,-0.36520013,1.8695334,-0.4001059,2.2206895,0.99120426,0.98323846,-0.951806,1.1909528,0.39386383,1.9558333,-0.67454135,1.7003201,-0.4287131,0.17649111,-0.3036148,0.4410352,-0.22100487,-0.51548433,0.9828316,0.120082445,-0.28923914,-0.27838355,1.1851662,-0.099867105,1.5859936,1.3280467,229,2.0
0.1662626,0.38470635,-0.59259653,-0.90687495,1.0617635,-0.72526085,-0.3060516,1.7487504,-0.38710275,2.2450278,0.9324737,1.0455158,-1.0306746,1.1128663,0.31636655,1.940454,-0.66044396,1.5672815,-0.48119366,0.23211111,-0.27603275,0.40874052,-0.30573404,-0.46644476,1.0355016,0.11230632,-0.36032355,-0.31507477,1.0914743,-0.087954946,1.4449532,1.2534555,229,2.0
-0.1841266,0.54218155,0.38891917,-0.4868369,0.014938496,-0.3812428,-0.8854294,-0.13853236,-0.2952394,1.2555679,0.955542,0.10827783,-0.32733944,1.2940155,-0.86227214,0.77025443,-0.09072932,0.58230114,-0.4901733,0.24411315,-0.5068972,-0.38534254,-0.995404,-0.6476568,0.38485983,0.08002883,-1.159236,-0.41655672,0.4246641,-0.5862913,0.76376903,0.8566027,229,4.0
-0.031525154,0.42154163,-0.052783173,-0.68606424,0.5471976,-0.49682602,-0.56984437,0.61848205,-0.3053848,1.5310155,0.80672425,0.49888968,-0.6416513,1.2683464,-0.25631353,1.0608741,-0.3405019,1.0596652,-0.34912443,0.21079731,-0.3947677,-0.0021553114,-0.57124174,-0.54265314,0.5910654,0.14363527,-0.5488672,-0.24524578,0.67979884,-0.34761283,1.031831,1.0286095,229,3.0
-0.1533178,0.53665066,0.24408357,-0.5712768,0.17408124,-0.46366692,-0.84265435,0.10877001,-0.32019675,1.4114966,0.9345301,0.20157385,-0.411163,1.3114084,-0.7691671,0.96942973,-0.20323393,0.7358104,-0.49283755,0.27642637,-0.4828778,-0.2736559,-0.9119822,-0.5944686,0.47072273,0.051443845,-1.064976,-0.4346426,0.5416523,-0.57917434,0.8454786,0.9337758,229,4.0
0.013144236,0.4393636,-0.20207626,-0.81266344,0.67785954,-0.6917416,-0.5349481,0.8195678,-0.39320576,1.8358675,1.1183084,0.71359086,-0.93554455,1.2590977,-0.31946287,1.5740603,-0.4387518,1.1418941,-0.67995673,0.375475,-0.26011482,-0.12873945,-0.82895875,-0.44222653,0.84833956,-0.08198951,-0.7906199,-0.55709904,0.822008,-0.16144389,1.0838166,1.162032,229,3.0
0.13858849,0.35192725,-0.3924598,-0.7493932,0.95583415,-0.45664334,-0.26110262,1.8269217,-0.11453706,1.7558036,0.502968,0.7420071,0.06143967,1.3740249,0.6575076,0.73468196,-0.4249409,1.5036054,0.31017533,-0.29585826,-0.67594683,1.3631485,0.7572497,-0.8679892,0.50166667,0.6925561,0.33441323,0.5611033,1.1662993,-0.60529315,1.7814878,0.77437985,229,1.0
0.15737663,0.41712418,-0.56126624,-0.93062776,1.1989741,-0.73332787,-0.31124905,1.9959949,-0.29697567,2.2659488,0.79543006,0.95830905,-0.41480717,1.290631,0.6746384,1.5169784,-0.6393281,1.7951735,-0.0965815,-0.036350355,-0.48952883,0.99114674,0.3243719,-0.6923887,0.8525263,0.38261914,0.008053005,0.026122749,1.3059467,-0.31979874,1.8104082,1.1658154,229,1.0
0.12933457,0.42583615,-0.5409356,-0.9326634,1.135218,-0.737934,-0.36948812,1.9484744,-0.37105018,2.2476103,0.9816138,1.0134835,-0.82109296,1.2789035,0.47486356,1.8679601,-0.66514635,1.7226882,-0.34098712,0.10175166,-0.37399158,0.57538295,-0.09845847,-0.5977116,0.95643413,0.19973981,-0.1954624,-0.21280399,1.2476656,-0.16279373,1.6440809,1.2969943,229,2.0
-0.18287069,0.5670769,0.4027899,-0.48588133,-0.010402881,-0.40529048,-0.88624,-0.1421558,-0.28059924,1.2964238,0.9463395,0.08536478,-0.23919651,1.366384,-0.8595152,0.73694974,-0.08734853,0.6374319,-0.4514902,0.23017576,-0.5687668,-0.36079234,-1.0271353,-0.7272646,0.35872704,0.12189747,-1.2085302,-0.35107782,0.43772984,-0.65768975,0.78466475,0.8515394,229,4.0
-0.141544,0.5134927,0.20932232,-0.6093834,0.24635479,-0.4884142,-0.8266244,0.1335392,-0.3343256,1.4596777,0.96927136,0.26825324,-0.5077855,1.298993,-0.7331501,1.0276269,-0.19528082,0.7490506,-0.5463214,0.30090424,-0.41414434,-0.2940622,-0.94954526,-0.5707726,0.52022564,0.01984955,-1.0214157,-0.46055132,0.579045,-0.4943383,0.87886935,0.9392609,229,4.0
0.17389387,0.36910912,-0.5530608,-0.8581609,1.0357131,-0.8025239,-0.30745614,1.6938385,-0.43287823,2.0271642,0.7969054,0.946475,-0.9443606,1.1933075,0.2532008,1.7763985,-0.61121947,1.4669774,-0.3642819,0.23162474,-0.31114522,0.40134597,-0.22243285,-0.33259818,0.9014914,0.06075906,-0.2824667,-0.43190426,0.8299333,-0.10542345,1.2554297,1.2717417,229,2.0
0.16346736,0.44940507,-0.49980593,-0.86257344,1.1644074,-0.6896367,-0.33370167,2.0150228,-0.26829642,2.276029,0.8178406,0.92814064,-0.49714488,1.3063293,0.69062257,1.5027161,-0.551184,1.7405418,-0.06654833,-0.01882992,-0.53287673,1.0334564,0.29726595,-0.6960623,0.8374835,0.42910704,-0.016403489,0.1059486,1.3464501,-0.4117268,1.718806,1.0879337,229,1.0
0.16895774,0.36441317,-0.6021501,-0.7987296,1.0623271,-0.66586167,-0.2861231,1.8208163,-0.36554822,2.2417436,0.7645857,0.9462559,-0.68499666,1.1750302,0.52786857,1.4537799,-0.5846867,1.5918626,-0.21606502,0.06686661,-0.37756792,0.7146816,0.10242708,-0.6227456,0.845716,0.32968342,0.00047183037,-0.09841491,1.162714,-0.22151226,1.4993846,1.1791129,229,2.0
0.14557436,0.41508964,-0.55829614,-0.92354196,1.1721323,-0.7370678,-0.32865015,2.0069864,-0.34434617,2.3059206,0.8437768,0.99134755,-0.7197576,1.2261915,0.5437751,1.7382143,-0.6560094,1.7415844,-0.2825769,0.058232788,-0.3957124,0.7531515,0.04297015,-0.62792313,0.9629823,0.30206308,-0.10299361,-0.05540123,1.2534266,-0.25757307,1.7131183,1.2048589,229,1.0
0.1796537,0.36610436,-0.63381386,-0.9146466,1.0399905,-0.78583884,-0.29153562,1.6904916,-0.4466666,2.126748,1.0136275,1.0568959,-1.3129507,1.0102102,0.077918336,2.2538202,-0.58288586,1.4122461,-0.7263548,0.46211946,-0.021426175,-0.07153343,-0.7058958,-0.27401695,1.1653657,-0.13350448,-0.57294333,-0.6205909,0.87793154,0.06399513,1.1560706,1.3715794,229,3.0
0.12683496,0.4346009,-0.5739926,-0.9294562,1.1279256,-0.8255862,-0.33401376,1.5309505,-0.35901183,1.9901528,0.9435457,0.94263303,-0.94034797,1.2263693,0.19548675,1.8756225,-0.5950597,1.5086814,-0.42677712,0.26874912,-0.30191368,0.31758368,-0.38254187,-0.47388685,0.9739752,0.2114897,-0.37205607,-0.28262854,0.90090084,-0.19547153,1.3581604,1.1816052,229,2.0
0.12944512,0.44533813,-0.48459136,-0.96136564,1.1686779,-0.74334145,-0.35746723,2.0241895,-0.35288268,2.3479269,0.9160463,1.0102407,-0.7278878,1.3195609,0.51719177,1.7578566,-0.6805667,1.7924604,-0.30148828,0.031073608,-0.43394896,0.7702285,0.017726105,-0.68136704,0.97395456,0.30545214,-0.1517973,-0.041696828,1.3102086,-0.27941382,1.7905964,1.2519246,229,1.0
0.14763907,0.37552032,-0.6318338,-0.96664494,1.1337543,-0.79226434,-0.3248703,1.8209864,-0.41902125,2.2207558,0.90999824,1.0155843,-1.0769411,1.1498985,0.33875257,2.0524719,-0.7220268,1.7123606,-0.4878983,0.22059867,-0.3367581,0.36713278,-0.3037031,-0.47640193,1.0533624,0.028680272,-0.30730066,-0.35060337,1.1321135,-0.072518826,1.5464071,1.3824701,229,2.0
0.13359542,0.40646002,-0.5182806,-0.8383439,1.0342966,-0.6158855,-0.3118249,1.763972,-0.31734616,2.1771917,0.80541295,0.87336344,-0.6782873,1.1884757,0.47525802,1.6696194,-0.5985056,1.4725939,-0.27712333,0.07400939,-0.44596487,0.6371224,0.06292054,-0.598804,0.871837,0.2565743,-0.17104337,-0.0884912,1.1723377,-0.28999126,1.547246,1.2382867,229,2.0
0.066170156,0.4255485,-0.5185409,-0.86948526,0.92978173,-0.7063241,-0.42130724,1.50436,-0.41015887,2.2017193,1.0379165,0.92618906,-1.1054693,1.1406792,0.0782079,1.9610301,-0.59849155,1.392356,-0.6236947,0.2960071,-0.27740702,0.084708855,-0.55267525,-0.44197196,1.0303545,-0.0037956294,-0.5283117,-0.45190436,1.0581731,-0.12831676,1.2629387,1.328936,229,3.0
-0.05503657,0.46263787,0.019323647,-0.6716139,0.4595106,-0.54318655,-0.69828165,0.575606,-0.3888489,1.6746821,0.96830666,0.48911944,-0.6773422,1.1856197,-0.48213503,1.3234288,-0.32102656,0.95657307,-0.63667935,0.28191507,-0.33721843,-0.24614678,-0.8842156,-0.5186363,0.7132367,-0.074500866,-0.9576053,-0.48807955,0.70820785,-0.3579797,0.99427205,1.1008432,229,4.0
0.15016593,0.46707523,-0.5080588,-0.93985105,1.1775931,-0.73828036,-0.34442455,1.9778996,-0.29162145,2.3546133,0.9118998,0.9976241,-0.49700037,1.4026631,0.5980366,1.7176737,-0.6247189,1.7614255,-0.10125872,-0.0069334954,-0.54179955,0.91857946,0.18994313,-0.7461943,0.8756554,0.3886965,-0.04238735,-0.0017339438,1.3932273,-0.37899494,1.7530972,1.2153531,229,2.0
0.07960743,0.44766495,-0.40608346,-0.8943535,0.9014931,-0.82727486,-0.51382565,1.2692902,-0.4795432,2.1257386,1.1563661,0.9048303,-1.1283976,1.1335526,-0.09055149,2.1010377,-0.5571455,1.4143384,-0.6705702,0.36649245,-0.16372938,-0.119236395,-0.84068155,-0.407475,1.0942969,-0.09625358,-0.72219384,-0.67740655,0.93231434,-0.11130407,1.2179142,1.3207865,229,3.0
0.07166138,0.37772742,-0.44347352,-0.81070614,0.8948247,-0.6482481,-0.4272578,1.4104131,-0.37135658,1.8751149,0.94792295,0.89206463,-0.83550704,1.1050056,0.11677997,1.7473418,-0.5560916,1.3872734,-0.53024876,0.26463294,-0.27505144,0.19496219,-0.44838965,-0.45960596,0.93961775,0.037700847,-0.47126544,-0.36194253,0.9460291,-0.13733886,1.2302924,1.1636177,229,3.0
0.09565838,0.40823802,-0.4541462,-0.9331287,0.91977525,-0.7822949,-0.39933974,1.250952,-0.44335568,2.1508017,1.1929522,0.9494497,-1.2085049,1.1720392,-0.1198371,1.9940556,-0.58345824,1.3869048,-0.8030523,0.43239623,-0.15615797,-0.12075153,-0.8219614,-0.35866776,1.0854234,-0.15130502,-0.6927715,-0.6329514,0.90787965,0.034642592,1.1756034,1.3769293,229,2.0
0.11510193,0.40437478,-0.5278947,-0.8622091,1.1528842,-0.6786393,-0.32983837,2.0441337,-0.29662082,2.3320038,0.8417171,0.90050673,-0.47623023,1.344182,0.6915176,1.4323468,-0.6846222,1.7321306,0.01806382,-0.044090018,-0.5737922,0.99683595,0.4048252,-0.7941329,0.7703991,0.48695514,0.1549404,0.11754224,1.3093939,-0.34350178,1.7240454,1.1396476,229,1.0
0.18271817,0.38676947,-0.6967448,-0.9517043,1.0781224,-0.8280139,-0.29223335,1.7836376,-0.48253146,2.260629,1.0571637,1.125591,-1.435296,0.983191,0.07176229,2.4286451,-0.6241479,1.4837224,-0.78887117,0.5185238,0.0056949556,-0.16015348,-0.8124902,-0.2266481,1.2718587,-0.18508506,-0.62133425,-0.69788224,0.9244889,0.10793967,1.1515017,1.456799,229,3.0
0.1661061,0.36538604,-0.7349347,-0.9155894,0.94295436,-0.8089568,-0.24638703,1.7784404,-0.46238497,2.0784547,0.9953113,1.0105673,-1.2673638,1.0364342,0.16766137,2.0969265,-0.6333964,1.4261631,-0.6486282,0.33865023,-0.1515725,0.13861659,-0.5016712,-0.23800339,1.1486133,0.020818263,-0.51784086,-0.520697,0.91352767,0.03688822,1.1895938,1.3058158,229,3.0
0.14902349,0.42937297,-0.4017822,-0.84848034,1.1310003,-0.61781263,-0.34110874,2.0004659,-0.22374716,2.039413,0.77260315,0.81480414,-0.07009073,1.3188512,0.79713297,1.2423202,-0.5422573,1.8003197,0.1278522,-0.18877007,-0.66257423,1.2495131,0.5365679,-0.7495837,0.72664726,0.54158384,0.24126667,0.23684195,1.4293209,-0.5430014,1.7348661,0.9237267,229,1.0
0.16137083,0.36093235,-0.49756223,-0.8557369,0.932403,-0.66148174,-0.3565693,1.4809994,-0.40673244,2.164292,0.9391927,0.9370055,-0.8695238,1.0622373,0.14137375,1.6243076,-0.54205906,1.4350796,-0.49790207,0.21093524,-0.2259208,0.30800116,-0.38817438,-0.54802614,0.92638075,0.085033566,-0.39535913,-0.33875623,1.0620358,-0.149142,1.3127582,1.2718345,229,2.0
0.17874655,0.40273234,-0.59489626,-0.9555463,1.0790107,-0.84875584,-0.3727835,1.6766741,-0.49715355,2.171205,1.074437,1.0205514,-1.2284123,1.1185337,0.14126737,2.2582798,-0.64922684,1.5788707,-0.66936094,0.39220166,-0.122857586,0.039888345,-0.6857846,-0.29540217,1.1791979,-0.10255294,-0.5642954,-0.63217616,0.94144535,-0.0187664,1.3071321,1.4124376,229,2.0
0.16970961,0.44057882,-0.55570424,-0.9461912,1.2103734,-0.7261584,-0.3539811,2.0867667,-0.34266794,2.309101,0.9660288,1.0282559,-0.6995606,1.1832677,0.5590945,1.8641949,-0.60845244,1.7969692,-0.26107907,0.08958377,-0.39944857,0.72564775,0.04725965,-0.647146,1.019886,0.29875934,-0.10921022,-0.039433625,1.3315909,-0.33396882,1.6496675,1.1870228,229,2.0
0.16135061,0.4231672,-0.5602783,-0.9415659,0.9804511,-0.7180625,-0.3132812,1.7142925,-0.45022658,2.183495,1.0263405,0.98204243,-1.2500186,1.0987873,0.16308664,2.1126413,-0.62843156,1.5979624,-0.6806383,0.343655,-0.14260232,0.1005495,-0.5705248,-0.35583946,1.1711258,-0.035098813,-0.52138996,-0.48311234,0.97393423,0.017763369,1.3452157,1.4247975,229,3.0
0.06941697,0.41196963,-0.41260397,-0.86477524,0.96989316,-0.6281776,-0.38037997,1.5911932,-0.32159173,1.9755715,0.8917346,0.8337603,-0.7393042,1.2093458,0.26877946,1.5353903,-0.56085867,1.4192182,-0.3260658,0.071851075,-0.40040892,0.47760588,-0.08897875,-0.59921,0.87014914,0.19685805,-0.23798375,-0.194505,1.003907,-0.23461914,1.4454658,1.0828546,229,2.0
0.13302812,0.3461331,-0.6428904,-0.8917318,1.0180405,-0.80782145,-0.34083432,1.4497805,-0.5107254,2.2200134,1.124636,1.0142466,-1.472496,0.9569639,-0.11351094,2.2531357,-0.62106407,1.4752469,-0.87050986,0.5208403,-0.07294878,-0.2659493,-0.8418522,-0.23730953,1.200695,-0.19822076,-0.7073679,-0.7145579,0.8164272,0.14371994,1.1218275,1.4653575,229,3.0
0.1200539,0.364105,-0.38990408,-0.74655,0.9899874,-0.5092569,-0.33765662,1.7933413,-0.10753449,1.8798679,0.5111128,0.74054277,0.0074792653,1.3013735,0.6632762,0.9356566,-0.47304976,1.5550481,0.26991478,-0.17329167,-0.6832558,1.2509085,0.5902144,-0.9258319,0.54595447,0.66482025,0.3597673,0.4412861,1.3615673,-0.58399814,1.6854143,0.8559597,229,1.0
0.17368878,0.37467372,-0.60199744,-0.906618,1.0202744,-0.7537529,-0.2988788,1.7184422,-0.4220685,2.1117373,1.001016,1.0227959,-1.2138187,1.0518166,0.12912978,2.1485548,-0.5930483,1.4925172,-0.6364955,0.36716962,-0.10185839,0.05143025,-0.5643593,-0.35759875,1.1138867,-0.049793083,-0.5195483,-0.5203247,0.9298263,0.015517324,1.2522461,1.3450519,229,3.0
0.041283507,0.4780448,-0.12447743,-0.7882799,0.77531904,-0.5313965,-0.54470915,1.0558239,-0.2895891,1.6658508,0.7561248,0.63832885,-0.4700054,1.3501701,0.04717289,1.14203,-0.42259642,1.3731707,-0.18525842,0.057269156,-0.5912137,0.38040805,-0.22373831,-0.66751736,0.6687685,0.3469071,-0.3755875,-0.045231607,0.9559083,-0.5597967,1.3028965,1.1020072,229,1.0
-0.209777,0.55946106,0.47255582,-0.4628158,-0.0699152,-0.34853005,-0.9196979,-0.22431979,-0.25675064,1.172317,0.93157214,0.015879609,-0.12693691,1.2711612,-0.9268507,0.6410285,-0.042660758,0.52925086,-0.41602853,0.24205786,-0.51762444,-0.42614597,-0.96096444,-0.684836,0.3205966,0.11391657,-1.1954992,-0.38979173,0.40002975,-0.6863677,0.61635137,0.8275358,229,4.0
-0.19174081,0.5382311,0.3985818,-0.47926268,0.05768946,-0.36174113,-0.8606082,-0.18802157,-0.29184377,1.1427964,0.9290871,0.108519256,-0.26347592,1.3259062,-0.8847749,0.6776619,-0.06956628,0.5696867,-0.48842102,0.29109427,-0.5059502,-0.35124236,-0.93806136,-0.6109898,0.33079565,0.06284775,-1.1481519,-0.40684935,0.39351785,-0.5674748,0.692763,0.8267879,229,4.0
-0.16666077,0.5278491,0.35029256,-0.50296354,0.027663007,-0.36686745,-0.8199816,-0.15781654,-0.28902513,1.2001971,0.8471065,0.13147001,-0.28139263,1.3126451,-0.8434292,0.67106843,-0.08701752,0.5780935,-0.42804816,0.24716263,-0.49118716,-0.33419633,-0.9459902,-0.5913663,0.34579796,0.048084788,-1.0805404,-0.33475602,0.44471544,-0.5855523,0.78008807,0.7792115,229,4.0
0.14744094,0.40527844,-0.5319539,-0.89903253,1.0942187,-0.7138918,-0.39010552,1.7926048,-0.38267916,2.0745573,0.987941,0.95453006,-0.9025856,1.2335839,0.390207,1.8483998,-0.6647981,1.5788074,-0.43087208,0.20513284,-0.33553207,0.43828917,-0.16078535,-0.5138921,0.9262078,0.12913394,-0.25622785,-0.2902907,1.0705829,-0.11977746,1.4999447,1.2532852,229,2.0
0.07375179,0.34739208,-0.53291136,-0.92035794,0.93235946,-0.8440405,-0.3978756,1.2497234,-0.50152314,1.8865513,1.0812235,0.8952786,-1.4346354,0.9132995,-0.24057263,2.226998,-0.5504288,1.3333892,-0.87784123,0.517353,0.0708266,-0.27642024,-0.8903471,-0.17786701,1.160349,-0.29944128,-0.7142977,-0.7996098,0.7448453,0.11287456,1.0729895,1.4115384,229,3.0
0.13731745,0.48100856,-0.5342657,-1.0065004,1.1386403,-0.80527574,-0.43341568,1.981851,-0.37173238,2.4886856,1.0849745,0.99337465,-0.71913743,1.4502244,0.41000372,1.9033201,-0.6068905,1.8451064,-0.35740855,0.06955421,-0.43690056,0.6479875,-0.107140034,-0.6774445,1.0419759,0.26023778,-0.2751184,-0.18455562,1.3757797,-0.34694833,1.70215,1.3078649,229,1.0
0.118737325,0.36251944,-0.5233992,-0.8990755,0.9658757,-0.6914017,-0.3915048,1.5475715,-0.41974473,1.9751738,0.99260074,0.93537915,-1.1267048,1.0383902,0.06773714,1.9860642,-0.585808,1.4340341,-0.67252403,0.37454784,-0.20080432,0.0577577,-0.5520531,-0.30396545,1.0504131,-0.06916672,-0.5404254,-0.49143267,0.9487501,-0.011293825,1.2122046,1.2772759,229,1.0
0.14654626,0.38319886,-0.43077648,-0.79857254,1.0958707,-0.5959432,-0.26204333,1.870467,-0.20579213,1.9697533,0.61559683,0.8846894,-0.20254311,1.3501042,0.64285564,1.1918304,-0.5412873,1.6328111,0.1449728,-0.18012775,-0.62197375,1.1498485,0.49153188,-0.77557206,0.68779504,0.5425544,0.18521684,0.34802857,1.1568239,-0.51459736,1.7729142,0.9455578,229,1.0
0.16739768,0.4123771,-0.6735976,-1.0409626,1.1090515,-0.7733651,-0.296964,1.9341378,-0.45384482,2.2877634,1.0829266,1.1011391,-1.2266828,1.0862252,0.33191806,2.1786497,-0.7234754,1.7037423,-0.60003275,0.2984107,-0.19958502,0.24524777,-0.39544532,-0.4109838,1.1651411,-0.007582579,-0.4456133,-0.42179093,1.1056461,0.0061004683,1.4780656,1.488773,229,2.0
0.14938915,0.37862748,-0.5909479,-0.8919748,0.94412345,-0.71913874,-0.25885963,1.562225,-0.38723323,2.0353503,0.9204122,0.9641777,-0.93529344,0.97494894,0.2585485,1.8211485,-0.5894056,1.5334156,-0.41567245,0.19993547,-0.24985221,0.34815168,-0.2918065,-0.40156776,1.0304875,0.054414608,-0.23590454,-0.30002946,0.9821122,-0.118802845,1.266964,1.2894757,229,3.0
-0.18758956,0.58964086,0.4557655,-0.49535167,-0.030739903,-0.3999018,-0.91832983,-0.17352176,-0.29558498,1.2524872,0.92243,0.0705835,-0.21983406,1.3544985,-0.94174695,0.6988252,-0.07960609,0.57263494,-0.38815132,0.21626925,-0.5752979,-0.34642625,-0.96760345,-0.69974697,0.3169874,0.13071677,-1.2089391,-0.38287762,0.41612384,-0.7107414,0.7474242,0.8573829,229,4.0
-0.18316007,0.48866904,0.3698187,-0.5204686,0.07960701,-0.40958464,-0.82362473,-0.15831205,-0.32982147,1.230879,0.93102276,0.19053967,-0.42436284,1.1424168,-0.89909774,0.7964153,-0.090810135,0.57837385,-0.57915425,0.3334576,-0.39064562,-0.45752913,-1.0794053,-0.4857573,0.4489806,-0.049451068,-1.1831448,-0.452901,0.42229673,-0.5078292,0.6998448,0.84546334,229,4.0
0.08824733,0.3223559,-0.5243082,-0.80455595,0.879663,-0.6517854,-0.3620018,1.4159282,-0.3961105,1.8902087,0.96639824,0.9417051,-1.0683013,0.95851845,0.05814483,1.8635597,-0.54911935,1.3006303,-0.6354399,0.369412,-0.14744523,0.015075516,-0.58018816,-0.31518358,0.9878285,-0.057425085,-0.537251,-0.5061951,0.8733032,0.0026085451,1.0997142,1.2142042,229,3.0
-0.009457845,0.43699846,-0.12309973,-0.7064398,0.5828321,-0.6239538,-0.6468284,0.8302116,-0.38415894,1.801359,0.9986766,0.614156,-0.7824116,1.1186985,-0.3046175,1.5192308,-0.43041423,1.062094,-0.5906794,0.30611002,-0.3335756,-0.18207124,-0.73116076,-0.54469746,0.81528497,-0.020834189,-0.7736317,-0.47441328,0.71750027,-0.2769984,1.0141176,1.121636,229,3.0
0.11724955,0.36470112,-0.62725204,-0.79703707,1.0132941,-0.7349911,-0.28044522,1.6336623,-0.41344762,1.9207243,0.8989432,1.0029385,-0.9700313,0.9192332,0.26765674,1.9544145,-0.54656845,1.3547724,-0.48556966,0.27947357,-0.28247833,0.24926002,-0.30755118,-0.39660972,1.0070709,0.14608625,-0.3553607,-0.32589075,0.9626179,-0.15988389,1.1301221,1.2556481,229,3.0
0.19861089,0.36192548,-0.48786563,-0.81682086,1.0656935,-0.67017204,-0.2421216,1.700822,-0.29578507,1.8693639,0.777964,0.94342923,-0.58811295,1.1447396,0.44781348,1.5742133,-0.53414357,1.5154666,-0.23035225,0.072970554,-0.43268692,0.5852367,-0.017940365,-0.50107723,0.8445598,0.29058605,-0.07960523,-0.03209815,1.0791317,-0.24682781,1.395038,1.0529692,229,2.0
0.116649985,0.24747047,-0.557992,-0.7399286,0.8913614,-0.5169308,-0.11903407,1.2313327,-0.34871823,1.4704345,0.72647387,0.78934646,-1.062788,0.585849,0.20111477,1.7129447,-0.5733176,1.0630617,-0.5458561,0.34831458,-0.042922586,-0.0049928427,-0.43117887,-0.1678791,0.88368213,-0.12242367,-0.3504552,-0.38700205,0.5351584,0.12593591,1.0017937,1.0514985,229,3.0
0.15201448,0.4058024,-0.56762576,-0.9061078,1.1248224,-0.76254517,-0.33342612,1.7926055,-0.41642505,2.3681743,0.9530134,1.012679,-0.905177,1.1904911,0.37006658,1.8287407,-0.63674057,1.6852599,-0.39374262,0.17535946,-0.32142392,0.54485625,-0.21757947,-0.62101614,0.94624245,0.19987255,-0.26824567,-0.277085,1.2247618,-0.14106634,1.6010302,1.3661001,229,2.0
-0.17588365,0.47743678,0.35553932,-0.43715864,0.005586043,-0.41081646,-0.8151376,-0.17810233,-0.3305698,1.1894603,0.89843446,0.12091161,-0.36780977,1.0524002,-0.8282388,0.7428906,-0.048510443,0.51107204,-0.48116308,0.28776962,-0.36904842,-0.37799162,-0.9521085,-0.52941984,0.42969817,0.044588782,-1.0714169,-0.42414215,0.43384483,-0.53464764,0.66619873,0.7549712,229,4.0
0.11545697,0.4053809,-0.5361586,-0.8949305,1.0303462,-0.72181433,-0.35630244,1.7656622,-0.37292,2.0933714,0.9734025,1.0287734,-0.91522473,1.1965955,0.33308485,1.7724429,-0.61934906,1.650987,-0.4421403,0.15084875,-0.31352574,0.42866868,-0.24526429,-0.4991035,1.0102665,0.10664754,-0.24654894,-0.30251038,1.1871665,-0.11198877,1.450253,1.2681541,229,2.0
-0.17585164,0.48720887,0.261576,-0.5429276,0.17208636,-0.4904714,-0.8310565,0.012261771,-0.36392236,1.3358718,0.91165024,0.2366513,-0.46861047,1.0828432,-0.7974605,0.995779,-0.14733756,0.6599955,-0.59692335,0.32741696,-0.36251748,-0.41272575,-1.0309843,-0.49832344,0.5358718,-0.041360397,-1.1102555,-0.499078,0.49051633,-0.49380663,0.74084437,0.8846992,229,4.0
0.08595228,0.40611717,-0.40246642,-0.85818446,0.85908103,-0.77389824,-0.4295886,1.1926754,-0.43416047,2.1006284,1.1015813,0.88107467,-1.1362793,1.1357816,-0.1990533,1.9254678,-0.5436355,1.3293675,-0.75858307,0.43411344,-0.16523582,-0.13229123,-0.8084276,-0.32437274,1.0338866,-0.086931854,-0.75696194,-0.5893668,0.8413299,-0.03885799,1.1274538,1.346091,229,3.0
0.14648838,0.4490465,-0.47614604,-0.8943002,1.1587406,-0.69961333,-0.35057947,1.9425102,-0.23539588,2.112165,0.72901654,0.9052723,-0.4106288,1.3674579,0.5723935,1.4057801,-0.54802406,1.7186831,0.08266314,0.01537402,-0.656042,0.9673997,0.3014786,-0.82854414,0.78828824,0.52565056,0.07511385,0.21016261,1.188788,-0.4337946,1.8349565,1.1370922,229,1.0
-0.20355602,0.5462927,0.38619065,-0.51474065,0.07576256,-0.42242056,-0.88996696,-0.13996728,-0.30942896,1.2860419,0.98449457,0.12667146,-0.37183183,1.3513944,-0.89147556,0.817124,-0.11723478,0.59585905,-0.531948,0.28652787,-0.51509005,-0.40172148,-1.0453289,-0.6546524,0.3817104,0.075327374,-1.182867,-0.3956689,0.42507604,-0.5709469,0.79862034,0.87824726,229,4.0
-0.18701781,0.50685054,0.40742475,-0.4654788,0.057488866,-0.39049143,-0.85329556,-0.2123551,-0.2891268,1.1798159,0.84953755,0.08075327,-0.21061602,1.3101708,-0.9213095,0.6116738,-0.053161357,0.47864446,-0.462531,0.29576117,-0.49356678,-0.3572861,-1.0369154,-0.5850014,0.3209389,0.064460926,-1.1679802,-0.42290965,0.39857942,-0.6137318,0.69137317,0.8145782,229,4.0
0.16138309,0.4195948,-0.62944067,-0.9871854,1.0804604,-0.7972765,-0.2898245,1.7502236,-0.43848246,2.2572858,1.0267609,1.0859737,-1.3171039,1.1131153,0.123882696,2.2909408,-0.6380556,1.4884903,-0.6802322,0.38982826,-0.1481925,0.025364641,-0.60498595,-0.3251677,1.1825802,-0.068516865,-0.53901565,-0.5367674,0.95327735,0.0038889349,1.2475963,1.3830602,229,3.0
-0.2388545,0.58368343,0.47712928,-0.4795997,-0.11487054,-0.38757205,-0.921834,-0.31987458,-0.28172868,1.2628831,0.9915756,0.052098013,-0.24019703,1.3057795,-1.0351717,0.65825945,-0.021758012,0.5326577,-0.4578644,0.27759773,-0.4914023,-0.44514388,-1.0836605,-0.68143713,0.32142502,0.09977728,-1.2497897,-0.39341617,0.40438983,-0.68007773,0.68134594,0.843898,229,4.0
-0.13762489,0.5157524,0.1789005,-0.55667895,0.18274939,-0.4217399,-0.77327156,0.12624511,-0.32033646,1.3691938,0.90670633,0.22108445,-0.4843487,1.2756046,-0.7286084,0.93003064,-0.18296668,0.69048935,-0.44701412,0.23730595,-0.372082,-0.26097333,-0.814268,-0.58273154,0.46717957,0.03443672,-0.9411055,-0.41492346,0.5089675,-0.53537446,0.8396381,0.940739,229,4.0
0.15759683,0.4649896,-0.6930851,-1.0065339,1.1700264,-0.832884,-0.3412865,2.1163678,-0.39145508,2.381477,1.0635562,1.078548,-0.9722476,1.2841773,0.41907546,2.0887444,-0.7038166,1.7757626,-0.44098225,0.18135265,-0.3559025,0.51198435,-0.23647204,-0.5937709,1.1220595,0.2308586,-0.33234003,-0.20198295,1.2154841,-0.20896271,1.621609,1.4311438,229,2.0
-0.21219084,0.5897818,0.48154044,-0.4897018,-0.027030922,-0.39743838,-0.9276154,-0.24597678,-0.27777323,1.2550156,1.0180111,0.08742784,-0.21113941,1.4069326,-0.9649823,0.7000058,-0.051469482,0.5996527,-0.49179208,0.29016662,-0.5827303,-0.43346298,-1.1045948,-0.7059036,0.351063,0.10763145,-1.2891049,-0.39784926,0.43103343,-0.6605311,0.7233452,0.89138573,229,4.0
0.15629107,0.3415671,-0.5929049,-0.9595415,1.061485,-0.8028444,-0.30967063,1.6605273,-0.41378638,2.2530892,1.0318013,1.0753193,-1.2336103,1.0177003,0.14946093,2.1699462,-0.6590756,1.5695678,-0.6688734,0.36412418,-0.11654402,0.05319063,-0.6006609,-0.28273404,1.1213578,-0.042844396,-0.5544932,-0.49985963,0.97253394,0.018147998,1.1834922,1.3538032,229,3.0
0.102909535,0.42600596,-0.48401183,-0.9112763,1.0438764,-0.72742575,-0.38951266,1.7800319,-0.3521574,2.1325006,0.9897447,0.9174165,-0.81198007,1.2575018,0.33854696,1.7786996,-0.610072,1.6231502,-0.41542512,0.16811195,-0.34110683,0.45973104,-0.25051653,-0.57690996,0.94679725,0.16472155,-0.31744424,-0.21862,1.1619722,-0.17449152,1.5657717,1.2406737,229,2.0
0.18568932,0.43275863,-0.45834714,-0.82503885,1.0341554,-0.66777533,-0.26711905,1.8642058,-0.19522879,1.8001847,0.42276952,0.90312326,-0.3098219,1.2983491,0.5694929,1.1650916,-0.4685801,1.4605839,-0.07840988,-0.21029334,-0.53876686,0.97162443,0.3666336,-0.7213167,0.7609248,0.46466482,0.037964165,0.22171015,1.3476398,-0.40799457,1.8015028,0.9975479,229,1.0
0.069666624,0.46986297,-0.42037976,-0.9212533,0.9240567,-0.783704,-0.5529206,1.3985965,-0.4390205,2.024019,1.1734256,0.8753999,-1.1928471,1.2485911,-0.19178976,2.0247788,-0.49627915,1.4300747,-0.7580163,0.39239347,-0.25790915,-0.17278151,-0.769122,-0.41957307,1.0582552,-0.10908122,-0.7863072,-0.5867368,0.83289135,-0.1413807,1.2512707,1.4145921,229,3.0
-0.16239938,0.5320336,0.22412856,-0.5828373,0.17778507,-0.48256025,-0.8469291,0.072626345,-0.32454723,1.4246988,0.9583856,0.20462763,-0.46350017,1.2898884,-0.80170846,0.9896978,-0.18165322,0.7105052,-0.515881,0.29780495,-0.43416798,-0.30860466,-0.9592744,-0.5872079,0.49700475,0.039340578,-1.0582054,-0.46654367,0.5356581,-0.5520014,0.84722376,0.9295612,229,4.0
0.12465775,0.39104906,-0.70314723,-0.97872865,1.0036237,-0.8043086,-0.30068335,1.9485152,-0.46303186,2.130339,1.1176672,1.0580933,-1.3462427,1.0598629,0.20708276,2.3017268,-0.7264415,1.4770222,-0.7824985,0.39039546,-0.057593316,0.065929145,-0.66002834,-0.27177227,1.2484348,-0.0102191875,-0.5964367,-0.60276043,0.8167971,0.035927735,1.3150663,1.380172,229,3.0
-0.18804532,0.5585827,0.395415,-0.5232996,0.025235847,-0.42002183,-0.8962357,-0.19309342,-0.29438955,1.2937068,0.90975,0.07416938,-0.2710108,1.4257399,-0.9716334,0.68108404,-0.086506836,0.5297512,-0.44546163,0.26051342,-0.5367952,-0.36601073,-1.0184063,-0.6736158,0.29900742,0.07903772,-1.1850035,-0.35916895,0.43069774,-0.67116517,0.7775866,0.8470741,229,4.0
0.18092902,0.25907475,-0.5292449,-0.78844094,0.8611048,-0.7091707,-0.28595424,1.0771087,-0.46168375,1.7323632,0.9231634,0.8806837,-1.3305837,0.9446196,-0.102557756,2.0435681,-0.44094184,1.0881948,-0.778085,0.5229291,0.046183467,-0.2632423,-0.83545494,0.09700999,1.0061572,-0.36867335,-0.60341233,-0.78250706,0.57726556,0.18407872,0.6146517,1.2463777,229,3.0
0.1609063,0.4231767,-0.59456676,-0.97061884,1.2145493,-0.7531439,-0.23760447,1.9959061,-0.3382172,2.2472618,0.9095742,1.075612,-0.7388032,1.2903484,0.5347786,1.8925974,-0.68738604,1.7018394,-0.2558247,0.10693477,-0.42026958,0.691459,0.071744055,-0.5551416,1.0196602,0.27714244,-0.13944745,-0.13783363,1.1379144,-0.25457323,1.6815609,1.1263286,229,2.0
0.14251359,0.3796118,-0.50255233,-0.9182579,1.0422783,-0.7577155,-0.37374023,1.6186876,-0.38672855,2.1732235,1.0627111,0.9696037,-1.0325552,1.1164526,0.17187716,1.9883629,-0.5679974,1.5247762,-0.5970434,0.26767164,-0.24922866,0.15572679,-0.492339,-0.40909538,1.071631,0.036052212,-0.48228788,-0.4122399,1.0330824,-0.1389741,1.296092,1.2750299,229,3.0
0.1471101,0.3550909,-0.50393844,-0.77865803,0.897204,-0.5642191,-0.22217114,1.6895542,-0.24030545,1.8204962,0.6481031,0.8477359,-0.73038214,1.0411187,0.46713585,1.5016977,-0.60153514,1.3612372,-0.2064011,0.0726989,-0.379617,0.540091,0.06186898,-0.4828611,0.78977644,0.2325624,-0.16315141,-0.04805564,0.96637535,-0.18066789,1.323834,1.0950092,229,2.0
-0.1864924,0.5096325,0.33800888,-0.54656297,0.080759875,-0.3822212,-0.78269374,-0.09160003,-0.32120943,1.2166154,0.84277636,0.1891412,-0.3104922,1.209071,-0.8492244,0.7363888,-0.11514373,0.5497995,-0.5080363,0.27613503,-0.43840116,-0.37623638,-1.018626,-0.53031176,0.3658771,-0.029662278,-1.1405306,-0.39991716,0.41799176,-0.56177294,0.72314537,0.7985241,229,4.0
0.08734332,0.46383145,-0.31075242,-0.7575524,0.9406005,-0.5446319,-0.37223482,1.5282047,-0.22358653,1.8445406,0.5766435,0.7786525,-0.23036319,1.3573248,0.48548982,1.1359991,-0.41117847,1.5676383,0.006223455,-0.17578547,-0.6026817,0.7982155,0.17323239,-0.7058809,0.72677803,0.49957088,-0.028383154,0.2367158,1.2701904,-0.49043423,1.5932297,1.0201068,229,1.0
0.08804043,0.4031519,-0.4050129,-0.8002207,0.9904619,-0.5540207,-0.3939235,1.9567215,-0.16027054,1.8748486,0.5839141,0.78267777,-0.14062935,1.3609282,0.5716311,0.9575388,-0.4958277,1.5159948,0.17326969,-0.1302704,-0.68538123,1.1056199,0.42517388,-0.8547375,0.6386608,0.6675208,0.089057714,0.39033598,1.2481847,-0.54174143,1.7856097,0.9446136,229,1.0
-0.15504003,0.51935476,0.34447044,-0.5449026,0.10020362,-0.40701303,-0.8726808,-0.04584312,-0.30466926,1.3133727,0.89430207,0.118885756,-0.2782306,1.387117,-0.8268993,0.7474808,-0.11615229,0.6170306,-0.4706196,0.23488376,-0.4974419,-0.30051106,-0.9206989,-0.6223246,0.35167655,0.070067994,-1.1032388,-0.35637408,0.49596554,-0.5976012,0.85017693,0.81213886,229,4.0
0.13372499,0.36835837,-0.61937976,-0.9206295,1.0420234,-0.6726392,-0.39091116,1.6642029,-0.51505154,2.2190378,1.2159044,1.020528,-1.3044076,0.8908417,0.09236669,2.1927733,-0.6246194,1.4531521,-0.72792655,0.39935535,-0.12325154,-0.04290229,-0.62296116,-0.35105443,1.1814485,-0.0946101,-0.5086805,-0.56984866,0.8991604,0.04265458,1.1813366,1.4252547,229,3.0
0.20623319,0.31798363,-0.65810263,-0.8788973,1.0001605,-0.76074106,-0.20479432,1.6152849,-0.4719425,1.9918473,0.9877461,1.0513507,-1.2080787,0.8657292,0.19749908,2.1324763,-0.64157844,1.5235299,-0.59963614,0.37829345,-0.06274648,0.07443551,-0.50240576,-0.20110416,1.1396891,-0.15988314,-0.37510827,-0.59234655,0.79796946,0.111651875,1.0924383,1.2679801,229,3.0
0.121934846,0.3936796,-0.47422218,-0.88725716,0.9490324,-0.72293335,-0.4184922,1.5641665,-0.38276014,2.08987,0.9588727,0.87533,-0.872139,1.093598,0.18222204,1.8708436,-0.5814481,1.4596107,-0.50183463,0.22845826,-0.31563213,0.2075771,-0.448006,-0.49162358,0.9736159,0.06625131,-0.5116639,-0.33822158,0.9619155,-0.18611461,1.3365561,1.2893189,229,3.0
0.18451709,0.3548395,-0.5874733,-1.0255804,1.0517809,-0.6689823,-0.31070274,1.7118139,-0.4683372,2.1544538,1.0776939,1.0681539,-1.0316335,0.99107575,0.24933752,1.9885098,-0.65252185,1.5453064,-0.51253265,0.2669288,-0.27448955,0.2541811,-0.42527997,-0.39510107,1.1104523,0.14843673,-0.38361272,-0.36821952,0.9864541,-0.061212666,1.312142,1.3427415,229,3.0
0.11502962,0.4473316,-0.52598387,-0.8894483,1.1993467,-0.70209986,-0.33629453,2.034103,-0.312091,2.3680453,0.81456554,0.9578747,-0.42089045,1.3570781,0.64106625,1.4834248,-0.6352211,1.830811,-0.026222669,-0.056964338,-0.58103484,1.0679585,0.3213083,-0.8400182,0.80579686,0.4683659,0.1110602,0.09934187,1.4001063,-0.4010559,1.8113464,1.1742947,229,1.0
0.13741498,0.3978717,-0.59838575,-1.0008479,0.96368754,-0.74316216,-0.3586122,1.6900481,-0.47921675,2.2425718,1.1421704,1.0548103,-1.3180592,1.1106312,0.07637747,2.1920507,-0.6572458,1.5237544,-0.7437859,0.37065458,-0.06252505,-0.019261718,-0.6858785,-0.3121455,1.1648102,-0.13160639,-0.6101402,-0.57036966,1.0016716,0.045655124,1.256242,1.4674371,229,3.0
-0.15485738,0.52353466,0.33438587,-0.5248928,0.109702,-0.3996259,-0.81857026,-0.09534234,-0.285117,1.2412626,0.8533045,0.123933904,-0.29689515,1.3262961,-0.80614364,0.71595544,-0.13274994,0.590979,-0.4151446,0.23265232,-0.47441843,-0.27852774,-0.88001823,-0.5947357,0.35052142,0.06550735,-1.0449574,-0.40386194,0.4503279,-0.6102829,0.76472706,0.8384977,229,4.0
0.06982547,0.41695887,-0.36287534,-0.81232345,0.8199992,-0.6472495,-0.45380524,1.2845788,-0.3739526,1.9684933,0.9986351,0.83036387,-0.8806722,1.1945299,0.033146106,1.7709937,-0.55910206,1.3025479,-0.48764774,0.26537135,-0.36335212,0.13904032,-0.43844736,-0.4851331,0.90455055,0.07556957,-0.52845395,-0.4024636,0.92330366,-0.18745664,1.257014,1.2097397,229,2.0
0.11749686,0.35526407,-0.5287968,-0.79832256,0.90323675,-0.6206718,-0.29872105,1.5288813,-0.3906832,2.0831573,0.83787304,0.91470253,-0.7213821,1.0914477,0.22934337,1.5313382,-0.5293451,1.4429089,-0.37942228,0.1000222,-0.2974467,0.428442,-0.21420772,-0.55409896,0.9086424,0.16485414,-0.23720868,-0.2608471,1.0932027,-0.22835645,1.3415132,1.1628801,229,2.0
-0.18968816,0.51256394,0.37308085,-0.4798831,0.059886433,-0.39181334,-0.8332577,-0.2019138,-0.2896068,1.1700643,0.8886543,0.11784618,-0.29546723,1.2715771,-0.86479175,0.6984438,-0.08111563,0.5443226,-0.49433398,0.28630644,-0.45010906,-0.36490458,-0.9934722,-0.5504903,0.35102037,0.031144142,-1.1345091,-0.44070822,0.40339446,-0.5510935,0.7091398,0.80524576,229,4.0
0.046731237,0.47871843,-0.33345285,-0.9176804,0.8488081,-0.75405985,-0.5494267,1.3118448,-0.42773977,2.0289466,1.1826736,0.757631,-1.0577662,1.3005689,-0.1637463,1.8514887,-0.4681875,1.4094207,-0.66782874,0.37164885,-0.23824239,-0.04971984,-0.75981677,-0.4591599,0.9959514,-0.046195723,-0.79280657,-0.5249139,0.8657738,-0.16548999,1.2937413,1.3237725,229,3.0
0.19132672,0.4175718,-0.5735336,-1.0467561,1.1856387,-0.78069353,-0.35198557,2.0430546,-0.3879387,2.427398,1.1169292,1.0874385,-0.9558677,1.2384752,0.41666362,2.096952,-0.6393992,1.8142568,-0.4991843,0.17027384,-0.29369494,0.44081986,-0.23470208,-0.51935405,1.1216501,0.10402612,-0.2956808,-0.30593297,1.3021353,-0.17205742,1.5652802,1.2852914,229,1.0
0.15531231,0.3734569,-0.5518488,-0.9639903,1.0298116,-0.79186904,-0.30771932,1.4758476,-0.46309206,2.2522016,1.0994523,1.0224333,-1.2843423,1.055737,0.054621793,2.1310096,-0.66299224,1.4861189,-0.7633758,0.42516303,-0.07441443,-0.08197233,-0.7469044,-0.27615872,1.150415,-0.14991531,-0.61565304,-0.594202,0.8927064,0.10253335,1.1942434,1.4529421,229,3.0
-0.16405535,0.5337565,0.28595716,-0.5393725,0.14302406,-0.4370189,-0.8417611,0.016816463,-0.3103565,1.3285539,0.9288206,0.18560098,-0.38483566,1.2686751,-0.76602805,0.8985463,-0.16998696,0.6732085,-0.5049101,0.25554568,-0.47607604,-0.32201117,-0.9326587,-0.6158969,0.4290221,0.040834196,-1.0751085,-0.4190435,0.5116679,-0.54741013,0.8222557,0.8840574,229,4.0
0.09617962,0.3716172,-0.51469576,-0.8820572,0.97906476,-0.6947715,-0.38921243,1.5990949,-0.3763735,2.018905,0.9961796,0.91443306,-0.9851517,1.1135392,0.17669122,1.8760582,-0.5860425,1.4793724,-0.5788105,0.31474608,-0.23906884,0.19127804,-0.44368848,-0.42914584,0.99334157,0.031490233,-0.47665623,-0.39573017,0.9766829,-0.06700702,1.3210554,1.2647504,229,2.0
0.13227908,0.43159342,-0.6000507,-0.93740094,1.166842,-0.7582239,-0.31294608,1.9264109,-0.33853996,2.2373872,1.0004493,1.0306202,-0.74233514,1.2593337,0.4490767,1.886779,-0.6752445,1.6968392,-0.3639112,0.13280596,-0.39137265,0.6385303,-0.014265791,-0.634587,1.0151789,0.19882691,-0.2033819,-0.23058774,1.2239593,-0.21541762,1.7331173,1.2866967,229,2.0
0.12097968,0.42738187,-0.45128268,-0.9412497,0.9243915,-0.7516801,-0.43672746,1.4773183,-0.44897312,2.1084528,1.0871415,0.8618095,-1.1022266,1.1279968,-0.0055904174,2.0880826,-0.57451105,1.426295,-0.5825661,0.31996602,-0.2421611,0.023507144,-0.5846257,-0.39963847,1.0424037,-0.014581047,-0.6505007,-0.51881254,0.9173409,-0.09647897,1.2403767,1.4073745,229,2.0
0.17007478,0.48837414,-0.5955531,-0.9944753,1.2287859,-0.7670366,-0.31882724,2.1628342,-0.30649185,2.3292627,0.92857456,1.0886364,-0.772941,1.3932974,0.6246494,1.8144959,-0.68962705,1.9555036,-0.13402627,0.032336302,-0.5228066,0.90918005,0.13542025,-0.770778,1.0006983,0.4077566,0.0056729987,-0.009916097,1.2692243,-0.3601144,1.8663551,1.2963248,229,1.0
0.092583716,0.3840421,-0.4613287,-0.8408918,1.0573554,-0.6202153,-0.28585255,1.8944538,-0.220545,1.9219543,0.6430421,0.8461838,-0.26937777,1.2197791,0.5841943,1.2393452,-0.58127725,1.5626074,0.046698608,-0.09204723,-0.54148734,1.0379215,0.46249804,-0.7398972,0.73203266,0.4420683,0.10950117,0.27116618,1.2262001,-0.4507438,1.8190113,0.95476764,229,1.0
0.11743198,0.42351258,-0.47643483,-0.86349344,1.096735,-0.6575345,-0.39669293,1.9103856,-0.30321676,2.1658442,0.7594938,0.8927885,-0.48449048,1.315528,0.51439375,1.5975329,-0.56960285,1.57366,-0.07163611,-0.0031537414,-0.5118224,0.82727575,0.12957205,-0.7255256,0.80402076,0.3415502,-0.028081939,0.10090986,1.3001168,-0.44847438,1.7087681,1.1349155,229,1.0
0.12483862,0.42325845,-0.5518123,-0.94106543,1.0159653,-0.79823434,-0.3679152,1.6151276,-0.44353038,2.1555085,1.0669882,1.0107019,-1.2665768,1.1021675,0.05862139,2.2052155,-0.61149704,1.450545,-0.67761314,0.4090342,-0.12546363,-0.04302226,-0.69304216,-0.3373557,1.1394151,-0.08790529,-0.6089989,-0.5653897,0.83624244,-0.023439296,1.2488209,1.3773946,229,2.0
-0.0202005,0.44833764,-0.11201601,-0.7695533,0.5623843,-0.5923569,-0.63658917,0.7786946,-0.37366018,1.7337718,1.0437051,0.58355135,-0.77286786,1.2216883,-0.3935671,1.4658977,-0.3531227,1.0839683,-0.61566937,0.33900857,-0.29413468,-0.13798052,-0.7892406,-0.491934,0.801818,-0.04525301,-0.82374966,-0.48244077,0.8207107,-0.28408155,1.0478221,1.1389983,229,4.0
0.14998972,0.43818247,-0.53400356,-0.95471394,1.2189288,-0.72349095,-0.33515012,2.1426647,-0.30206034,2.3273776,0.77837896,0.9928495,-0.55646163,1.3288916,0.64733166,1.5979778,-0.6549091,1.8386871,-0.09557143,-0.04730627,-0.50587666,1.0381157,0.29406908,-0.7333196,0.9235078,0.43103522,0.0706394,0.0803068,1.3669785,-0.38695413,1.8193438,1.1338047,229,1.0
0.12132484,0.40430877,-0.57594895,-0.87197834,1.0637783,-0.71427184,-0.33333924,1.6859943,-0.36220402,2.2107072,0.9435174,0.9606332,-0.88300854,1.1217155,0.3204152,1.8192021,-0.6079053,1.5289718,-0.4205702,0.19673681,-0.30862466,0.4005683,-0.2500959,-0.5077242,0.97887266,0.098270245,-0.32252577,-0.3128406,1.1239915,-0.17718224,1.3971297,1.2630355,229,2.0
0.010266926,0.37650713,-0.23444292,-0.76302385,0.5664077,-0.57273567,-0.529119,0.78817093,-0.4343395,1.7231283,0.97602576,0.69499606,-0.97878414,1.0301771,-0.42971793,1.6076272,-0.40341312,1.1111945,-0.7370449,0.3178986,-0.18763267,-0.26762825,-0.9549389,-0.34216234,0.88020134,-0.23482269,-0.85432047,-0.54185355,0.7553744,-0.16860127,0.9622814,1.0956444,229,3.0
0.12245329,0.408574,-0.4977756,-0.8760193,1.1331375,-0.6762955,-0.33090967,1.9558752,-0.2876265,2.1332924,0.8389933,0.9169937,-0.4948524,1.3226236,0.5701727,1.5608053,-0.630153,1.6927,-0.09796569,-0.035144985,-0.55603594,0.90545976,0.25628346,-0.74365324,0.82855344,0.40595716,0.046843946,0.028305717,1.2569383,-0.34093505,1.7525457,1.1307503,229,1.0
0.15898365,0.44038248,-0.5401872,-0.95152396,1.1635646,-0.71085757,-0.28789335,1.9193457,-0.2739377,2.1420913,0.76882565,0.9029907,-0.45666605,1.3027104,0.5783264,1.6460602,-0.62252843,1.7465595,-0.08829293,-0.05425805,-0.49402165,0.9035502,0.3409507,-0.73771995,0.9224646,0.35448986,0.032767743,0.006332606,1.3302131,-0.37544912,1.8366711,1.1241922,229,1.0
0.06541319,0.40050834,-0.3990692,-0.86676913,0.80997866,-0.6512497,-0.46584558,1.264121,-0.41337553,1.926368,1.0484232,0.802947,-1.1030279,1.0831251,-0.11956056,1.8599062,-0.493818,1.3550875,-0.6786287,0.34730983,-0.18546051,-0.07606526,-0.6487998,-0.34560624,0.9864384,-0.1258598,-0.69656557,-0.5352087,0.90168566,-0.07011342,1.1611599,1.3073589,229,3.0
0.15696007,0.4236377,-0.3467881,-0.75101733,0.9758638,-0.5895748,-0.30732036,1.6180785,-0.20219645,1.7752415,0.5701688,0.83140635,-0.1887823,1.3175478,0.5566845,1.1162678,-0.42524016,1.5850567,0.027720824,-0.17196928,-0.60687584,0.9376034,0.28667095,-0.70251685,0.7172779,0.5353257,0.05911565,0.2681422,1.2862079,-0.47582182,1.6529398,0.97614014,229,1.0
-0.16741598,0.47831258,0.3208167,-0.49454114,0.09885282,-0.38868752,-0.7981411,-0.099848315,-0.2971105,1.1946871,0.8777524,0.16298419,-0.3270974,1.1302309,-0.7937703,0.76606435,-0.1153024,0.59999377,-0.53141224,0.28124353,-0.38114697,-0.3930716,-0.9342797,-0.49925566,0.42105407,-0.02960303,-1.0948474,-0.45657834,0.44199854,-0.50567955,0.6676289,0.8140376,229,4.0
0.14497812,0.5058244,-0.4336664,-1.0051041,1.1670836,-0.7534237,-0.4376719,1.9624643,-0.26049185,2.274765,0.82157415,0.95755327,-0.3391754,1.4966816,0.55939376,1.6382889,-0.6342462,1.8532941,-0.056066148,-0.057715878,-0.6105896,0.9833602,0.13338351,-0.9531812,0.8542385,0.47348624,-0.07939584,0.12871127,1.4401706,-0.54059654,1.983404,1.2412755,229,1.0
0.100223914,0.357801,-0.5123533,-0.8933388,0.93773973,-0.6826396,-0.40418595,1.5118543,-0.41469783,1.9416093,1.0028749,0.9059776,-1.1199714,1.015481,0.05690275,1.9587554,-0.5627942,1.4063025,-0.6899608,0.39106315,-0.18037236,0.029058177,-0.5655892,-0.28941336,1.0406084,-0.07821517,-0.55255145,-0.4927199,0.9383005,0.009879038,1.194122,1.2851365,229,2.0
0.11732608,0.44466898,-0.50213206,-0.9649856,1.0402263,-0.74559385,-0.40824538,1.7523015,-0.39827934,2.1982236,1.0611718,0.92838115,-0.9998758,1.2426996,0.24771169,1.9504563,-0.63628095,1.6635698,-0.48879716,0.19385868,-0.3144752,0.34235722,-0.3062437,-0.5260624,1.0126698,0.076714315,-0.41789654,-0.3201371,1.176189,-0.14135067,1.573231,1.3738229,229,1.0
0.13121538,0.28701034,-0.5769649,-0.84770715,0.8243714,-0.76080036,-0.3083235,1.2411294,-0.5109987,1.9235293,1.0173389,0.9358494,-1.4292772,0.8670829,-0.21053258,2.0737324,-0.5023331,1.3133148,-0.8476983,0.4473017,0.032348022,-0.2711479,-0.8872546,-0.10817662,1.130851,-0.31444842,-0.6341813,-0.74064714,0.72680515,0.0841128,0.95433336,1.3741802,229,3.0
-0.20023355,0.5251325,0.4334488,-0.5008943,-0.008784585,-0.39288935,-0.8789668,-0.27974623,-0.2834584,1.2241844,0.8899449,0.07844312,-0.26878342,1.293521,-0.93186367,0.60422176,-0.05784512,0.51388246,-0.44212416,0.24253489,-0.44557947,-0.39368647,-1.0079831,-0.58094853,0.31812555,0.051194854,-1.1339412,-0.35594013,0.3996812,-0.59835064,0.75288475,0.8009407,229,4.0
0.10147101,0.36459726,-0.5164613,-0.8155693,0.8893171,-0.6134423,-0.30101013,1.605404,-0.37469202,2.0817983,0.86739534,0.8774647,-0.6858977,1.0840578,0.36323094,1.5475093,-0.599326,1.4954407,-0.24089333,0.07855809,-0.32691714,0.53795516,-0.025760435,-0.5444532,0.87082875,0.21683899,-0.14752603,-0.15906249,1.1242266,-0.24803439,1.3555943,1.1806982,229,2.0
0.13137934,0.3147707,-0.6051633,-0.85614187,0.9215192,-0.6933975,-0.30082542,1.6018653,-0.46103227,2.2478642,0.9882441,0.96810204,-1.0964607,1.0222936,0.12822756,1.8499669,-0.59486747,1.5675179,-0.6139154,0.215043,-0.1523346,0.21407053,-0.48383006,-0.4195748,1.0554161,-0.00461532,-0.4070839,-0.4331772,1.0697006,-0.0621041,1.2884061,1.347596,229,2.0
0.11385968,0.3704171,-0.5216351,-0.8561445,0.96075267,-0.65486956,-0.33821094,1.5010133,-0.39788872,2.030714,0.9538853,0.9420068,-1.0682933,1.0530409,0.18333705,1.9705397,-0.60991156,1.345599,-0.5424915,0.29678047,-0.2468904,0.1261791,-0.40907425,-0.3908915,0.9956497,0.0068427026,-0.428777,-0.47608998,0.89677066,-0.01076996,1.2763535,1.2946434,229,2.0
0.10317686,0.5068749,-0.40731955,-0.95390004,1.1602007,-0.6614599,-0.37848872,1.820088,-0.23567314,2.1869488,0.7938093,0.9296994,-0.25463197,1.3754259,0.590894,1.4687858,-0.6038123,1.837857,-0.0762732,-0.08109468,-0.61112744,0.8466855,0.09785567,-0.8537427,0.8156805,0.51581717,-0.16127104,0.1546057,1.2773179,-0.5531672,1.7123035,1.1859651,229,1.0
0.18332148,0.37929314,-0.40093523,-0.8787625,1.0848837,-0.6040212,-0.36544153,1.8808655,-0.18676203,2.06766,0.626145,0.88158506,-0.12038029,1.4706457,0.5955589,1.1330367,-0.5327216,1.6503477,0.1460073,-0.13311931,-0.6626462,1.1982015,0.43487367,-0.9353214,0.5821118,0.5663125,0.22074509,0.3865826,1.3730981,-0.5523339,1.822834,1.1142143,229,1.0
-0.21166311,0.5321185,0.44923002,-0.51948106,-0.052814685,-0.39205837,-0.8745173,-0.25599113,-0.28079247,1.2415155,0.87903714,0.060116187,-0.18561363,1.3107784,-0.967789,0.58223605,-0.044568844,0.5138033,-0.44798926,0.24351668,-0.4485918,-0.36422932,-1.0403781,-0.6041565,0.28977466,0.08816926,-1.1854494,-0.38250324,0.45369765,-0.66462296,0.7152709,0.82031155,229,4.0
0.095169514,0.47019324,-0.4295993,-0.9345352,1.1583118,-0.70523965,-0.37895504,1.9557297,-0.29707795,2.2786696,0.8557435,0.9403701,-0.4945186,1.3882692,0.5644509,1.5802854,-0.6483708,1.6974603,-0.050097723,-0.0804293,-0.57620376,0.87016445,0.27197945,-0.773635,0.8312403,0.3898773,-0.041683007,0.0064995512,1.3145658,-0.39633113,1.7441899,1.1476758,229,1.0
0.2238036,0.3857074,-0.48988986,-0.889008,1.032921,-0.64682907,-0.2877316,1.6878695,-0.24353226,1.8039217,0.55348057,0.93971235,-0.33824858,1.2524694,0.569845,1.3928586,-0.5082798,1.5421294,-0.13577574,-0.08901903,-0.4092093,0.8677752,0.13089618,-0.646516,0.7935158,0.3769254,-0.0127195865,0.033517636,1.2147089,-0.3071731,1.6483656,0.98051494,229,1.0
0.14980544,0.38619837,-0.5347269,-0.8476661,1.058643,-0.657452,-0.3001128,1.8508307,-0.31838965,2.1498253,0.79511446,0.9428249,-0.70735395,1.2216854,0.4643148,1.659298,-0.5815691,1.5792116,-0.1934857,0.0835437,-0.38797542,0.6697377,0.01318498,-0.6031243,0.9136381,0.34876916,-0.15299791,-0.08984723,1.0565561,-0.26086682,1.527107,1.1303552,229,2.0
0.121567756,0.3924064,-0.49764192,-0.89556336,1.067514,-0.70317316,-0.35902148,1.7557878,-0.33938015,2.170185,0.88260126,0.94879407,-0.6752072,1.2290034,0.3533296,1.6674527,-0.6054833,1.6310216,-0.3484181,0.14406832,-0.36480096,0.56131005,-0.11439809,-0.6230591,0.9331881,0.22885057,-0.29285863,-0.18321347,1.0946121,-0.28244752,1.5239853,1.1660367,229,1.0
0.12920548,0.30673113,-0.50995535,-0.8388062,0.83483857,-0.6309169,-0.31808487,1.2799667,-0.3793052,1.752466,0.9054738,0.8414196,-0.918891,1.0087649,0.20883554,1.6160176,-0.56387794,1.2849187,-0.3016134,0.1682224,-0.15610933,0.3555026,-0.17566891,-0.3554551,0.9137142,0.061062053,-0.25847816,-0.400303,0.9873654,-0.10039364,1.1537223,1.1532676,229,2.0
0.11711517,0.2999575,-0.664396,-0.841071,0.9724567,-0.84368724,-0.3493584,1.3860581,-0.5594324,2.2099485,1.0154492,0.9990421,-1.564345,0.8777486,-0.25231597,2.229691,-0.6446534,1.4401342,-0.9165901,0.6110765,0.012673967,-0.37204623,-0.96799755,-0.123434216,1.1850928,-0.22931376,-0.83486766,-0.7751779,0.66323584,0.22079468,1.0740793,1.5612246,229,3.0
0.09922305,0.42171967,-0.4902374,-0.9060501,1.2032714,-0.7064458,-0.34409457,2.104346,-0.306703,2.2723415,0.7974502,0.9471598,-0.4374114,1.326739,0.6614896,1.5271938,-0.667733,1.8426688,-0.083454475,-0.111260146,-0.54633564,1.0202518,0.29999918,-0.7821987,0.866819,0.45890936,0.106961966,0.10407989,1.3726465,-0.39689857,1.8304061,1.1025752,229,1.0
0.11637862,0.46927056,-0.38254988,-0.81285626,1.0744491,-0.48776445,-0.2821169,1.8734317,-0.077771425,1.83597,0.5383816,0.81081295,0.0801374,1.2492499,0.68714744,0.9398614,-0.48571903,1.6828623,0.2434021,-0.24476905,-0.64233536,1.1210364,0.65281343,-0.9260714,0.62263614,0.7064664,0.21777451,0.5000144,1.238235,-0.6328148,1.8633585,0.8104181,229,1.0
0.08147104,0.40539455,-0.378636,-0.82769316,0.82966167,-0.6658258,-0.49606213,1.3106682,-0.41141805,1.9628394,1.0308325,0.8550744,-0.96221876,1.146091,-0.052137908,1.8414862,-0.52522117,1.3804836,-0.6231611,0.32394862,-0.28891236,0.036127716,-0.60784256,-0.43911684,0.9767302,-0.006827308,-0.6372962,-0.47625208,0.9465442,-0.14360923,1.2077361,1.249236,229,3.0
0.14268194,0.3704433,-0.5008368,-0.89198023,0.948994,-0.5990088,-0.2478655,1.6939249,-0.3023724,2.0029619,0.7917481,0.8616769,-0.7904136,1.0826514,0.3494062,1.7104267,-0.61015725,1.4359908,-0.26920936,0.11279816,-0.37456608,0.51205707,-0.0346049,-0.46310905,0.85534203,0.19526654,-0.23341458,-0.21329017,0.95503306,-0.13611722,1.3628422,1.1627738,229,1.0
0.15353738,0.38970375,-0.5657166,-0.93462706,1.1065613,-0.78095686,-0.34792855,1.806939,-0.39818507,2.1233683,0.9976509,0.9925403,-1.0514272,1.1227932,0.3204874,2.000356,-0.6723588,1.5844889,-0.5615519,0.2750823,-0.25769392,0.31999338,-0.3905714,-0.39876056,1.0152205,0.05807697,-0.36644188,-0.32903364,1.0498053,-0.04353127,1.440365,1.2816021,229,2.0
-0.21654329,0.5153406,0.3692475,-0.48260155,0.004378736,-0.37486005,-0.8575485,-0.18879709,-0.29195136,1.2082703,0.90151536,0.076300085,-0.32703158,1.1625587,-0.9175842,0.7263345,-0.07469744,0.5115426,-0.49318367,0.2757311,-0.39312097,-0.42775637,-0.9739151,-0.5790198,0.3762886,0.032227267,-1.1291339,-0.45048407,0.4137409,-0.59817076,0.6692817,0.84525335,229,4.0
-0.1747226,0.5284373,0.19273417,-0.5753079,0.19085118,-0.4610129,-0.72679675,0.14079866,-0.33069527,1.3371171,0.92805475,0.35690615,-0.50838673,1.083296,-0.7276247,1.0393336,-0.20359299,0.7660464,-0.6422034,0.34258622,-0.34673807,-0.40352702,-1.0708743,-0.5341524,0.5564711,-0.11759784,-1.1375546,-0.46699354,0.49737877,-0.4441071,0.7230311,0.8627038,229,4.0
0.20944728,0.33320528,-0.54564476,-0.88451755,1.1065316,-0.6947641,-0.25048822,1.6974473,-0.3153587,1.9264926,0.7761843,1.006573,-0.66224855,1.09133,0.42539325,1.617328,-0.55451196,1.4629221,-0.32644892,0.13425587,-0.3023609,0.52993935,-0.16226643,-0.50005704,0.87113416,0.2945061,-0.17265308,-0.12899363,0.97044826,-0.1526882,1.444978,1.0539927,229,2.0
0.18661472,0.31688735,-0.57864666,-0.8400315,0.86698574,-0.7138705,-0.20572275,1.4016957,-0.39425775,1.6499294,0.8458693,0.93148136,-0.97302157,0.80337965,0.21318893,1.7133775,-0.4932043,1.3540376,-0.45445415,0.2506591,-0.16263634,0.25521547,-0.26700756,-0.34305885,0.9829427,-0.019940658,-0.2571783,-0.39558375,0.79376405,-0.055318967,1.1655755,1.2754639,229,2.0
0.13681477,0.39727837,-0.59438795,-0.8966462,1.1003196,-0.69858193,-0.27183932,1.8919429,-0.34836048,2.2112296,0.91498953,0.9983683,-0.86387676,1.1482168,0.42110682,1.886083,-0.62949663,1.575488,-0.37864825,0.1926691,-0.28799352,0.48554957,-0.154081,-0.51827776,1.0238935,0.18920365,-0.25084662,-0.23528439,1.0750183,-0.1493129,1.4874898,1.2380263,229,3.0
0.13998292,0.3726515,-0.5819619,-0.8142889,0.9699923,-0.5922912,-0.27953783,1.8904426,-0.27613723,1.8039333,0.7137579,0.8200836,-0.55864054,1.1062971,0.46296605,1.4058172,-0.59211266,1.4029473,-0.25133416,0.06510989,-0.4208268,0.64184225,0.07251603,-0.5564437,0.8556768,0.3327061,-0.15730044,0.0054157972,1.0688603,-0.3062546,1.4485879,1.1452286,229,1.0
-0.15453403,0.4910846,0.20874347,-0.5591429,0.19849373,-0.4723353,-0.80185044,0.0958485,-0.3286873,1.4039674,0.94202584,0.24733102,-0.47590584,1.2506907,-0.7264527,0.97040796,-0.15967616,0.697684,-0.5432436,0.30407274,-0.35172752,-0.31550485,-0.90468466,-0.5269207,0.50612843,0.014484074,-1.002809,-0.493113,0.5190081,-0.47323948,0.80471647,0.9173681,229,4.0
-0.09349136,0.44008255,0.052131787,-0.5889162,0.36252323,-0.42448598,-0.6378499,0.35419792,-0.26482636,1.3266925,0.8182412,0.30751765,-0.5015102,1.2622013,-0.46106708,0.8178396,-0.24519831,0.7955923,-0.334366,0.19534674,-0.43401197,-0.077939,-0.60611844,-0.549943,0.4698604,0.11666591,-0.6318471,-0.2655603,0.5562987,-0.45493194,0.8867112,0.9556177,229,4.0
0.05329496,0.38148183,-0.35680902,-0.86330795,0.76620865,-0.727512,-0.46894345,1.1244282,-0.4091815,1.9751893,1.0918311,0.84878796,-1.113012,1.125607,-0.22916675,1.8209789,-0.47434992,1.2164265,-0.6928163,0.39011502,-0.18493596,-0.14686558,-0.7656288,-0.3231,0.97547674,-0.09966458,-0.7497954,-0.60458326,0.85319555,-0.08661203,1.0306892,1.2639818,229,3.0
0.1786757,0.30674765,-0.6617177,-0.8456739,1.0689878,-0.7756472,-0.30628127,1.5788691,-0.49959886,2.2045557,1.0631794,1.0266055,-1.4545332,0.9211571,0.013003889,2.2772748,-0.6190032,1.4851986,-0.7838515,0.45686775,-0.10963012,-0.1881649,-0.72703004,-0.25053814,1.18758,-0.16879845,-0.5827817,-0.6679908,0.81759924,0.15750948,1.1319885,1.380643,229,3.0
0.13022892,0.43013066,-0.50364166,-0.865447,1.0918235,-0.73578084,-0.4045775,1.9221959,-0.30856168,2.1608005,0.86098194,0.93625313,-0.5876444,1.3088218,0.5082276,1.6155349,-0.5640468,1.6536316,-0.23225603,0.029881842,-0.48375112,0.7556282,-0.011789266,-0.67720497,0.8744105,0.32884246,-0.16629034,-0.04312851,1.173165,-0.3696213,1.6346333,1.172098,229,2.0
0.13655514,0.44194198,-0.63560426,-0.9822005,1.1321079,-0.7752767,-0.3401855,2.063193,-0.35471585,2.2659416,0.962666,1.0170381,-0.78580874,1.303225,0.48870498,1.9111058,-0.686686,1.6754127,-0.32573608,0.10924798,-0.40237573,0.65181863,-0.064491734,-0.6622413,1.0310684,0.27955273,-0.20095186,-0.14931011,1.2153932,-0.24724507,1.7663134,1.4113507,229,2.0
0.11752185,0.38225126,-0.49245918,-0.85785764,0.93648124,-0.7100915,-0.4028036,1.5075303,-0.4117927,2.1311767,1.0046366,0.9437714,-1.0484859,1.0877057,0.07802846,1.9438272,-0.6126999,1.4155341,-0.5981535,0.31218362,-0.26787695,0.122743905,-0.52672076,-0.43554145,1.0186522,0.025161475,-0.53755665,-0.44077903,1.006059,-0.08189618,1.2765759,1.2676767,229,3.0
0.17950329,0.3873918,-0.6451021,-0.93200463,1.1159247,-0.8062471,-0.26414305,1.8250775,-0.4212159,2.1887019,0.9825742,1.0788059,-1.1547552,1.0897366,0.26149216,2.2222342,-0.6268814,1.4722658,-0.5483994,0.3721218,-0.15890317,0.13016891,-0.49111906,-0.34250745,1.128666,0.0017687343,-0.44364646,-0.49025142,0.9312737,0.011274047,1.3049256,1.2567246,229,2.0
-0.013944775,0.44684342,-0.11846866,-0.6576679,0.6078094,-0.45317766,-0.5511733,0.73327607,-0.281402,1.5157222,0.6681476,0.5025585,-0.4897926,1.2683927,-0.18937351,1.0091598,-0.32253423,1.1056693,-0.19914961,0.11038125,-0.4965205,0.14451723,-0.3793229,-0.61541235,0.59336066,0.23221159,-0.41765392,-0.14069454,0.81176907,-0.42956856,1.0746212,1.1014318,229,4.0
-0.14630778,0.4888075,0.23846547,-0.5987508,0.11888011,-0.44381133,-0.8354788,0.026998192,-0.31747007,1.3948469,0.96339476,0.19518048,-0.44938335,1.259439,-0.9209963,0.88118774,-0.10839647,0.6089128,-0.5662696,0.30832297,-0.3473121,-0.4009968,-1.0098083,-0.6007492,0.47956127,-0.016073797,-1.1314962,-0.47003523,0.51738644,-0.5533852,0.8275743,0.92706925,229,4.0
0.058248412,0.44315946,-0.41702563,-0.8901997,0.93122405,-0.7242788,-0.47782117,1.5453588,-0.37466097,2.0807114,1.0779788,0.83347785,-0.89271367,1.2920661,0.11635326,1.8189567,-0.5787695,1.4761989,-0.5004885,0.23644856,-0.34350514,0.24504773,-0.4382877,-0.57833713,0.9427401,0.077450834,-0.5113894,-0.386387,1.0055765,-0.21989453,1.4651692,1.3110471,229,3.0
-0.13986112,0.5315396,0.1989605,-0.5980956,0.22930536,-0.4783639,-0.8380971,0.19836333,-0.33571267,1.4728805,0.9623921,0.24728376,-0.47735336,1.3350408,-0.74453145,1.0496719,-0.21750236,0.8021255,-0.5530949,0.30109948,-0.45638627,-0.28047687,-0.9395592,-0.57494015,0.5330694,0.018164359,-1.0601611,-0.4482194,0.6124838,-0.53218716,0.88007116,0.9974079,229,4.0
0.037554014,0.46256483,-0.28612608,-0.86554414,0.80610496,-0.71833664,-0.52477056,1.2723774,-0.39054748,2.0386586,1.090692,0.76013815,-0.88930273,1.2748055,-0.065332845,1.7271495,-0.52988,1.4686867,-0.58384985,0.28431618,-0.32112792,0.10016729,-0.5913949,-0.52816546,0.9195092,0.026143532,-0.66295993,-0.39329034,0.9708275,-0.22007939,1.3500062,1.2995728,229,3.0
0.12432352,0.37996992,-0.572064,-0.8328836,1.0604416,-0.5877179,-0.2793556,1.9814578,-0.23854747,2.2221828,0.67798495,0.9186488,-0.36991718,1.3135962,0.7602102,1.2003434,-0.58710414,1.72441,0.011610188,-0.08933942,-0.5750558,1.1164685,0.5782831,-0.8943817,0.7500391,0.6253818,0.19087735,0.3153736,1.2696743,-0.46438673,1.7618814,1.0587219,229,1.0
0.16432814,0.41324142,-0.57012075,-0.94787633,1.098024,-0.7415627,-0.333893,1.868317,-0.378521,2.267575,0.96939534,1.0558872,-0.9584009,1.2299728,0.37619427,1.9238533,-0.65668887,1.7030735,-0.46358708,0.18743119,-0.326799,0.52136886,-0.24677268,-0.5561943,1.0603181,0.16775048,-0.31705546,-0.23429213,1.201604,-0.1599469,1.5896077,1.2891271,229,2.0
-0.07927444,0.45507437,-0.074529864,-0.6743587,0.48006606,-0.5982595,-0.7273402,0.5648357,-0.41491628,1.7231098,0.9975833,0.5464298,-0.78909016,1.1116467,-0.4504825,1.5005162,-0.31015253,0.93235874,-0.6593227,0.35045415,-0.27428767,-0.29970843,-0.88963485,-0.50313526,0.80230796,-0.05819503,-0.90989447,-0.508504,0.66758275,-0.30723906,0.92552054,1.1482586,229,2.0
0.15491135,0.41736254,-0.5585373,-0.9551346,1.1979971,-0.7749704,-0.3193627,2.0238035,-0.36794126,2.3126297,0.9327547,1.0200129,-0.8379695,1.2271237,0.49755752,1.8598495,-0.68593806,1.7905436,-0.3450953,0.101437606,-0.39292037,0.691241,-0.08474665,-0.59386414,0.9844352,0.24900484,-0.17256835,-0.12485741,1.2471688,-0.2107822,1.6994689,1.2409217,229,1.0
0.16127041,0.4082374,-0.6323998,-0.9697023,1.117836,-0.7510621,-0.28401724,1.895351,-0.37111425,2.2332232,0.97846097,1.0766054,-1.102146,1.1651742,0.31360713,2.1287868,-0.6481613,1.5849757,-0.521001,0.2896369,-0.2539728,0.3044503,-0.29258674,-0.46698967,1.1022276,0.08941542,-0.35432753,-0.38730404,1.0904993,-0.06889001,1.4051868,1.2950761,229,3.0
0.15365703,0.42172554,-0.558462,-0.9633862,1.0916373,-0.7455816,-0.38592365,1.7962813,-0.4053601,2.365835,1.0705128,1.0146178,-1.0168306,1.2353795,0.26237082,2.0372775,-0.6056504,1.6288134,-0.55835325,0.22673666,-0.28222075,0.28703198,-0.38698402,-0.4891804,1.097306,0.05847092,-0.41517895,-0.35397202,1.1950066,-0.18469079,1.4823735,1.3578614,229,1.0
0.068147,0.42623124,-0.33531123,-0.84872377,0.80325913,-0.68749297,-0.414363,1.118216,-0.38373503,1.8770381,1.0782785,0.82484335,-0.951774,1.1786833,-0.033419196,1.6833665,-0.4822533,1.2420484,-0.59657836,0.27654687,-0.21348989,0.046960957,-0.5903094,-0.3725753,0.9179008,-0.033546228,-0.5699897,-0.48612112,0.90409434,-0.1080769,1.1444886,1.141826,229,1.0
0.1464214,0.3698658,-0.6370192,-0.9895914,1.1878941,-0.7300927,-0.26004642,1.8353026,-0.35212582,2.1356556,0.7812513,0.9927365,-0.95738024,1.0469218,0.51382715,1.9269817,-0.7175523,1.6384971,-0.37516734,0.18294044,-0.3969615,0.515222,-0.052937,-0.5153235,0.88390696,0.1851311,-0.17809507,-0.16097021,1.1422565,-0.0484176,1.5055408,1.1973641,229,1.0
0.10746232,0.33841848,-0.43703085,-0.7600064,0.79760635,-0.57714915,-0.36610916,1.2055827,-0.4102781,1.8784338,0.81312066,0.78991604,-0.8890396,0.9307175,0.020608414,1.5142158,-0.4953707,1.2268323,-0.53884757,0.22963507,-0.19645672,0.09508051,-0.4922199,-0.41942778,0.8628576,-0.027639722,-0.45914826,-0.38810942,0.8971127,-0.14455095,1.1242464,1.2006841,229,3.0
-0.1674171,0.5214343,0.30678457,-0.5382455,0.12948723,-0.4454609,-0.860613,-0.023155067,-0.30979067,1.3313037,0.9149752,0.1560983,-0.36481595,1.3354645,-0.8272046,0.8423417,-0.14908478,0.62159264,-0.49465498,0.27878225,-0.47396982,-0.3228541,-0.9503503,-0.5869646,0.4027799,0.043795556,-1.0869122,-0.43332574,0.4844402,-0.57527345,0.7908515,0.8730529,229,4.0
0.18890698,0.32332513,-0.5733321,-0.8032451,1.0334972,-0.6790813,-0.17861894,1.6043023,-0.35310036,1.7720062,0.75693935,0.9567578,-0.72522724,0.9706299,0.41677406,1.6421527,-0.5764152,1.3853096,-0.29018316,0.11615849,-0.33959028,0.49918944,-0.06770042,-0.36004943,0.8404392,0.17327443,-0.086726904,-0.15300316,0.94472176,-0.13148773,1.2239488,1.0497956,229,3.0
0.16790088,0.40965435,-0.55155176,-0.914893,1.1187563,-0.72311985,-0.30617154,1.8208824,-0.38077438,2.316376,0.9832386,1.0086843,-0.84856176,1.0836496,0.42079073,1.9784129,-0.61926645,1.6570871,-0.43434218,0.19575188,-0.27351832,0.43136048,-0.1988184,-0.50920063,1.0652478,0.112531655,-0.26421937,-0.22739625,1.1522284,-0.15493701,1.4177902,1.2637689,229,1.0
0.14624886,0.3643884,-0.65996826,-0.9232823,1.1055981,-0.75923204,-0.27152836,1.8932343,-0.3913296,2.1964724,0.98591185,0.9832448,-1.1111405,1.0601717,0.35451385,2.0403092,-0.6556524,1.5796458,-0.57000077,0.30629945,-0.21110168,0.31986564,-0.360136,-0.36563182,1.0883921,0.04993792,-0.34496978,-0.31890467,1.0354056,-0.0012509599,1.4574952,1.3153437,229,1.0
0.13009642,0.40163824,-0.5926691,-0.9185055,1.164747,-0.766443,-0.3301478,1.9755493,-0.37334058,2.2954412,0.94218475,1.0191721,-0.85393375,1.1806691,0.53654695,1.8662516,-0.698724,1.7481523,-0.35225052,0.13558611,-0.3479693,0.6219498,-0.08963444,-0.57229215,0.9770303,0.19814646,-0.14735653,-0.1651582,1.2209154,-0.13093571,1.669783,1.2757053,229,1.0
-0.024810407,0.4725972,-0.14364341,-0.75689375,0.6143264,-0.6270577,-0.6640729,0.8294318,-0.39459988,1.8889091,1.0549198,0.61910707,-0.8161834,1.214681,-0.31905273,1.611324,-0.40963122,1.1352538,-0.6325639,0.2926872,-0.3558323,-0.1813184,-0.81204426,-0.55044436,0.84016156,-0.017850958,-0.8461327,-0.49304163,0.80919206,-0.30894637,1.0990256,1.2126822,229,1.0
0.16660771,0.3881431,-0.45736796,-0.8001861,1.0377356,-0.618888,-0.30124307,1.9093149,-0.25832564,1.8795464,0.71912795,0.7932419,-0.18364066,1.2143017,0.7014011,1.1455591,-0.5138579,1.6318055,0.067388006,-0.04542923,-0.5118113,1.0969453,0.46909192,-0.59960634,0.72025216,0.4425027,0.15625475,0.13870278,1.2019862,-0.428564,1.5763985,0.96575356,229,1.0
0.106960386,0.432538,-0.501488,-0.90605277,1.0192138,-0.70298034,-0.39250353,1.6840402,-0.39102507,2.1521375,0.960179,0.8765485,-0.80206656,1.2411923,0.29647636,1.8033415,-0.60166883,1.5109609,-0.42946815,0.17706013,-0.3482737,0.4275614,-0.24875379,-0.5559954,0.9391364,0.17598698,-0.3586787,-0.26088196,1.1068374,-0.20152104,1.5278374,1.351137,229,2.0
-0.11412054,0.4812046,0.07686032,-0.6209307,0.3224134,-0.51291835,-0.7717148,0.3360751,-0.36244357,1.5528018,0.97503215,0.36778003,-0.61241204,1.2128664,-0.63959825,1.2204006,-0.24280831,0.83614475,-0.6046978,0.331073,-0.3386198,-0.30109686,-0.905939,-0.51996076,0.6325352,-0.028234823,-0.97608316,-0.519987,0.6250445,-0.40464208,0.86722296,1.0187293,229,4.0
0.11937702,0.46576795,-0.5165867,-0.9427295,1.1280522,-0.82896173,-0.34531033,1.6235437,-0.36079824,2.1090527,0.9136205,0.9710136,-0.940427,1.3092923,0.20307627,1.7882534,-0.6303184,1.5346198,-0.37192503,0.20674177,-0.35560858,0.47052073,-0.2788659,-0.53181624,0.966593,0.2239033,-0.37864655,-0.25138178,0.96157753,-0.24051267,1.4845995,1.3053075,229,1.0
0.0801947,0.4052662,-0.4023422,-0.7891362,1.1305492,-0.58100456,-0.32045138,1.906773,-0.21589032,1.9727588,0.5840528,0.81726813,-0.01319238,1.2591643,0.77701044,1.1271881,-0.5507479,1.6920065,0.22307456,-0.18229966,-0.6593616,1.2767571,0.65979946,-0.7767614,0.6253408,0.5995325,0.3132733,0.32298535,1.3445153,-0.5165444,1.736831,0.8266313,229,1.0
0.08222857,0.4194553,-0.5760671,-0.77966,1.0231831,-0.5746531,-0.2607761,1.870517,-0.2597904,2.201989,0.7410716,0.8748505,-0.32452315,1.2970294,0.7259817,1.3159267,-0.6039549,1.7044097,0.0076275542,-0.07054587,-0.5588133,0.9927963,0.49794775,-0.85506076,0.73936236,0.5713198,0.19554025,0.20750764,1.2606816,-0.47982675,1.6656245,1.0478336,229,1.0
0.12303825,0.38528088,-0.48354733,-0.90058976,1.0074248,-0.73057437,-0.4067042,1.6243767,-0.3915871,1.9822805,0.9930123,0.9447494,-0.99062675,1.1110544,0.20392187,1.9185786,-0.62516284,1.5119547,-0.5872008,0.31084335,-0.27051795,0.2390305,-0.45363826,-0.39274746,0.9852905,0.03909564,-0.45214117,-0.35994425,1.0086108,-0.06458452,1.3482015,1.2633303,229,3.0
-0.20084804,0.54844284,0.34663022,-0.5450182,0.033175204,-0.44637337,-0.89503753,-0.1674939,-0.3100024,1.3384918,0.9334973,0.09528592,-0.36209154,1.3210554,-0.975615,0.7754699,-0.08442292,0.5604583,-0.50218976,0.28936663,-0.443114,-0.3766309,-1.0400133,-0.61326694,0.3892469,0.0445733,-1.1645141,-0.439832,0.46874526,-0.63394374,0.78020746,0.8765957,229,4.0
0.11790468,0.46285826,-0.49123192,-1.0143272,1.0391413,-0.785151,-0.45422038,1.6983577,-0.43060058,2.2987406,1.1088406,0.9789944,-1.0421702,1.3215017,0.14217193,2.1448276,-0.6391386,1.5669806,-0.5546264,0.29323423,-0.27014458,0.23861904,-0.5059476,-0.53315645,1.0801948,0.06753344,-0.56908906,-0.44103667,1.0954592,-0.15582657,1.4367526,1.4581119,229,3.0
0.0065939203,0.53023183,-0.21370944,-0.90922624,0.74608934,-0.7288811,-0.59568954,1.0198407,-0.4059665,2.0300734,1.1931744,0.73050517,-0.92394054,1.3954072,-0.2228254,1.7286152,-0.45400938,1.2982588,-0.61357,0.33485723,-0.30802476,-0.08913033,-0.79837155,-0.505336,0.95637393,0.0057142507,-0.80385065,-0.48004487,0.86748046,-0.2739909,1.1925827,1.298615,229,4.0
0.11968194,0.40563375,-0.4560187,-0.8925702,0.9354864,-0.7780872,-0.4091111,1.406352,-0.42880026,2.192938,1.1103649,0.93337804,-1.0905689,1.1252583,-0.029816695,2.0139053,-0.5661411,1.4434046,-0.70054716,0.35636413,-0.18243179,-0.012439594,-0.6565323,-0.3582251,1.0768543,-0.04444658,-0.6411238,-0.5265182,0.9523388,-0.0675795,1.198354,1.3409265,229,2.0
0.15854688,0.36521313,-0.589427,-0.96146935,1.0880713,-0.7617599,-0.30350947,1.7675095,-0.38664126,2.2103,1.0706038,1.0795214,-1.0606579,1.0780834,0.28802216,2.0766659,-0.6299208,1.6072841,-0.59012157,0.25231525,-0.19406894,0.20825413,-0.42212665,-0.3881677,1.1138864,-0.00309854,-0.3819491,-0.4087185,1.1194121,-0.06517053,1.3229544,1.2898555,229,1.0
0.042248283,0.45061767,-0.25089318,-0.8503484,0.73483056,-0.66820914,-0.55466884,1.1494744,-0.4055972,1.9518342,1.0983573,0.7335329,-0.8657648,1.2487539,-0.19741291,1.6761562,-0.45797813,1.3687263,-0.60287607,0.27348542,-0.30237582,-0.023554154,-0.69627285,-0.49723732,0.9045923,-0.05054912,-0.73996514,-0.4867267,0.9471148,-0.21168172,1.2266663,1.221563,229,4.0
0.055392835,0.34593758,-0.27609116,-0.73456794,0.7225553,-0.62122416,-0.45687595,1.1396568,-0.37226442,1.8299838,0.9291018,0.7442022,-0.9170318,0.95584816,-0.12154633,1.6642585,-0.48614526,1.0533354,-0.5979676,0.35146213,-0.2662035,-0.10125518,-0.6331433,-0.35300735,0.8974508,-0.008772811,-0.6214234,-0.4397412,0.71781987,-0.15668637,0.95514446,1.0942854,229,2.0
0.082647204,0.4653365,-0.3917176,-0.93908435,0.8815363,-0.7516628,-0.5156393,1.3248876,-0.46758464,2.0100908,1.1865346,0.79894817,-1.1820767,1.2020438,-0.15405288,2.0076237,-0.5033513,1.4579203,-0.7209393,0.37726438,-0.23425606,-0.12154721,-0.7389765,-0.41525084,1.040534,-0.11150308,-0.8175438,-0.5585743,0.8877046,-0.11134139,1.2658414,1.4460216,229,2.0
-0.08251776,0.49075624,0.11350718,-0.5806643,0.3852705,-0.4693293,-0.6819109,0.28929225,-0.28696918,1.3128844,0.78457505,0.30317,-0.4006493,1.3257383,-0.4689034,0.83667403,-0.2658675,0.8817116,-0.29716167,0.1507612,-0.48492366,-0.048793353,-0.59437144,-0.6323044,0.4567424,0.12610343,-0.69063437,-0.2696707,0.60660565,-0.54937816,0.92933327,0.97365725,229,4.0
-0.04606806,0.50736094,0.012045331,-0.7372006,0.48297465,-0.55565614,-0.72024167,0.6747164,-0.34260064,1.7092423,1.0180575,0.47018567,-0.5592885,1.4010266,-0.40628517,1.2780184,-0.36454108,1.0887502,-0.5191005,0.24755263,-0.44082987,-0.04805757,-0.71771145,-0.61124724,0.65633774,0.05219604,-0.8499011,-0.39443368,0.8052219,-0.43527192,1.1288074,1.0565469,229,4.0
0.18089393,0.35861617,-0.59105814,-0.8554653,1.0889866,-0.6974353,-0.26031113,1.746577,-0.4440229,2.1094172,0.98292196,0.9760891,-1.0605855,0.9099711,0.3498056,2.08224,-0.62611306,1.5202663,-0.5876775,0.31156355,-0.18008237,0.18597463,-0.3484204,-0.34954363,1.1026088,-0.016382046,-0.33592147,-0.3808603,0.984275,0.0009799376,1.2289457,1.2635703,229,2.0
0.12211427,0.38468483,-0.5655587,-0.88702446,1.0733485,-0.72677463,-0.33195806,1.7231424,-0.37836456,2.113351,0.9914934,1.0420862,-1.0193926,1.104885,0.3329311,1.9068931,-0.6630907,1.559132,-0.5076614,0.24526623,-0.25921324,0.3375982,-0.34036243,-0.43785748,0.98723555,0.055130698,-0.33368516,-0.36814284,1.0990071,-0.047885485,1.3951797,1.2850566,229,3.0
-0.051515162,0.4993089,-0.07048721,-0.7532688,0.60447156,-0.6434689,-0.6758357,0.8145495,-0.33837265,1.7300638,1.00201,0.54880464,-0.5707114,1.2985606,-0.27077934,1.3266283,-0.4490673,1.1667038,-0.4335741,0.24244548,-0.4873641,0.039702244,-0.6227714,-0.64198005,0.66472507,0.07530636,-0.7360232,-0.3330025,0.8443095,-0.4169476,1.2376059,1.1021422,229,4.0
-0.21847488,0.52361387,0.36904907,-0.4982176,-0.050332688,-0.38053736,-0.87300384,-0.24378666,-0.29418522,1.2715838,0.9348374,0.07215589,-0.35242856,1.1413931,-1.0029675,0.6960008,-0.026494112,0.5089772,-0.4674011,0.26884806,-0.32570124,-0.44779807,-1.0044321,-0.6058345,0.382974,0.01965027,-1.1288629,-0.44626027,0.42251724,-0.6267881,0.7006591,0.83827156,229,4.0
-0.15353364,0.54032195,0.27001107,-0.6266599,0.14551249,-0.47092557,-0.8833144,0.04101146,-0.32350588,1.4981825,0.9900213,0.18478794,-0.4619853,1.3842016,-0.85022324,0.9360117,-0.14688188,0.73004615,-0.5465687,0.27137768,-0.38673508,-0.3257715,-0.98578715,-0.6181618,0.48514062,0.032711983,-1.1194174,-0.46091083,0.58131415,-0.5806671,0.9186869,0.9733348,229,4.0
0.004762944,0.3933766,-0.21234837,-0.7158822,0.655034,-0.545754,-0.5235431,0.93503845,-0.36374706,1.7028188,0.9428651,0.6642955,-0.83204865,1.0691085,-0.17746685,1.4587246,-0.4210764,1.1045824,-0.55595726,0.3086416,-0.28434968,-0.03770145,-0.63964343,-0.4394242,0.7750224,-0.024902575,-0.656669,-0.44965646,0.7632698,-0.19682887,1.0734665,1.1370173,229,3.0
-0.1688862,0.49073532,0.31152248,-0.5302761,0.11495812,-0.42829567,-0.83006096,-0.051903833,-0.3263312,1.3298421,0.8791698,0.21049401,-0.39088148,1.2386372,-0.8338007,0.8577336,-0.122758254,0.61102,-0.5538477,0.29302782,-0.43309465,-0.39957613,-1.0576606,-0.53707194,0.46222648,-0.025970334,-1.1648223,-0.4045315,0.44615892,-0.53426856,0.77336675,0.8286403,229,4.0
0.122825295,0.4238871,-0.54514754,-0.90661234,1.1651971,-0.74080914,-0.36936247,1.9771448,-0.35298592,2.233432,0.9449585,1.0023179,-0.755976,1.269457,0.55175745,1.796104,-0.68464905,1.7266562,-0.2979996,0.080603495,-0.4170111,0.66412485,-0.0023237243,-0.6253839,0.9304552,0.23737982,-0.106054634,-0.13741681,1.2400769,-0.1756853,1.6825681,1.2457494,229,1.0
0.1308185,0.44880685,-0.63212764,-1.0008236,1.15529,-0.7815474,-0.33048147,2.1189203,-0.33820897,2.3634713,1.0395082,1.0092204,-0.804938,1.2709726,0.48613983,1.8473899,-0.71397305,1.7488916,-0.2490243,0.08202104,-0.44896677,0.6535495,-0.008065812,-0.70821166,1.0606626,0.29805574,-0.124934055,-0.096655756,1.2888138,-0.2282303,1.7399509,1.389216,229,1.0
0.14962015,0.44232598,-0.6263057,-1.0106382,1.0375642,-0.79220676,-0.31819367,1.8552725,-0.4445827,2.2869515,1.1483874,1.0270863,-1.2458875,1.1885852,0.20395872,2.2215514,-0.6710277,1.6441174,-0.65279216,0.3368035,-0.17090619,0.14190444,-0.58651793,-0.39138132,1.1871008,0.011281136,-0.5582933,-0.4628057,1.0240519,-0.008172333,1.3799652,1.4741695,229,3.0
0.11573152,0.40086073,-0.57723707,-0.8892228,1.2017006,-0.7163421,-0.3018421,2.1505668,-0.32254106,2.4996884,0.77968895,0.98066205,-0.4668091,1.3298866,0.69531816,1.486792,-0.6780727,1.8574939,-0.054930557,-0.07989499,-0.5275574,1.0730395,0.38296726,-0.83725274,0.8825495,0.5173058,0.18198457,0.122274294,1.3636974,-0.3948978,1.8467016,1.1812105,229,1.0
0.1339444,0.409525,-0.48886746,-0.91703284,1.0735666,-0.72435665,-0.3481747,1.796584,-0.35533372,2.2070148,0.97032344,1.0145806,-0.8072858,1.263792,0.31328622,1.8626738,-0.61638767,1.5963261,-0.42541865,0.2195825,-0.33711877,0.48508948,-0.16716889,-0.59009236,1.0019938,0.1963718,-0.31524014,-0.26541972,1.0911576,-0.2310488,1.509837,1.1795688,229,2.0
-0.13343552,0.4790852,0.12236591,-0.63024616,0.26130447,-0.53559977,-0.7932898,0.2224646,-0.35680538,1.4884889,1.0116826,0.3163387,-0.5663753,1.2692865,-0.70716447,1.1224416,-0.21273369,0.7594624,-0.59161246,0.33369565,-0.36495525,-0.30921948,-0.9565989,-0.49709612,0.599712,-0.013062108,-1.0170949,-0.5554973,0.58736104,-0.44623318,0.8500628,0.993676,229,4.0
0.14569889,0.44093958,-0.38908315,-0.85041296,1.2048985,-0.5527404,-0.28424,1.9910719,-0.09301951,1.998612,0.50179046,0.8472179,0.09457496,1.4238561,0.7748929,0.87397957,-0.47785673,1.6967074,0.37405652,-0.28856266,-0.7496168,1.2927346,0.7701973,-0.99918294,0.5411619,0.8209254,0.25778276,0.54853475,1.2652112,-0.63369685,1.9820212,0.87383515,229,1.0
0.17789628,0.4114206,-0.6072597,-0.9800475,1.1575192,-0.75654346,-0.2903266,1.9874356,-0.32618353,2.1876082,0.90847427,1.0119517,-0.88288504,1.2717013,0.5002658,1.8270477,-0.6111104,1.7629576,-0.276353,0.11992066,-0.4146276,0.6756719,-0.010998014,-0.64326274,1.0191278,0.2948648,-0.14984624,-0.13114613,1.1798902,-0.22638303,1.6739788,1.2458056,229,1.0
0.12418164,0.4489041,-0.4937291,-0.9463744,0.97498345,-0.751101,-0.35279205,1.5602533,-0.41305006,2.1157126,1.0368654,0.9725625,-1.138364,1.1654661,0.06221196,2.061107,-0.5981295,1.4715241,-0.6087212,0.33018607,-0.2380952,0.07798336,-0.55840313,-0.40358877,1.0808347,-0.029127887,-0.54939413,-0.49251288,0.9529205,-0.11914556,1.2507173,1.2972931,229,3.0
0.12857775,0.35831192,-0.45483065,-0.80681336,1.0183208,-0.6031342,-0.26226223,1.7476374,-0.24482545,1.8460757,0.66243905,0.8349322,-0.23965707,1.1924515,0.59385616,1.1783489,-0.55522174,1.5465199,0.030400135,-0.08615348,-0.5118782,1.0382403,0.48124126,-0.70602965,0.64541864,0.34336376,0.14764497,0.23707563,1.2482404,-0.41836554,1.7748507,0.9031453,229,1.0
0.12220825,0.44303414,-0.50678533,-0.9312124,1.1636068,-0.72751886,-0.34674537,2.0064714,-0.30532897,2.3439648,0.9180835,0.9698195,-0.5261393,1.3417284,0.6188466,1.6852248,-0.64408,1.755205,-0.09442962,-0.01505667,-0.51317126,0.91671497,0.19824576,-0.7636037,0.8651705,0.40235415,-0.009770878,0.026510276,1.3760338,-0.33167824,1.8082709,1.2004962,229,2.0
0.092620105,0.43659106,-0.4921869,-0.8936143,1.0666931,-0.6059017,-0.40124893,2.0558326,-0.1751914,2.0868685,0.7801851,0.8611565,-0.25298482,1.3377736,0.5701604,1.2641213,-0.588146,1.6711665,0.023759581,-0.044026658,-0.6451808,1.0325981,0.36321303,-0.8804408,0.7977251,0.57990295,0.002464451,0.24836513,1.3558048,-0.49271443,1.7778003,1.1734533,229,1.0
0.14790209,0.44482526,-0.5324598,-0.95151216,1.1715311,-0.8054946,-0.35673577,1.9982454,-0.35990858,2.426492,0.95589304,1.0561354,-0.71338683,1.4065236,0.38984296,1.8189304,-0.66218233,1.7935207,-0.26534572,0.0744146,-0.45610973,0.68378043,-0.041816786,-0.70339787,0.9816438,0.29896513,-0.21814843,-0.11851413,1.2069758,-0.3680145,1.7442755,1.3007478,229,2.0
0.14780138,0.25657612,-0.73615044,-0.7411769,1.0046449,-0.76760435,-0.30097038,1.4781798,-0.57749534,2.0524912,0.9623422,0.9493268,-1.6642431,0.8126131,-0.09809584,2.276579,-0.6093753,1.4040005,-0.8285343,0.5576304,-0.0138545595,-0.2790028,-0.7925314,-0.11157994,1.1149107,-0.2408162,-0.6603074,-0.7655558,0.64070565,0.2739535,1.053252,1.426677,229,3.0
0.15497345,0.2925984,-0.63307357,-0.69904906,0.9640641,-0.64214736,-0.2641428,1.4913046,-0.52174675,1.9351808,0.96394473,0.92168254,-1.3765478,0.83729225,0.08281424,2.0756156,-0.54205674,1.2609822,-0.66819936,0.45469856,-0.11927867,-0.09168321,-0.5771426,-0.19108039,1.089053,-0.1724528,-0.4342216,-0.60406053,0.70814055,0.12178933,1.0333838,1.2637402,229,2.0
-0.15396442,0.44665232,0.22616632,-0.4809566,0.14213449,-0.37380028,-0.7402153,0.013239518,-0.3157066,1.2036492,0.828359,0.20872197,-0.48823553,1.1076932,-0.76898587,0.8637127,-0.14821863,0.6175484,-0.5260751,0.31113517,-0.34838173,-0.4249226,-0.9698262,-0.48848808,0.4888341,-0.038836516,-1.0414181,-0.40663937,0.34151578,-0.45862353,0.6620153,0.82816195,229,4.0
0.1653605,0.4230541,-0.51125944,-0.8650265,1.108026,-0.62332237,-0.29633868,1.9092888,-0.25623995,2.1855776,0.78760475,0.915524,-0.51617277,1.2783514,0.67927384,1.4648432,-0.58776253,1.6854496,-0.104608364,-0.035783276,-0.5368702,0.96977514,0.27995157,-0.6771409,0.80314815,0.4068964,0.010067187,0.07519667,1.278952,-0.37478527,1.6459776,1.1091976,229,1.0
-0.15027882,0.55573857,0.283373,-0.57335436,0.15487705,-0.4543063,-0.85377395,0.016542174,-0.30100527,1.3889576,0.9618043,0.16775495,-0.3262589,1.4359714,-0.77718616,0.85447246,-0.16767442,0.67744327,-0.4561195,0.23409723,-0.53883874,-0.27207989,-0.88795054,-0.6967319,0.4149905,0.115016304,-1.0707922,-0.37070507,0.53985053,-0.6062329,0.8557677,0.87215436,229,4.0
-0.023783782,0.51355714,-0.05531028,-0.7194621,0.54117507,-0.48864004,-0.6066824,0.60358286,-0.39196968,1.6986498,0.92434853,0.45845994,-0.6422741,1.2797033,-0.4085574,1.1630373,-0.32226393,1.0081419,-0.5424334,0.30218428,-0.37190756,-0.04779364,-0.756794,-0.5244998,0.7155994,0.03179661,-0.8508426,-0.39747223,0.689437,-0.37989533,1.0097971,1.1152375,229,4.0
0.19033206,0.38927853,-0.69506776,-0.95490605,1.1598194,-0.7738868,-0.27927187,1.8855069,-0.41946426,2.2267222,1.051641,1.0561073,-1.1677227,1.0459466,0.3361637,2.2048986,-0.64291924,1.7128801,-0.57014394,0.30996436,-0.20905992,0.27746457,-0.36040783,-0.4335662,1.1681267,0.09317495,-0.40827775,-0.3837924,1.0571598,-0.04103516,1.3513979,1.3692623,229,1.0
-0.13394724,0.5079298,0.30777597,-0.47382,0.09904554,-0.35185984,-0.81207025,-0.039023083,-0.25815076,1.1705743,0.79621917,0.069380105,-0.13403936,1.2114391,-0.7325587,0.640543,-0.11732122,0.59506977,-0.32696486,0.18464616,-0.51822656,-0.24001436,-0.7414156,-0.67797494,0.35923982,0.124532335,-0.96155185,-0.31993717,0.47181877,-0.65554446,0.66405493,0.814252,229,4.0
0.13563281,0.41199994,-0.54183185,-0.9479784,1.1181046,-0.7547391,-0.3674781,1.8853235,-0.35530144,2.2234857,1.0031012,1.0336707,-0.80083054,1.2895939,0.42132613,1.8704886,-0.6533207,1.6640399,-0.38548017,0.12705396,-0.35144836,0.538335,-0.16071412,-0.60485256,0.9920007,0.18591851,-0.24888219,-0.22563952,1.2065605,-0.19716546,1.5982755,1.282593,229,2.0
0.18280083,0.32584065,-0.5600434,-0.8340698,0.9858114,-0.66051644,-0.2737207,1.3816289,-0.46359906,1.8938586,0.822617,0.88155955,-1.2692631,0.953199,0.08175639,1.9529774,-0.6013965,1.3426012,-0.68868095,0.41496152,-0.13261014,-0.086897895,-0.6828575,-0.23635153,1.0610464,-0.14414638,-0.54322356,-0.52539164,0.735213,0.09512878,1.1324747,1.3789227,229,3.0
0.11237201,0.38790137,-0.52246416,-0.95770013,0.947751,-0.77815026,-0.4007546,1.46825,-0.45436066,2.2130463,1.1341325,0.9946802,-1.2610936,1.1001229,-0.057357963,2.098419,-0.588057,1.4527763,-0.7517937,0.40374547,-0.14704818,-0.08524801,-0.7037239,-0.30372864,1.1283548,-0.11118699,-0.6980386,-0.6026312,0.9805052,-0.0072968155,1.1703305,1.4110938,229,2.0
0.1543596,0.39669117,-0.54031867,-0.9967952,1.0978147,-0.7582882,-0.3301925,1.8067521,-0.36584374,2.2168775,1.0109253,1.0186216,-1.0275848,1.1777612,0.28911826,2.0154047,-0.63623655,1.5837783,-0.53526247,0.23401318,-0.2579991,0.32124943,-0.36035103,-0.43515998,1.0771027,0.06448172,-0.3993308,-0.33809668,1.1156296,-0.130211,1.418087,1.2580552,229,3.0
0.17833911,0.43904403,-0.6272516,-1.0779672,1.2016635,-0.8500107,-0.33460593,2.0574303,-0.3763432,2.3818502,1.0605184,1.1223845,-1.0362074,1.3296571,0.41534004,2.1220307,-0.70840126,1.819704,-0.431245,0.17624047,-0.35973245,0.516533,-0.20708188,-0.58522534,1.127073,0.16224995,-0.26826927,-0.29005235,1.2646747,-0.17156708,1.6564118,1.3866289,229,2.0
0.13786659,0.43584213,-0.46726334,-1.0420429,1.1962814,-0.6700059,-0.4121182,1.903218,-0.34430563,2.2197883,1.0103062,1.007191,-0.6298211,1.2700678,0.54197365,1.802428,-0.67386186,1.8114399,-0.31893554,0.060383085,-0.46002075,0.60170674,-0.143568,-0.6964533,0.9474611,0.3285951,-0.27927482,-0.06476235,1.2278968,-0.3249332,1.6676694,1.308819,229,2.0
0.13831516,0.4099886,-0.44106728,-0.87198615,1.0679697,-0.7095937,-0.29948574,1.8003588,-0.32316965,2.093026,0.81567246,0.9640694,-0.6198162,1.2795014,0.3884636,1.6008822,-0.5792488,1.4922708,-0.1557444,0.02931162,-0.47794718,0.6645431,0.0128047485,-0.6248782,0.8600441,0.34258974,-0.17710812,-0.04589508,1.0887223,-0.36609083,1.5801378,1.07344,229,1.0
0.15545425,0.43874496,-0.6023404,-0.94981796,1.2038653,-0.74970585,-0.3191745,2.0021908,-0.36352783,2.3343244,0.9562709,0.9924885,-0.9537797,1.2352874,0.46111915,1.9909242,-0.66466564,1.7841014,-0.39657864,0.1196604,-0.3914684,0.50303113,-0.14400358,-0.5904582,1.0469241,0.09784536,-0.1815056,-0.2500044,1.2414469,-0.21623403,1.6735921,1.3106483,229,1.0
0.14963107,0.42993,-0.6007793,-0.9688423,1.1603786,-0.79334134,-0.34962675,1.8828396,-0.40147492,2.1921043,1.092615,1.072556,-0.9989284,1.1292838,0.31408837,2.1713605,-0.6053784,1.6077197,-0.48446357,0.24956489,-0.31674066,0.31752098,-0.3196412,-0.48663396,1.1138386,0.13794312,-0.3810602,-0.33808273,1.098948,-0.16385166,1.3936671,1.2700522,229,3.0
0.0785619,0.39887518,-0.4664445,-0.8798673,0.983883,-0.7540151,-0.4545049,1.7126504,-0.3627954,2.0484734,0.9718442,0.90462834,-0.7420951,1.2539804,0.252045,1.7415388,-0.5758027,1.5494069,-0.44947758,0.17653921,-0.35603142,0.39971328,-0.3605322,-0.5781528,0.95809746,0.19478494,-0.41835007,-0.27589473,0.9962531,-0.26237243,1.5066322,1.2307792,229,3.0
0.13074924,0.34528843,-0.56759006,-0.70752597,0.97281903,-0.63845533,-0.31999546,1.5087837,-0.42461124,1.8196138,0.8368135,0.9546519,-1.0068841,0.92771065,0.23177622,1.7352395,-0.5019481,1.2603052,-0.44433475,0.31543073,-0.27747652,0.20496374,-0.27982605,-0.41358885,0.91782594,0.12463174,-0.3080543,-0.2603939,0.8544106,-0.12476395,1.2265732,1.1612234,229,3.0
0.17577553,0.3780278,-0.45081365,-0.81274664,1.0810742,-0.66035306,-0.3041986,1.8643596,-0.27288023,1.9707683,0.6171069,0.84801424,-0.32173488,1.2523744,0.6440902,1.1967103,-0.57423604,1.5870576,0.045327567,-0.056023747,-0.49748352,1.051143,0.37614486,-0.5321826,0.7258167,0.40198562,0.106648326,0.105008215,1.0923309,-0.37785164,1.5474865,0.96813184,229,1.0
0.10082537,0.4546325,-0.35521293,-0.87981474,1.0875976,-0.61149067,-0.3951548,2.0190413,-0.18215467,2.115704,0.7441125,0.8428728,0.02367052,1.4716109,0.86746716,1.1418293,-0.7028198,1.8363473,0.21449146,-0.10248992,-0.740964,1.4143859,0.6607915,-1.0683721,0.5708754,0.7265355,0.2351887,0.38192114,1.5247455,-0.61814916,2.0240324,0.98358285,229,1.0
0.1482813,0.39827204,-0.6038306,-0.9063464,1.1166393,-0.7264917,-0.29648668,1.7877331,-0.3568352,2.2197912,0.92280585,1.034717,-0.98220456,1.0813861,0.3983655,1.8958083,-0.64985704,1.5830022,-0.45024088,0.20044422,-0.2869227,0.46000993,-0.25503388,-0.46099645,1.0242548,0.10890103,-0.29272687,-0.2708767,1.1592872,-0.13383538,1.4338645,1.2364672,229,2.0
0.11539669,0.42584804,-0.52535325,-0.9371721,0.9870861,-0.7589685,-0.39958268,1.5725788,-0.4268242,2.1648767,1.0681136,0.98714936,-1.1894099,1.1417818,0.039814018,2.1387796,-0.5936993,1.4800751,-0.66943663,0.38550872,-0.16452,-0.0024265572,-0.63371766,-0.38152805,1.1121578,-0.061253548,-0.6186588,-0.54396737,0.9036053,-0.05182931,1.250853,1.3533177,229,3.0
-0.17889094,0.5502492,0.30837548,-0.5496073,0.070847295,-0.4236202,-0.86176383,-0.0769186,-0.30147737,1.3509895,0.93397635,0.12817904,-0.36002916,1.2640165,-0.8625091,0.8352481,-0.11628254,0.64384574,-0.47788733,0.2595529,-0.42639416,-0.32683116,-0.9514003,-0.6177867,0.41827595,0.041951038,-1.0913167,-0.4138946,0.47727463,-0.58479196,0.82158506,0.86907893,229,4.0
0.14616944,0.39088792,-0.575161,-0.91781014,1.1219115,-0.71264017,-0.28956503,1.9713073,-0.36451966,2.2967253,0.8772927,0.9859986,-0.7568241,1.2261832,0.47462106,1.7793018,-0.6490099,1.6353924,-0.32999146,0.10792639,-0.3450883,0.65820044,-0.07189764,-0.62153643,0.9875636,0.3220844,-0.17996466,-0.057601757,1.1394037,-0.21566772,1.664466,1.2344594,229,2.0
0.16682057,0.40142778,-0.6313969,-0.91086906,1.0068634,-0.7927402,-0.28230673,1.7807484,-0.41665822,2.1219127,0.9666244,0.9618717,-0.9077176,1.146056,0.28926882,1.8307643,-0.58957106,1.5890609,-0.43155086,0.22052091,-0.30048522,0.44506377,-0.21578377,-0.40645427,1.0384492,0.16678524,-0.34516484,-0.30442768,1.0605227,-0.13131492,1.3509213,1.2720714,229,2.0
0.1407806,0.330077,-0.36637658,-0.72840625,0.9618616,-0.47630545,-0.33156264,1.7060698,-0.100067,1.8396965,0.46217355,0.728782,0.043840624,1.317644,0.6024369,0.8107172,-0.45820144,1.4392462,0.30300093,-0.16861878,-0.6628034,1.1882828,0.6019145,-0.9160554,0.45136198,0.6228953,0.35346207,0.4675005,1.2649943,-0.565606,1.607567,0.81694025,229,1.0
-0.17298637,0.5410823,0.35212165,-0.55032825,0.059161507,-0.4427161,-0.8734784,-0.13328306,-0.29839957,1.3131421,0.9150407,0.09933691,-0.3237045,1.3951346,-0.94938725,0.730523,-0.1050136,0.56806856,-0.4533499,0.25253314,-0.49201193,-0.32660204,-0.99090195,-0.6465082,0.34310502,0.060779646,-1.1475108,-0.41076556,0.46991932,-0.6544059,0.8017854,0.87884676,229,4.0
-0.11530873,0.51702255,0.1513188,-0.62284774,0.2732714,-0.5055697,-0.7903428,0.2592364,-0.32901078,1.4709923,0.9492184,0.29852116,-0.5016335,1.3417674,-0.6891755,1.0393394,-0.24212858,0.8278745,-0.5299588,0.29783797,-0.4507567,-0.20939656,-0.8887186,-0.5865014,0.53351814,0.015112668,-0.99485236,-0.42862836,0.65607923,-0.5054333,0.92766374,0.9768256,229,4.0
0.093031645,0.45329967,-0.4479888,-0.8727065,1.020015,-0.69179714,-0.41904685,1.6607248,-0.36791277,2.2320657,0.95290536,0.9054134,-0.7257939,1.2796383,0.30141053,1.8071907,-0.59998924,1.5033649,-0.4227716,0.16044977,-0.4015486,0.46623522,-0.17647019,-0.6409766,0.95213246,0.18038404,-0.34301206,-0.26558536,1.1253967,-0.28292754,1.6048265,1.3384393,229,3.0
0.19282287,0.27571708,-0.6130094,-0.81204414,0.8207241,-0.6911049,-0.22786307,1.2985562,-0.42252156,1.7578956,0.8798216,0.92476803,-1.1548649,0.8225666,0.037684225,1.7802668,-0.47023177,1.2870637,-0.61269575,0.33063862,-0.046863362,0.007606432,-0.52945817,-0.24146335,1.0247678,-0.18843555,-0.38584757,-0.58016545,0.68758315,0.04259208,1.0115325,1.3245285,229,3.0
0.04784734,0.38741088,-0.40589678,-0.77819973,0.7900232,-0.6369535,-0.44346914,1.2834655,-0.39625534,1.8707494,0.99447834,0.840139,-0.90798134,1.0398334,-0.023725817,1.7875518,-0.5336917,1.2598522,-0.5886649,0.31163126,-0.2434384,0.0034240708,-0.52957475,-0.40808246,0.9242531,-0.035895832,-0.6050841,-0.5185785,0.8637826,-0.1277911,1.1297454,1.2190369,229,3.0
0.11644919,0.34782803,-0.65683043,-0.89281887,1.0341994,-0.75959766,-0.2927642,1.7818413,-0.39951298,2.097171,1.0135726,0.99500847,-1.1530535,1.0385114,0.25400543,2.0596085,-0.6323589,1.5185034,-0.63742703,0.36190432,-0.16972682,0.17822826,-0.4756218,-0.3090096,1.0961484,3.577955e-05,-0.43599087,-0.41002485,0.9611362,0.04939752,1.3315719,1.3183436,229,2.0
0.10091323,0.39038935,-0.54422927,-0.86576337,0.9562461,-0.6843279,-0.34665498,1.5674752,-0.379629,2.0895498,0.9741407,0.96866435,-1.0769947,1.0679417,0.16551398,1.9302118,-0.6020076,1.3867333,-0.57263434,0.3043111,-0.2519009,0.19086999,-0.4630561,-0.3972404,1.011989,0.031508107,-0.46347117,-0.40124026,1.006413,-0.089784205,1.2557707,1.2428743,229,3.0
0.14721271,0.42204952,-0.57528335,-0.9510599,1.226356,-0.7830108,-0.33816284,2.031502,-0.33412814,2.3474882,0.8792608,1.0410458,-0.6923839,1.2719038,0.56991935,1.7397316,-0.6749525,1.8104491,-0.22946212,0.019398935,-0.43405926,0.8319039,0.08712334,-0.64028716,0.94872916,0.29533353,-0.052807722,-0.10657047,1.3183626,-0.24678469,1.726074,1.2246238,229,1.0
0.15219015,0.40876767,-0.5203459,-0.8921271,1.1698192,-0.76036125,-0.33020663,1.9914459,-0.3181916,2.299662,0.8998896,1.0404415,-0.6375596,1.2979829,0.54909104,1.6949049,-0.6397596,1.7404376,-0.24113005,0.071646735,-0.42805374,0.8004174,0.06311092,-0.7220454,0.95275366,0.33801302,-0.11504951,-0.0666999,1.213754,-0.32754508,1.7303245,1.1566434,229,1.0
-0.057544127,0.4254698,-0.039120365,-0.6121582,0.45338112,-0.42494982,-0.5742261,0.52185225,-0.27907133,1.4228923,0.7535502,0.39661816,-0.5576724,1.1947994,-0.31596237,0.94587916,-0.30231616,0.9028712,-0.32288992,0.21452689,-0.334492,-0.0672237,-0.55624807,-0.5237292,0.5111785,0.11536584,-0.5925682,-0.27600488,0.5782735,-0.35541686,0.91034055,0.9881011,229,4.0
0.16634722,0.44862187,-0.50082546,-0.94308764,1.2152979,-0.7134626,-0.3909913,2.0418656,-0.30244127,2.310972,0.87111855,0.9766239,-0.49426213,1.3199594,0.5941911,1.701637,-0.5964127,1.7824738,-0.1359308,0.020125866,-0.49937448,0.85646373,0.1389791,-0.7386967,0.9090431,0.3760735,-0.091090366,0.05707343,1.3332729,-0.44396433,1.7548089,1.1672812,229,2.0
0.16305417,0.3851524,-0.51296854,-0.8852548,1.0575767,-0.7297922,-0.27983758,1.7820464,-0.3691993,2.0618207,0.91086364,0.99194545,-0.8362482,1.2343857,0.31232527,1.84679,-0.57713175,1.4818742,-0.35605043,0.19594628,-0.334276,0.44218016,-0.17861791,-0.5114032,0.9549669,0.16714925,-0.2542692,-0.26316532,1.030817,-0.18710756,1.4545505,1.1723765,229,2.0
-0.20531026,0.5330703,0.40658605,-0.5364413,-0.0020640045,-0.42278695,-0.90433145,-0.23015153,-0.29300264,1.3078243,0.8978041,0.051624894,-0.27186456,1.3489617,-0.9764754,0.65159976,-0.06321611,0.50729537,-0.46310776,0.24374385,-0.45222905,-0.3746242,-1.033589,-0.6138834,0.32678205,0.06511229,-1.1792259,-0.38465017,0.45046046,-0.66318554,0.78711325,0.83165073,229,4.0
0.10612729,0.42099622,-0.5410033,-0.93208724,1.0765197,-0.755744,-0.32964155,1.8721977,-0.34742028,2.2443776,0.966075,0.9280649,-0.7799662,1.2369798,0.40096396,1.8037082,-0.6247888,1.6304392,-0.2850149,0.12915914,-0.38940156,0.61849797,-0.078115456,-0.596485,0.9431,0.239398,-0.2629901,-0.17256084,1.1557981,-0.21067649,1.595819,1.276682,229,3.0
-0.14044522,0.4608858,0.2198032,-0.4808863,0.12310524,-0.40375033,-0.7427355,0.10109182,-0.31459096,1.2547575,0.8720717,0.25274792,-0.48851007,1.1267334,-0.77476585,0.9340282,-0.14966556,0.65565515,-0.59867984,0.35792357,-0.3458075,-0.44789213,-1.0678478,-0.50578284,0.562472,-0.044794105,-1.1252425,-0.42143315,0.3785899,-0.44590935,0.6548299,0.89208317,229,4.0
-0.13752626,0.52282155,0.23065363,-0.5695616,0.16660601,-0.4506702,-0.83216465,0.08371988,-0.3227483,1.4119185,0.93514097,0.19353506,-0.4609338,1.3168062,-0.8069763,0.9482654,-0.1707138,0.70292675,-0.52827287,0.28951365,-0.41267386,-0.31926596,-0.9358773,-0.60365784,0.47227174,0.011213742,-1.0731524,-0.4547425,0.5528761,-0.5531984,0.83899397,0.9447169,229,4.0
-0.025022702,0.48518488,-0.113709494,-0.704574,0.5505005,-0.5581249,-0.59253883,0.6038821,-0.3715856,1.6750249,0.9958952,0.56368905,-0.87263083,1.2725732,-0.47277546,1.339381,-0.30718267,0.93709385,-0.6172683,0.3855996,-0.33894238,-0.24033268,-0.8877909,-0.45765513,0.7869048,-0.048120387,-0.8663754,-0.55567807,0.6137633,-0.29619098,0.9392794,1.0827208,229,4.0
-0.090990424,0.4584588,0.07550715,-0.6352897,0.38673797,-0.57689345,-0.80111265,0.4533255,-0.39435244,1.6308877,0.9666212,0.4465158,-0.6698677,1.2226477,-0.6042987,1.3421413,-0.27801922,0.8505014,-0.70327735,0.3480132,-0.34548783,-0.36524767,-1.0190704,-0.5203437,0.7048069,-0.070071414,-1.0903063,-0.5410024,0.59030044,-0.37390396,0.9357844,1.0919214,229,4.0
-0.14811899,0.518814,0.17821287,-0.5753788,0.21678644,-0.44159064,-0.78742945,0.118143395,-0.31761318,1.4014721,0.94395435,0.23681962,-0.5261501,1.2122082,-0.7001173,1.0178988,-0.19096154,0.7376378,-0.5060034,0.26412535,-0.37446797,-0.318276,-0.87293816,-0.5732839,0.5086379,0.014454864,-0.9814403,-0.44749284,0.51969296,-0.4781061,0.84448045,0.93452436,229,4.0
0.1255471,0.42672473,-0.5425032,-0.89282924,1.1085882,-0.7265109,-0.37314036,2.0615911,-0.27321115,2.1350543,0.7973886,0.9150399,-0.50417954,1.3282954,0.5575212,1.5375415,-0.60384446,1.6738485,-0.10458139,-0.044289812,-0.53523004,0.92851144,0.20571855,-0.7873602,0.8714218,0.40827084,0.017505586,0.09151237,1.2463151,-0.39803162,1.8508006,1.1994967,229,2.0
0.15460722,0.45249125,-0.49504763,-0.98894256,1.0904732,-0.7678504,-0.37108508,1.8187069,-0.38258505,2.2868826,1.0133828,1.0397671,-0.9038675,1.3348819,0.26551747,2.0278547,-0.6599736,1.6918113,-0.43259093,0.19245544,-0.37048495,0.42236674,-0.2488102,-0.5882875,1.060826,0.14377624,-0.35254133,-0.30024922,1.141908,-0.24745712,1.5214856,1.2613418,229,2.0
0.19599347,0.2890083,-0.56750715,-0.9047349,1.052037,-0.75387466,-0.21146035,1.4734552,-0.4406823,1.8612493,0.81166035,0.905907,-1.2326748,0.907849,0.31197137,1.958002,-0.6251327,1.5110998,-0.6106969,0.29684192,-0.10421428,0.24008408,-0.47206286,-0.3345516,0.9802201,-0.050965432,-0.4295572,-0.37925908,0.85361505,0.13085681,1.2933863,1.2262781,229,3.0
