0,1,2,3,4,5,6,7,8,9,10,11,12,13,14,15,16,17,18,19,20,21,22,23,24,25,26,27,28,29,30,31,Chip,Class
-0.033081762,0.17870796,0.1007743,0.5013706,0.554999,-0.3832824,0.028080985,2.2810962,1.1972195,1.6308029,1.8267142,1.5736327,0.93539095,0.07982522,1.9380919,0.68483347,1.1840925,1.6668912,0.08375576,1.5234405,0.49631187,1.7851119,1.409404,0.07735166,1.779565,0.22313593,0.75640655,0.59256893,-0.43693584,0.007943712,0.37291864,0.4632219,468,2.0
-0.004650176,0.13218628,-0.002992157,0.43282184,0.642924,-0.3481946,-0.17860717,2.2419996,1.1704623,1.3142494,1.6911262,1.631396,1.1120454,-0.047394186,1.4183444,0.49488896,1.0837057,1.7248634,-0.13798496,1.5488499,0.21611165,1.4926336,1.3951999,0.16114369,1.6872599,0.11019727,0.805006,0.3222409,-0.5385744,-0.031261094,0.0893718,0.35420677,468,2.0
-0.04656914,0.03906405,0.10611729,0.5242579,0.6455986,-0.34579918,-0.12699918,2.700656,1.2163613,0.9941274,1.599032,1.8817974,1.246887,-0.3376924,1.6802977,0.17292765,1.3134502,2.130235,-0.60458875,2.0459003,0.060750745,1.1483135,1.667681,0.54961544,2.1458876,-0.00048396946,1.18691,0.120604835,-0.25764304,0.520723,-0.07570946,0.4393551,468,1.0
-0.034705352,0.18925023,0.084751844,0.49485362,0.56693166,-0.39712885,0.03105095,2.238111,1.2139494,1.6713052,1.9088885,1.5853232,0.9302084,0.1318276,1.8155661,0.7718601,1.092849,1.6099461,0.19682632,1.4733089,0.5279462,1.8734764,1.3940349,0.029298322,1.6806923,0.2777622,0.6649384,0.61100703,-0.50418776,-0.10971353,0.34440637,0.49489796,468,3.0
0.0002067906,0.1459156,0.10337302,0.5292675,0.5547838,-0.4134618,0.0143040195,2.3103793,1.1265181,1.5380744,1.8711264,1.6584643,0.9694029,0.019435292,1.7962351,0.6474659,1.1299973,1.7979404,0.044623513,1.5793197,0.49565747,1.7323784,1.4025432,0.11797896,1.7032766,0.19675773,0.7242078,0.45413828,-0.38009787,0.011443004,0.27846918,0.46573785,468,3.0
0.08036522,0.15037864,-0.55411035,0.12185716,0.78414047,-0.21951029,-0.9632801,0.8277366,1.1758428,0.529917,0.9451335,0.95443517,1.2586422,-0.11464519,-0.34788585,0.33830473,0.22592832,1.015252,0.016686458,0.62311053,-0.4625216,0.80315995,0.26184025,-0.039952397,0.9039671,0.12532106,0.31745958,0.0676686,-1.213207,-0.5883703,-0.8491778,0.014095971,468,4.0
-0.026985195,0.21570559,0.03802563,0.5051436,0.60628754,-0.39979115,-0.0756003,2.4878445,1.3505329,1.7247716,2.1261568,1.7522604,1.093841,0.05674218,1.9112494,0.7278196,1.2132202,1.8563128,0.09398943,1.641174,0.48520225,1.9786607,1.4164978,0.033164438,1.8968637,0.24263285,0.8103053,0.6309944,-0.53205657,-0.098855145,0.28548613,0.50220865,468,3.0
0.06680288,0.13022938,-0.56489146,0.07598872,0.7842375,-0.1755971,-1.0429602,0.67501616,1.1649848,0.54630005,1.0196183,0.98616683,1.2447423,-0.14252079,-0.66533,0.27391112,0.1715182,0.76711106,-0.053975157,0.5444634,-0.60111123,0.8658007,0.3238565,-0.00034917146,0.64832264,0.13326465,0.35184056,0.035319924,-1.3208901,-0.70453423,-0.8845696,0.08329274,468,4.0
-0.021455782,0.07407515,0.10503703,0.4725061,0.6289108,-0.35491794,-0.045873243,2.439556,1.0848,1.0987539,1.5541556,1.7384835,1.0777873,-0.19609562,1.6494002,0.33373064,1.2410353,1.9087574,-0.37092102,1.7741843,0.17835017,1.3252151,1.5122916,0.38193154,1.8807535,0.058367718,0.9480293,0.22538745,-0.33906335,0.3068463,0.07316902,0.42233312,468,1.0
0.03034709,0.13678376,-0.61578345,0.047353163,0.7995128,-0.17032146,-1.1188095,0.6375101,1.2192326,0.54804444,1.0455003,1.0388774,1.2452528,-0.13458495,-0.652027,0.23371954,0.14972943,0.8345869,-0.10057297,0.52865064,-0.61757,0.77789485,0.20724821,-7.857755e-05,0.6455116,0.101262,0.29297394,0.011817731,-1.3256499,-0.8003494,-0.90762377,-0.005433123,468,4.0
-0.022155365,0.08623816,0.07669592,0.4437237,0.49751222,-0.31705976,-0.027091656,2.3123627,0.83946824,1.2516735,1.4130614,1.5043259,0.950598,-0.023422537,1.6256002,0.4349475,1.0379708,1.6420482,-0.092598304,1.5319513,0.31724384,1.276464,1.3247054,0.28609717,1.602915,0.18094246,0.7598784,0.36951503,-0.32049608,0.14339134,0.18679854,0.42405757,468,2.0
0.03157553,0.118336245,-0.46412212,0.08617317,0.69224143,-0.18526894,-0.89387524,0.7617194,1.163957,0.6495899,1.0203001,0.9170181,1.1025181,-0.06390329,-0.31617153,0.26740628,0.20409551,0.8406867,0.027345672,0.6356876,-0.4839228,0.92337734,0.3238364,0.05088687,0.68321127,0.12965593,0.33138022,0.07179943,-1.1378794,-0.6279164,-0.7387091,0.07838115,468,4.0
-0.04012149,0.13622928,0.08015266,0.5077713,0.64942306,-0.3927856,-0.070400655,2.5186226,1.2478536,1.4692805,1.8319745,1.8104265,1.1294376,-0.03996367,1.8510795,0.5221619,1.2370293,1.8155856,-0.08790964,1.692912,0.34839085,1.6128652,1.6020577,0.20933545,1.8630692,0.1661486,0.9069584,0.4121294,-0.41236192,0.074681155,0.17965466,0.44441485,468,2.0
-0.0014886911,0.16925818,0.049108814,0.49445313,0.58079314,-0.37035874,0.050276726,2.0905805,1.0974334,1.6324457,1.8689314,1.5468532,0.88551193,0.11247635,1.7176417,0.7637172,1.0319003,1.5858487,0.1916769,1.4052368,0.50932485,1.8571361,1.4236584,0.0078113303,1.5670137,0.28846195,0.6393286,0.61636806,-0.54026604,-0.103343405,0.33571053,0.46546072,468,3.0
-0.02807678,0.1337212,0.092601866,0.41091967,0.48983872,-0.3461046,0.024032973,2.076975,1.0273125,1.3206714,1.5810221,1.2032925,0.8181391,0.08974452,1.7146268,0.63570875,1.0215718,1.2885606,0.053899605,1.3157971,0.38415858,1.5826918,1.2416518,0.051982604,1.5571655,0.2450936,0.59438163,0.48628965,-0.5000744,-0.050356656,0.24944726,0.41829202,468,3.0
0.04548458,0.124910444,-0.56267303,0.07332456,0.7368462,-0.17568204,-1.0674675,0.5096619,1.1455026,0.42369685,0.8684661,0.93287194,1.1573216,-0.124977924,-0.6479713,0.24049152,0.12423861,0.8414057,0.0018781535,0.43010473,-0.5988074,0.7130289,0.19040897,-0.013453543,0.58959687,0.11491021,0.34878418,-0.007659739,-1.228017,-0.70065826,-0.9580353,0.013031503,468,4.0
-0.05007629,0.12607174,0.1217626,0.46395367,0.49468547,-0.35623556,0.03786447,2.4077704,1.0770817,1.3980386,1.7213174,1.4773443,0.9621144,-0.06902861,1.9072878,0.5351153,1.198378,1.6343507,-0.113152295,1.6948844,0.39827183,1.6005204,1.4460273,0.1988545,1.7301866,0.16065593,0.83757687,0.42192966,-0.27068084,0.20261618,0.2734852,0.47330925,468,3.0
-0.0040212343,0.10325034,-0.5165041,0.033390876,0.76194984,-0.20313504,-0.97179085,0.8103518,1.1692992,0.4982363,1.0684643,1.0680505,1.2431575,-0.12123675,-0.3308788,0.23403728,0.22860529,0.87320143,-0.043891273,0.6470235,-0.5595197,0.79832375,0.30803177,0.054841567,0.73320305,0.09697086,0.3971534,0.03283368,-1.139707,-0.6536669,-0.7942894,0.07920748,468,4.0
-0.03146626,0.026391525,0.1325586,0.43171495,0.57542306,-0.33796766,0.012340605,2.3472223,1.1510388,1.2069278,1.5904113,1.4821935,0.95268434,-0.1145482,1.7444514,0.335918,1.0334065,1.7483389,-0.28750628,1.6962742,0.15795404,1.5042678,1.5059268,0.30304542,1.7561032,0.13104716,0.7328135,0.271793,-0.3706603,0.22456849,0.035233535,0.43721926,468,1.0
-0.05593719,0.12359187,0.07238974,0.4491536,0.6182971,-0.32982004,-0.036050413,2.405375,1.0995339,1.3452868,1.5949637,1.6823593,1.0855839,-0.11275319,1.5027701,0.51590306,1.0715811,1.6751432,-0.26244107,1.7099221,0.21110871,1.5029078,1.4903086,0.19644004,1.8278284,0.10616534,0.9849565,0.32603583,-0.33927754,0.17956114,0.120448165,0.49742004,468,2.0
-0.021271454,0.13835023,-0.01188661,0.42410746,0.6343431,-0.35491621,-0.16651165,2.1349626,1.1762474,1.3143758,1.6689873,1.6225172,1.108427,-0.051268354,1.4318062,0.47722036,1.0499552,1.6570204,-0.13170058,1.5658504,0.21158144,1.4709988,1.3520039,0.16996615,1.7100691,0.122399785,0.80345327,0.3631976,-0.5433249,0.017180871,0.08117902,0.36735386,468,2.0
-0.020683175,0.19462924,0.011669423,0.5118661,0.6728202,-0.41576272,-0.16664323,2.3651674,1.3673072,1.662753,2.1024024,1.8358141,1.2133601,0.044862024,1.6994514,0.7608132,1.061588,1.7369587,0.122031614,1.6548712,0.36534387,1.9447361,1.3901675,0.070557676,1.8300513,0.26224315,0.7845116,0.65185153,-0.76936555,-0.12703091,0.15961814,0.52883554,468,3.0
-0.03296395,0.12406175,0.06375252,0.5235039,0.57919157,-0.3698022,-0.059964206,2.3412585,1.1949341,1.5775732,1.8882039,1.7721872,1.0484176,0.020213835,1.7173914,0.62626785,1.0649358,1.7504002,-0.009246919,1.6830273,0.31943864,1.7973757,1.4312024,0.13540448,1.788348,0.23891024,0.8181505,0.54063493,-0.5632453,0.018975072,0.20230702,0.52246493,468,3.0
-0.00964724,0.12616019,0.10335365,0.5252347,0.62010396,-0.3610267,-0.0024826154,2.4809139,1.1406757,1.4524311,1.771512,1.7072698,1.0253451,-0.028449452,1.8101963,0.5209921,1.3024994,1.9112138,-0.18141314,1.6960785,0.34491858,1.5231016,1.5529373,0.22506404,1.9001751,0.10370071,0.8753609,0.30890092,-0.3735454,0.13417038,0.2292751,0.39721802,468,2.0
-0.058950454,0.08582565,0.11146934,0.42575377,0.49276572,-0.31555393,-0.028076388,2.3248384,0.9203025,1.0341053,1.3117863,1.5355327,0.92913014,-0.15110278,1.6527627,0.2882672,1.1154108,1.7718476,-0.22440103,1.64129,0.22236477,1.1710719,1.4555398,0.38156098,1.6859893,0.104488455,0.8510147,0.26424488,-0.2714029,0.34614852,0.16009763,0.374947,468,2.0
0.03358419,0.11676358,-0.5103986,0.071229786,0.7179586,-0.17593074,-0.9708167,0.61247027,1.1270219,0.5484052,1.0032153,0.89149696,1.151482,-0.10861527,-0.5398061,0.26709756,0.18623705,0.79014635,-0.006741831,0.5821026,-0.5404419,0.8374253,0.33402565,0.028612347,0.65139705,0.13211457,0.3276222,0.028742425,-1.1956323,-0.66924345,-0.79814774,0.06627109,468,4.0
0.020828482,0.19612087,0.08396217,0.51073664,0.528712,-0.36070403,-0.019075394,2.1430976,1.051929,1.5690767,1.8351364,1.4093938,0.8796233,0.09478377,1.7101263,0.72850966,1.0211176,1.5349066,0.19387811,1.3794904,0.53656167,1.7635591,1.312772,-0.022222884,1.5676739,0.2528942,0.58339137,0.47157714,-0.4781894,-0.16228771,0.28944048,0.46786126,468,3.0
-0.03942042,0.21386981,0.04038803,0.45204675,0.6041752,-0.4047923,-0.08843267,2.2341995,1.2909299,1.6962938,1.9931878,1.60572,1.1000068,0.08566638,1.8014129,0.7374096,1.1513608,1.6469389,0.112942874,1.6024294,0.43416983,1.9320539,1.3562317,0.07848664,1.773344,0.25267583,0.6914975,0.61908036,-0.62997806,-0.14588836,0.28457674,0.45314902,468,3.0
-0.040107045,0.13963062,0.09647782,0.5255391,0.55759674,-0.40644693,-0.024394251,2.3785787,1.1381923,1.5086472,1.8366106,1.7484941,1.0295503,-0.009186553,1.8610687,0.6131155,1.1216729,1.8281517,-0.0048640873,1.6918967,0.38126016,1.6747967,1.4964515,0.19142231,1.8225358,0.22890155,0.84190714,0.52735454,-0.4947173,0.122636095,0.2463511,0.5358098,468,3.0
-0.021947782,0.15797032,0.08310175,0.49107674,0.5640143,-0.37775493,-0.06846114,2.2790635,1.1344126,1.6328195,1.9422065,1.6989975,1.0494698,0.08128238,1.7702192,0.73446643,1.0360343,1.5581133,0.14832589,1.5440255,0.46952945,1.7841338,1.3411834,0.057016067,1.6546559,0.28270853,0.65760046,0.6913114,-0.5831375,-0.0883602,0.25349215,0.5304871,468,3.0
-0.016449088,0.08819036,0.091854945,0.4708681,0.6266407,-0.33923274,-0.05267524,2.5324085,0.98493105,1.1867627,1.5434667,1.5932297,1.1423063,-0.16344264,1.7090256,0.31818932,1.196031,1.8679608,-0.40519586,1.706076,0.16029422,1.258731,1.6622701,0.3577588,1.8196819,-0.011585863,0.98006517,0.15916252,-0.25745314,0.34171638,0.054837458,0.43368345,468,1.0
0.011300245,0.100663036,-0.36912978,0.15641403,0.7770545,-0.2442334,-0.77947664,1.303207,1.1936084,0.68724,1.1951395,1.2095338,1.2532542,-0.16748439,0.20472394,0.21570522,0.51138186,1.2438567,-0.20795667,1.0173723,-0.45968005,0.92113215,0.7121511,0.18447208,1.0387584,0.0909753,0.58888197,0.025903273,-0.9558705,-0.35031715,-0.61565316,0.17710665,468,4.0
0.022751557,0.12486939,-0.47903803,0.079595014,0.7181163,-0.19800672,-0.9041911,0.74818265,1.1750882,0.6486008,1.059968,0.9379039,1.1751559,-0.08641141,-0.41821444,0.3077566,0.23215437,0.9045466,0.069758296,0.63615084,-0.4934959,0.9422394,0.34248653,0.016737524,0.7335413,0.14795285,0.3385457,0.075543046,-1.1732254,-0.6762902,-0.7676391,0.11271261,468,4.0
0.06963292,0.10306074,-0.4920883,0.1248287,0.81725675,-0.2083337,-0.9385737,0.8488027,1.2026796,0.54763305,1.0649809,1.113775,1.2901219,-0.16580757,-0.3508808,0.2493728,0.31759053,0.9683977,-0.121431485,0.75590867,-0.56038666,0.8798426,0.4686509,0.0593047,0.84098756,0.08018833,0.46775898,0.022386264,-1.187638,-0.5915998,-0.7917826,0.12309769,468,4.0
0.020023571,0.090170994,-0.43500873,0.0970657,0.7238327,-0.19656989,-0.8381116,0.8989382,1.0525398,0.4907404,0.96572447,1.064189,1.1209228,-0.12528965,-0.21010515,0.22033244,0.28966478,0.8837295,-0.097736314,0.73743457,-0.50591266,0.77147007,0.45568407,0.09438357,0.7787609,0.07916364,0.45067883,0.018539991,-1.0364517,-0.5217901,-0.68872744,0.11487433,468,4.0
-0.058668602,0.11331275,0.088254064,0.4370235,0.56319326,-0.33593577,-0.06625205,2.1628456,1.0400995,1.1965815,1.4939845,1.4967161,0.94413424,-0.12960182,1.389794,0.40975803,1.0941845,1.5621785,-0.2509129,1.6661443,0.22487722,1.2127048,1.2832818,0.30724898,1.7815723,0.06453074,0.9011668,0.27205032,-0.349136,0.17642662,0.11879549,0.43477678,468,1.0
-0.036773108,0.048866298,0.13671888,0.47508615,0.5881758,-0.3305331,0.006319493,2.5109265,0.93053323,1.2729889,1.4939758,1.6551032,0.9971806,-0.16331476,1.7816204,0.28010863,1.203015,1.7999113,-0.31824017,1.7764708,0.21122,1.2171944,1.6241524,0.33553877,1.7917585,0.0936342,0.94832444,0.2098768,-0.19411153,0.35875928,0.09090506,0.42196995,468,1.0
-0.056656387,0.1319735,0.13434291,0.47370833,0.52034336,-0.3612078,0.035914645,2.3411963,1.1265205,1.4727359,1.7430068,1.5758606,0.8365434,0.005173372,1.8193939,0.61340487,1.1919,1.6152158,-0.024739113,1.597841,0.4331078,1.6662135,1.4503394,0.12045282,1.7700766,0.18847384,0.72766227,0.49417272,-0.45801294,0.049931053,0.3853541,0.47729895,468,2.0
0.0357062,0.12061356,-0.5662575,0.073104486,0.80949515,-0.18313673,-1.1005455,0.67158675,1.3175045,0.5858716,1.1929822,0.97949475,1.2703534,-0.14888707,-0.51830715,0.30779237,0.1831491,0.90914017,0.002417203,0.6923327,-0.58636653,0.9459731,0.3067147,-0.023061678,0.6725462,0.14119057,0.41344407,0.08414649,-1.2730625,-0.71858007,-0.88598746,0.0770189,468,4.0
-0.049802445,0.07354373,0.14051087,0.43092668,0.5203614,-0.31344858,-0.030877344,2.2367861,0.9290181,1.1993353,1.4023398,1.5626727,0.8866183,-0.12886697,1.4808242,0.33511242,1.0817317,1.6812477,-0.28564095,1.6649665,0.13622305,1.2693062,1.4826322,0.281772,1.6301316,0.06135156,0.9319721,0.355356,-0.29168075,0.30807996,0.082330085,0.4746973,468,1.0
-0.049668167,0.12046148,0.12634394,0.43744752,0.52516276,-0.34176072,-0.008374706,2.2993379,1.0188217,1.3118489,1.5248011,1.6213496,0.9450503,-0.101072915,1.7332023,0.40379685,1.1752033,1.7108876,-0.20447557,1.7102056,0.32057032,1.4099636,1.4516673,0.25516295,1.744108,0.07711609,0.8428588,0.33812273,-0.24994192,0.21115398,0.27734005,0.37381542,468,1.0
-0.032201525,0.22330506,0.042237606,0.49486607,0.53728217,-0.38105667,0.0019522682,1.9686322,1.2692767,1.765809,1.9944875,1.4385283,0.8574419,0.20101742,1.8057514,0.9302453,1.0084735,1.5666685,0.45692664,1.3983285,0.6094227,2.0664985,1.2514795,-0.10676711,1.627482,0.36521515,0.58876806,0.75182295,-0.60648286,-0.25080875,0.36108378,0.5466638,468,3.0
0.039750453,0.12610437,-0.49239188,0.078325264,0.7090047,-0.17141557,-0.9448865,0.6587786,1.1235714,0.60502636,1.0195583,0.88871646,1.1402133,-0.088278115,-0.53811175,0.29128903,0.18299672,0.81146395,0.036728363,0.5842005,-0.5123361,0.86955917,0.340888,0.019307956,0.63645,0.14734273,0.31450823,0.048067532,-1.1783566,-0.6690636,-0.7780276,0.088368714,468,4.0
0.033097316,0.11398737,-0.45459524,0.08373679,0.7408202,-0.19105986,-0.9155293,0.91137904,1.1704428,0.5767951,1.0681247,0.9902216,1.1604378,-0.11811259,-0.32941255,0.30539483,0.29059023,0.950962,-0.017299665,0.7553046,-0.4941418,0.9172002,0.37254652,0.013161812,0.7814704,0.112383604,0.38731107,0.032593936,-1.150611,-0.6260874,-0.7552,0.104525045,468,4.0
-0.0432835,0.18135794,0.0684278,0.48857,0.60726315,-0.41734144,-0.024763055,2.4333682,1.2352866,1.6744022,1.9827346,1.6879447,1.0322539,0.041822486,1.8282073,0.6868223,1.1662215,1.7364243,-0.020507682,1.6902509,0.4443002,1.8578029,1.4465098,0.10161595,1.8835192,0.24377449,0.8121686,0.53073794,-0.54032356,-0.04433798,0.2844077,0.4949929,468,2.0
-0.009781098,0.08176403,0.059106622,0.50481105,0.6178112,-0.34013724,-0.050945617,2.2696867,1.1222495,1.1288303,1.5798064,1.7430892,1.1082473,-0.15774514,1.5081161,0.4110483,1.1767532,1.8297479,-0.2862468,1.6313571,0.17231634,1.4344583,1.4541382,0.2882386,1.8134938,0.08593206,0.9073282,0.3090945,-0.39846545,0.23876688,-0.009002641,0.45750892,468,1.0
-0.04605183,0.18476722,0.060388867,0.51024884,0.5460271,-0.39499813,0.022423178,2.1764019,1.2092241,1.7232082,1.9405001,1.5631387,0.9369703,0.14160116,1.815082,0.8059963,1.0721768,1.62188,0.25834507,1.4968596,0.53418005,1.8910686,1.3482909,0.009805232,1.6752657,0.31886733,0.67813563,0.6360512,-0.54290694,-0.13949761,0.34449324,0.51447666,468,1.0
-0.027867418,0.19538513,0.06284079,0.43477568,0.5622572,-0.37612826,-0.047273878,2.0970976,1.2257699,1.572837,1.865663,1.4814448,0.99649715,0.08561249,1.7050136,0.70164067,1.093215,1.514829,0.13302508,1.4725039,0.42479664,1.8108778,1.343423,0.067820564,1.6533307,0.24303006,0.6088267,0.61358136,-0.58331245,-0.10198223,0.30162153,0.45646346,468,3.0
-0.039426703,-0.011673889,0.059909906,0.41824195,0.626551,-0.31174856,-0.10601651,2.7692983,1.1134714,0.96254826,1.1479753,1.7373642,1.1185049,-0.34593317,1.4907558,-0.009980999,1.2215481,1.9259301,-0.6291959,1.7137997,-0.13032104,0.9357133,1.6058393,0.61118406,1.8276223,-0.04855427,1.181365,-0.116439976,-0.23555613,0.54991925,-0.18014875,0.4135163,468,1.0
0.037418593,0.09782505,-0.52440107,0.08416074,0.74662155,-0.17824692,-1.0189503,0.6770503,1.2161297,0.48841417,1.0346785,0.8519243,1.1208295,-0.15546201,-0.45003662,0.20981824,0.14992955,0.81465614,-0.08759334,0.65989023,-0.6100513,0.7887081,0.2999764,0.0033952333,0.64425826,0.10626983,0.4248616,-0.025827743,-1.1676804,-0.58171153,-0.8613036,0.0113205705,468,4.0
-0.022072721,0.22428969,0.0416232,0.45198822,0.50327927,-0.39597288,-0.06220062,2.0751855,1.1927143,1.705478,1.9995756,1.4187253,0.91871005,0.16413999,1.7395449,0.7928385,1.0429773,1.5070188,0.29136387,1.2914474,0.4901399,1.9222329,1.2758663,-0.045044646,1.5571997,0.32146436,0.6071956,0.6716562,-0.6063929,-0.21643746,0.32204646,0.47058478,468,3.0
-0.009024045,0.14146242,0.10756548,0.49207342,0.62279826,-0.3743114,0.010984145,2.3132622,1.1358728,1.4334664,1.7773931,1.6796151,0.95803106,-0.044078574,1.6447783,0.61252886,1.1415716,1.7426064,-0.041247737,1.6149689,0.4093872,1.6375203,1.4575068,0.13816297,1.7457913,0.17064294,0.7940626,0.36085844,-0.35875085,0.019607568,0.22071218,0.39413795,468,2.0
-0.019367762,0.18787931,-0.02803982,0.49275944,0.6727362,-0.40415943,-0.18445472,2.3326447,1.3876659,1.7240587,2.0727882,1.7954189,1.2150196,0.0709044,1.5870488,0.7479714,1.0043762,1.7012101,0.14796142,1.6302677,0.3270658,1.9391826,1.3327925,0.058156747,1.7950866,0.27630273,0.76461816,0.6219764,-0.7837447,-0.18192172,0.12227065,0.5082952,468,3.0
-0.010116176,0.14914037,0.07057747,0.46468073,0.613685,-0.3677016,-0.061658807,2.3588805,1.1449385,1.4716928,1.7570211,1.6766766,1.0608952,-0.012440728,1.7396629,0.5855528,1.1561093,1.774125,-0.08566666,1.5803326,0.35291836,1.6174476,1.4736907,0.15446505,1.7582548,0.14158092,0.78211623,0.4320526,-0.4502771,0.039522983,0.22075438,0.42979917,468,3.0
-0.027205687,0.15788975,0.059067134,0.5184072,0.5925862,-0.396656,-0.045482364,2.4440594,1.2200184,1.6156229,1.9730389,1.753864,1.0937562,0.02009913,1.8757325,0.6538078,1.242825,1.8878562,0.008406274,1.6812506,0.45240542,1.7491634,1.4829341,0.14514685,1.9431555,0.21757841,0.87247956,0.5567682,-0.47591895,0.034745134,0.27608407,0.5113017,468,2.0
-0.024833502,0.13151346,0.08237788,0.4636917,0.5839349,-0.36986622,-0.032242145,2.3020732,1.1245304,1.4309325,1.704508,1.6538937,1.006288,-0.0054569263,1.6845183,0.5525086,1.1399666,1.7354722,-0.10521729,1.5735636,0.37524724,1.5809945,1.4794221,0.14582714,1.7254065,0.13760982,0.7728159,0.3962361,-0.42335415,0.036958985,0.25817204,0.39708987,468,3.0
-0.029133838,0.16606529,0.12015727,0.44364572,0.50070614,-0.3925098,-0.005889766,1.9715421,1.0424387,1.5340714,1.7713388,1.4405415,0.81772023,0.1353004,1.6677458,0.6787672,1.0266393,1.5263777,0.22549011,1.3657796,0.5193856,1.6637348,1.2306703,0.030810155,1.4788811,0.24421076,0.557395,0.5548249,-0.43877792,-0.07033586,0.31910497,0.46248803,468,2.0
-0.018939536,0.08488186,0.04451328,0.47862086,0.64654785,-0.37529883,-0.04663737,2.3036516,1.101534,1.3073198,1.724859,1.7077104,1.0832652,-0.10484076,1.5636001,0.49035633,1.1332508,1.7601315,-0.22250098,1.6371856,0.21244183,1.5513839,1.4690753,0.27876252,1.7980491,0.14106135,0.93688935,0.297964,-0.39507228,0.13997182,0.07215645,0.4424124,468,1.0
-0.025491636,0.12719381,0.056563523,0.47600427,0.5921521,-0.35647827,-0.049075983,2.3432379,1.115203,1.3524618,1.6924081,1.6447518,1.0538138,-0.0683188,1.6434939,0.46378303,1.1375271,1.6990244,-0.07607527,1.623818,0.2878559,1.536268,1.4321368,0.2001647,1.688061,0.15340275,0.8073822,0.41623425,-0.4272753,0.04994461,0.13638347,0.44901568,468,1.0
-0.030009551,0.022030935,0.12124379,0.40220103,0.627494,-0.29675725,-0.13581088,2.2233694,1.0677083,0.9856796,1.3105319,1.5321621,0.99057245,-0.3449443,1.2947042,0.08691037,1.0813241,1.5931184,-0.49038073,1.6381605,0.008053547,0.98700386,1.3895904,0.36010158,1.7349527,0.024474725,0.97192323,0.018018316,-0.25553903,0.33589503,-0.063522376,0.36055264,468,1.0
-0.05393809,0.078300536,0.044096213,0.44923815,0.55109954,-0.34522986,-0.09904663,2.382364,1.0176592,1.2571756,1.3771772,1.6795055,1.0737627,-0.11337029,1.5819848,0.36942953,1.0860896,1.7489285,-0.2653562,1.6334254,0.100879334,1.2691836,1.4471667,0.36836267,1.7374076,0.1099416,0.92927116,0.25505805,-0.3195665,0.29528165,0.041185014,0.4328515,468,2.0
0.040072422,0.11540687,-0.4966638,0.113437586,0.77346593,-0.21078199,-0.9033906,0.8464085,1.1974065,0.6184641,1.0615805,1.0065622,1.2014059,-0.11903415,-0.41852075,0.2842793,0.26493084,0.93824726,-0.067064315,0.67181516,-0.54704344,0.904339,0.40009862,0.026931018,0.7686318,0.11295626,0.40170798,0.048350513,-1.2300123,-0.6608783,-0.82633835,0.12052746,468,4.0
-0.01614621,0.08639869,0.11095449,0.4421868,0.65848404,-0.37462756,-0.016478308,2.5649283,1.0448269,1.2646178,1.498811,1.6346427,1.0266412,-0.1917285,1.7475262,0.32031313,1.2078769,1.9299743,-0.36391544,1.8246363,0.16386378,1.3984519,1.6470233,0.34843993,1.8617277,0.06509008,0.97891057,0.20748514,-0.3109006,0.33127916,0.08814983,0.4314156,468,1.0
-0.05071528,0.0889525,0.1365143,0.44891945,0.55327064,-0.3628235,0.04404068,2.3938503,1.0842768,1.2362096,1.5547173,1.4485781,1.0211006,-0.11281983,1.8504062,0.3922004,1.1633977,1.5855134,-0.28982037,1.7785823,0.22749992,1.4007089,1.4617995,0.2876839,1.6705039,0.083464146,0.7242419,0.26700702,-0.34329805,0.21423241,0.062121786,0.47520506,468,1.0
-0.046607446,0.10860297,0.101411775,0.47699794,0.61338186,-0.3859716,0.0055269822,2.5160885,1.1116387,1.3503922,1.6427194,1.6680096,1.0799192,-0.13461772,1.8481436,0.44444495,1.2137517,1.9206814,-0.22601168,1.7863295,0.29972473,1.5351713,1.606892,0.26254812,1.9302915,0.12731688,0.94011754,0.3333817,-0.3540592,0.27757093,0.18752205,0.46268886,468,2.0
-0.012993647,0.06203687,0.11935887,0.455569,0.6098926,-0.3327744,-0.019413136,2.3516421,1.0231054,1.2180192,1.4955951,1.6322652,0.9918889,-0.23691459,1.6480376,0.19207461,1.2041628,1.881897,-0.40908512,1.7470596,0.10707307,1.215431,1.6390971,0.3873208,1.7996047,0.019509738,0.9429068,0.16785598,-0.19355541,0.3829606,0.018395599,0.3421812,468,1.0
0.021578912,0.14623263,-0.48389193,0.08987814,0.6969974,-0.18782938,-0.9175718,0.68507963,1.1681107,0.6946374,1.1364858,0.91110396,1.1732001,-0.08240095,-0.4271256,0.30991554,0.21196914,0.858467,0.0691974,0.6303185,-0.46765816,0.9093189,0.39796904,0.03679747,0.69361186,0.16891746,0.30945668,0.10326148,-1.149657,-0.6754852,-0.72422475,0.080278575,468,4.0
-0.009940059,0.10977027,0.13568197,0.50217843,0.5749712,-0.3601772,0.056696385,2.3402565,1.0221418,1.3410028,1.6072234,1.6391209,0.95325696,-0.040886648,1.800735,0.5309476,1.236745,1.8062339,-0.18218358,1.6540487,0.3877418,1.5052112,1.4854369,0.22565809,1.7689269,0.09188443,0.836519,0.32536048,-0.32032746,0.1659243,0.29799646,0.39383,468,3.0
-0.0020786296,0.12799485,-0.04252535,0.4677504,0.6464155,-0.365353,-0.23290169,2.1497717,1.2206264,1.3003579,1.6739836,1.6607757,1.1849774,-0.05886335,1.3588601,0.4688251,1.0400301,1.7876508,-0.14524269,1.5771551,0.16656426,1.5539311,1.4102703,0.1887477,1.7221158,0.121632695,0.8222511,0.33597702,-0.5506795,-0.059657834,-0.0062938016,0.34407747,468,1.0
-0.027560292,0.15617326,0.033428054,0.46381083,0.57459813,-0.35589188,-0.09739662,2.2842815,1.2158186,1.4272678,1.8032854,1.6387815,1.0032929,-0.030950231,1.6764394,0.55416113,1.1047643,1.7065754,-0.026101401,1.5904485,0.35839292,1.6843255,1.351335,0.10612655,1.7465031,0.1693861,0.812381,0.45926425,-0.4175148,0.017289896,0.19051063,0.4177976,468,2.0
-0.019308962,0.12059039,0.09410517,0.45408124,0.6506251,-0.36572734,-0.073595405,2.411076,1.0755254,1.247748,1.5428288,1.6724957,1.0596396,-0.1588305,1.5260155,0.39970714,1.149757,1.870909,-0.28175694,1.7171334,0.1955935,1.4752659,1.5274961,0.2977589,1.7740571,0.04042069,0.88944316,0.2505859,-0.3711295,0.16032347,0.0731236,0.40367758,468,1.0
-0.01888956,0.14465608,0.08126438,0.47501662,0.6021377,-0.36725459,-0.041296043,2.376392,1.1137638,1.4681424,1.7390705,1.6879807,1.0393834,-0.019289812,1.744499,0.5525174,1.1780419,1.8149064,-0.12290388,1.61695,0.3670412,1.5780191,1.4920537,0.17673126,1.777347,0.123008616,0.80700594,0.3994438,-0.39939427,0.07506448,0.23447338,0.42231873,468,2.0
-0.00616469,0.13891308,-0.10567452,0.42824462,0.6366276,-0.3287943,-0.2752565,2.029357,1.2219507,1.3378879,1.6602166,1.5404634,1.1756992,-0.0023647249,1.133942,0.5687289,0.7867181,1.479111,0.03128299,1.3889773,0.12163674,1.5526264,1.1321567,0.15778306,1.5345501,0.20135972,0.75487137,0.4030161,-0.78889513,-0.14373699,-0.09059286,0.37352794,468,3.0
-0.03792495,0.21103182,0.0989051,0.45538107,0.5052117,-0.38551435,0.026332252,1.9889346,1.1910149,1.7242095,1.937852,1.3939679,0.84189767,0.15989022,1.7843944,0.8108728,0.9866126,1.4765077,0.28513306,1.3895069,0.52956504,1.8842902,1.3028171,-0.029369153,1.5711946,0.29233587,0.5495682,0.65722764,-0.47497338,-0.13148388,0.3731526,0.45663196,468,3.0
-0.010246614,0.17408644,0.032091964,0.48199275,0.65138555,-0.36480787,-0.11624925,2.354819,1.2638522,1.5307529,1.8990405,1.7460862,1.1145835,0.016624212,1.6994671,0.6075093,1.1788881,1.8627288,-0.057101607,1.6182905,0.35017097,1.710072,1.3761868,0.14581358,1.8471845,0.1517573,0.8010114,0.45849526,-0.5452053,-0.051907837,0.17124638,0.4667022,468,2.0
-0.02759147,0.09529063,0.1257444,0.44364458,0.53146654,-0.34160277,0.033269353,2.2905982,1.0890483,1.2706466,1.6059707,1.3996651,0.9451943,-0.06103453,1.8772392,0.46060807,1.1046224,1.633498,-0.14741537,1.642773,0.29639027,1.4983165,1.4543307,0.22175989,1.7727973,0.15688673,0.8186405,0.3394672,-0.35094333,0.23844555,0.19648346,0.4123804,468,2.0
-0.037894074,0.1331391,0.09979583,0.5208479,0.5610146,-0.38867888,-0.006292768,2.4594407,1.1599687,1.5618927,1.9460562,1.7255453,1.0229251,0.014015209,1.8632084,0.6189964,1.2409043,1.8215499,-0.02415856,1.6989441,0.42970398,1.6837925,1.4632671,0.2103298,1.964416,0.19436897,0.86347944,0.5082611,-0.4043885,0.07572444,0.28160906,0.5228526,468,3.0
0.028277617,0.11957832,-0.5213187,0.073203824,0.756371,-0.17347246,-1.0612106,0.6624296,1.2432699,0.56875145,1.0706075,0.92930263,1.1863542,-0.12861393,-0.57623976,0.2553072,0.17882462,0.86939067,-0.024409259,0.6153937,-0.5846234,0.8902356,0.30775538,0.017228834,0.65844154,0.12711635,0.3429102,0.0149539,-1.2375937,-0.7179695,-0.88606024,0.07356947,468,4.0
0.020396959,0.1306907,-0.47697368,0.06946581,0.7157429,-0.21060911,-0.8330118,0.7903371,1.1359814,0.6416514,1.0844146,0.9825608,1.1997327,-0.0830728,-0.2704858,0.3361246,0.26314348,0.8681877,0.10111734,0.6790205,-0.45914495,0.8896502,0.37413242,0.0013947189,0.72898835,0.13194653,0.4039985,0.113910325,-1.0877104,-0.5498533,-0.7199411,0.12495077,468,4.0
-0.05758785,0.14157121,0.10283832,0.49413985,0.60048634,-0.3883363,0.00813245,2.4236662,1.1289024,1.483504,1.7530392,1.6605036,0.9761857,-0.06321062,1.7451395,0.53482294,1.1830858,1.7300172,-0.20359953,1.7838888,0.34709218,1.5849333,1.4912086,0.20596224,1.9326625,0.1626542,0.971878,0.38460967,-0.3908649,0.15788168,0.24117717,0.50757086,468,1.0
0.03297957,0.11598444,-0.42774215,0.11099112,0.7195757,-0.19720197,-0.85187155,0.96829045,1.1733475,0.62732804,1.1108795,1.0090047,1.1400604,-0.11199454,-0.27309763,0.2973348,0.31317288,0.9971864,-0.01090071,0.7811411,-0.44873786,0.9452105,0.41924804,0.023207072,0.8223197,0.11789632,0.39738163,0.046210982,-1.127611,-0.5715072,-0.6900441,0.10104782,468,4.0
0.042166617,0.11939703,-0.5358587,0.069455616,0.77710855,-0.18728063,-1.044679,0.6696899,1.1990412,0.49765018,1.0600383,0.96870846,1.2196636,-0.14880686,-0.50396544,0.25177756,0.18061428,0.8397286,-0.050409853,0.640036,-0.5751021,0.8196376,0.3427159,-0.0008237101,0.6358505,0.09671321,0.42394486,0.049266756,-1.1961726,-0.6596546,-0.87660706,0.08019989,468,4.0
0.06781528,0.1292195,-0.5684607,0.10037673,0.73747087,-0.16708198,-1.0752168,0.67875737,1.1363292,0.52763814,1.0133985,0.9990695,1.2160453,-0.13535172,-0.6516574,0.2657305,0.11526595,0.7406299,-0.0669264,0.5763353,-0.53402,0.892098,0.31481054,-0.030449122,0.5788478,0.097061545,0.33973834,0.017775465,-1.3377676,-0.69781345,-0.8520007,0.043520465,468,4.0
-0.03540168,0.055531118,0.11356704,0.48439062,0.53220147,-0.34806883,-0.01021684,2.3779998,0.98362345,1.2071657,1.3787367,1.6450197,1.0018635,-0.15499888,1.6831839,0.29274547,1.1221219,1.8206823,-0.2880387,1.6688274,0.16791585,1.3198752,1.5391209,0.4134644,1.7274549,0.08250163,0.963582,0.2564806,-0.33023566,0.40180594,0.0965224,0.47497448,468,1.0
-0.074064136,0.06805195,0.18326752,0.48371485,0.4990862,-0.32957816,0.050030455,2.2341926,0.9517196,1.2185718,1.5120186,1.4174426,0.6826786,-0.14122324,1.6679538,0.3994556,1.162493,1.5939502,-0.1524014,1.6349863,0.3415534,1.3064413,1.4480181,0.24813455,1.7043178,0.115440845,0.85871357,0.30394986,-0.22241133,0.30830774,0.29670238,0.4518349,468,1.0
0.051556014,0.112166405,-0.55735236,0.061440494,0.7565955,-0.16563624,-1.0882301,0.63978195,1.1973505,0.5037112,0.989147,0.9567829,1.2031969,-0.1516083,-0.71152043,0.22114466,0.13567556,0.8054262,-0.032225177,0.5220902,-0.6165395,0.8449462,0.28180894,-0.0072644874,0.6337915,0.12618874,0.32308015,-0.018939998,-1.2876325,-0.7221177,-0.92205495,0.04351268,468,4.0
-0.041279297,0.13566297,0.1051238,0.52429277,0.5476929,-0.4146913,0.01107765,2.4046595,1.1008339,1.4924582,1.8304949,1.7415841,0.9974946,-0.010873469,1.9197778,0.61169297,1.1583253,1.8422073,-0.017279224,1.7007078,0.40798917,1.6806937,1.5125225,0.1848315,1.8384494,0.22607006,0.8502276,0.54534286,-0.4593956,0.14777206,0.2745716,0.53297794,468,2.0
-0.056131106,0.12123296,0.13098088,0.43552276,0.4870445,-0.35576433,0.0641679,2.2844322,1.0050628,1.3224269,1.5813847,1.3977436,0.933711,-0.0532382,1.7751383,0.49159384,1.1672273,1.4547472,-0.18084288,1.6718768,0.31859478,1.4021127,1.3613882,0.21901038,1.5922344,0.12690863,0.7025627,0.34449452,-0.3275683,0.1404274,0.19371256,0.47617966,468,2.0
-0.048662677,0.15065522,0.07910386,0.46870717,0.5970682,-0.3586646,-0.0660898,2.370757,1.1780735,1.4918216,1.8491148,1.7514962,1.0383716,0.014131142,1.6903667,0.7006869,1.1400106,1.6760056,-0.038705662,1.665576,0.3482046,1.7900308,1.3784999,0.10361485,1.7537417,0.17754444,0.8383348,0.5451294,-0.48370552,0.06570999,0.2570841,0.52817035,468,2.0
-0.008062863,0.1304996,0.043745082,0.4785223,0.6583103,-0.3803764,-0.08583086,2.3241618,1.2291987,1.3430432,1.6908131,1.7055486,1.0720232,-0.08206483,1.5099083,0.55162156,1.1266357,1.795689,-0.113049686,1.669334,0.26792356,1.6222575,1.492332,0.18775165,1.7419081,0.13285495,0.8707222,0.35258093,-0.45212185,0.005171109,0.14437616,0.36535022,468,1.0
-0.001186014,0.09804797,-0.47795582,0.058384366,0.7413609,-0.20946038,-0.8842817,0.9747918,1.1378365,0.502998,1.1122141,1.0646704,1.1974787,-0.14331625,-0.16484644,0.23019193,0.29458266,0.93863714,-0.06710523,0.7522594,-0.50783235,0.817578,0.40124777,0.060956784,0.8072626,0.09871259,0.4780731,0.05614636,-1.0405574,-0.5236212,-0.71070504,0.10310619,468,4.0
-0.03945862,0.047333714,0.0660796,0.42573383,0.5521544,-0.31734592,-0.06497797,2.3608105,0.9805443,0.9651433,1.2394837,1.5894582,1.0121561,-0.1976617,1.4880818,0.20564061,1.0963594,1.715188,-0.36402988,1.5771211,0.009125842,1.0700451,1.5413659,0.46220848,1.7102364,0.042124618,0.9720815,0.0914636,-0.3331877,0.42564854,-0.03424678,0.37970454,468,1.0
-0.026494546,0.13855849,0.11662033,0.47305045,0.5510183,-0.36944237,0.034317143,2.2895517,1.0782588,1.4782056,1.6759912,1.6293273,0.9308906,0.012583037,1.803192,0.58910394,1.1372005,1.7073386,-0.056799956,1.5558383,0.44034898,1.6106619,1.46583,0.13592112,1.698895,0.16002257,0.7464667,0.44486055,-0.38075244,0.058413852,0.3222419,0.42508522,468,3.0
-0.02937544,0.16524932,0.06569202,0.4805639,0.5419397,-0.37259215,0.00819844,2.25091,1.095884,1.5059973,1.7630945,1.6052701,0.96132356,0.066704355,1.7625762,0.65586334,1.0928719,1.6391412,0.05874716,1.450446,0.46033812,1.7048311,1.3631319,0.11823153,1.688662,0.2065915,0.72250706,0.5176003,-0.46715766,-0.039853394,0.27823514,0.4431816,468,3.0
0.005489517,0.2057902,0.045031276,0.42734832,0.48869652,-0.35602394,-0.021708757,1.9243394,1.1431359,1.5718162,1.8599678,1.2777175,0.8264076,0.17650603,1.5753235,0.7535899,0.991631,1.1954017,0.2643242,1.1580648,0.47294703,1.8854195,1.1499909,-0.058001414,1.4817203,0.3395322,0.538877,0.6401417,-0.5730769,-0.18180615,0.3545867,0.4527581,468,3.0
-0.032655094,0.1325783,0.06438927,0.51634187,0.5679073,-0.38226902,-0.039217293,2.319071,1.1372539,1.6029015,1.8475039,1.7508826,1.0611842,0.022372091,1.6977288,0.65027225,1.0385932,1.7227333,-0.004452152,1.6636056,0.35665876,1.7294765,1.4025184,0.14863604,1.7777247,0.22922814,0.80426604,0.53427035,-0.5242554,0.039845288,0.19771221,0.5270911,468,2.0
0.03876939,0.09872806,-0.421683,0.119470544,0.72605634,-0.19209173,-0.8463873,0.9393145,1.135758,0.5694201,1.0533538,1.0595874,1.1527089,-0.14541303,-0.21844567,0.2503134,0.31114185,0.95222574,-0.11705263,0.8085852,-0.45653793,0.88506806,0.48587012,0.061562523,0.8430483,0.073518194,0.43024257,0.0033836737,-1.0474817,-0.52830863,-0.68325454,0.08721759,468,4.0
-0.0033021616,0.16144699,0.047984075,0.50178915,0.5976119,-0.38735902,0.029226474,2.141527,1.1076994,1.529942,1.8458205,1.6146696,1.0107459,0.04712909,1.6396652,0.66479534,1.098035,1.685724,-0.0020731185,1.5623113,0.42382768,1.7651862,1.4456333,0.10686259,1.6870699,0.18405877,0.7354065,0.5290015,-0.4776407,0.01991219,0.2612778,0.47352555,468,3.0
-0.009351099,0.1043534,-0.48271656,0.049838964,0.8122212,-0.21331766,-0.8888665,0.92741024,1.1568636,0.52015555,1.0740802,1.0492504,1.2865416,-0.12527546,-0.15252534,0.28823835,0.24851134,0.89821655,-0.008561064,0.7113036,-0.4860942,0.76357925,0.39053077,0.03067038,0.6802187,0.10037886,0.52838784,0.087411575,-1.034525,-0.53020763,-0.7743961,0.12523687,468,4.0
-0.014201987,0.06023817,0.12985486,0.48899883,0.57405573,-0.3207839,-0.033494666,2.534778,1.1870303,1.2235498,1.6202977,1.6309824,1.0281405,-0.21388648,1.8554411,0.29055828,1.25945,1.8837329,-0.3190303,1.9578398,0.1394333,1.371225,1.6496516,0.3273484,1.9570479,0.056963,1.0390242,0.19628146,-0.26765266,0.33266065,0.04883249,0.41132197,468,1.0
0.01986691,0.1136692,-0.51407903,0.049128894,0.7364828,-0.17559677,-0.982945,0.57489055,1.1935562,0.5992243,1.0422332,0.8782409,1.1569741,-0.083774604,-0.5355766,0.2589973,0.14543596,0.8384499,0.051179048,0.5358506,-0.5433957,0.80896693,0.26942757,0.018069137,0.61819965,0.14488947,0.31329983,0.064854614,-1.1598259,-0.7080972,-0.809027,0.066121444,468,4.0
-0.03456758,0.1821406,0.096376196,0.4992727,0.5004428,-0.40367246,0.06560466,2.178953,1.1970613,1.7133989,1.8512689,1.5060196,0.89821583,0.13636443,1.887576,0.820342,1.0537688,1.5603651,0.23427387,1.4975728,0.5931991,1.8740696,1.3688239,-0.036363937,1.6768768,0.29423073,0.63214505,0.636847,-0.5348981,-0.07045946,0.39560223,0.5365428,468,3.0
-0.014873398,0.16366337,0.1293217,0.5035279,0.60117835,-0.39212966,0.02921971,2.4988081,1.1345584,1.5772818,1.8856103,1.7098347,1.023108,0.008240683,1.984518,0.62850124,1.2299591,1.8562679,-0.06565073,1.6936207,0.48046643,1.7619697,1.5295367,0.1446149,1.8723233,0.15069836,0.827881,0.4820064,-0.3848665,0.07465394,0.3459799,0.48695418,468,2.0
-0.014787447,0.1349479,0.11015265,0.4808991,0.60097224,-0.37322998,-0.004473135,2.373935,1.0674286,1.4032387,1.591646,1.6813408,1.0246685,-0.07767481,1.6481708,0.5187717,1.148864,1.7906201,-0.18557815,1.662175,0.3482805,1.6141733,1.5368564,0.23374122,1.7469518,0.09792775,0.81514394,0.36439618,-0.33038783,0.12967893,0.22450233,0.42625338,468,2.0
-0.0030415235,0.21782105,0.05959448,0.44474941,0.51929677,-0.3622345,-0.045853585,2.181815,1.1528869,1.617458,1.9548051,1.4681052,0.87828326,0.14980398,1.7094315,0.7738886,1.0242926,1.4081881,0.27518985,1.3049121,0.49667338,1.8975406,1.2008908,-0.053177677,1.5864832,0.31602275,0.596508,0.6537966,-0.5388511,-0.14721522,0.35042647,0.45408544,468,3.0
-0.036044303,0.15916154,0.11629173,0.50497586,0.58037,-0.38953438,0.020807609,2.4263911,1.1616396,1.6040255,1.8190722,1.69176,0.98432183,0.033599123,1.9053398,0.6274681,1.1838325,1.7711648,0.0063502192,1.6099195,0.47796577,1.6994978,1.5247318,0.13479728,1.7975637,0.1914213,0.78544766,0.5051626,-0.4018157,0.04999378,0.33283675,0.47043568,468,3.0
0.056391895,0.083963394,-0.3171215,0.21055387,0.74502456,-0.23857296,-0.7074716,1.1994637,1.1448312,0.58501995,0.99998605,1.1023163,1.1294475,-0.1598416,0.17593667,0.2831913,0.44867292,1.1222688,-0.16030662,1.0383549,-0.32576424,0.993149,0.68965656,0.09691328,1.0723743,0.03253731,0.5597165,0.02235943,-0.90314835,-0.38774002,-0.5299067,0.11507625,468,4.0
0.014027271,0.10495612,-0.48998952,0.045659494,0.7487175,-0.1941252,-0.9711278,0.7209442,1.1451559,0.5129828,1.006709,0.9156951,1.1716805,-0.11456201,-0.3417504,0.2728721,0.18234481,0.8163771,-0.015561243,0.63396996,-0.5212928,0.7526102,0.26838082,0.00025670975,0.6303278,0.12228807,0.3990078,0.03135086,-1.0975033,-0.6468522,-0.82963663,0.08409018,468,4.0
-0.009918339,0.17807144,0.08267599,0.45092875,0.4763356,-0.38114524,0.03669381,2.015741,1.1405312,1.6329994,1.8567103,1.4179753,0.9048681,0.11916541,1.6921779,0.7167515,0.9849932,1.4816253,0.1974518,1.4077414,0.48227662,1.761059,1.3228463,0.013841085,1.5021179,0.3050116,0.60130066,0.63847136,-0.49546212,-0.031107806,0.35639182,0.4562899,468,3.0
-0.029225076,0.10757151,0.08777337,0.47215518,0.52273774,-0.36175698,-0.026069626,2.285032,0.9722189,1.3623515,1.6375409,1.5956763,0.9804975,-0.009502916,1.7485416,0.53523356,1.0379434,1.6539032,-0.032025304,1.5491526,0.37943965,1.4778063,1.390687,0.18305731,1.6621002,0.2099414,0.7463151,0.4935896,-0.38968587,0.100092635,0.22202152,0.4671713,468,2.0
-0.03448146,0.15064636,0.05157209,0.48756954,0.6073441,-0.38608402,-0.044359285,2.3378139,1.2040308,1.4957955,1.8390633,1.716978,1.093895,-0.0071549807,1.7561024,0.58510107,1.1469905,1.7690217,-0.048642218,1.6896403,0.34425873,1.6725687,1.4497434,0.1791738,1.8428943,0.18794595,0.86006844,0.5174016,-0.52883404,0.097333565,0.2154645,0.46382987,468,3.0
-0.02217915,0.1464395,0.055709492,0.504409,0.64859813,-0.392724,-0.07861621,2.3610802,1.220108,1.4628462,1.8681074,1.7853947,1.1495124,-0.0285191,1.7778478,0.6016999,1.159777,1.8197523,-0.04211005,1.6769311,0.35187647,1.6866051,1.4943839,0.18383843,1.8475071,0.18124528,0.8540639,0.48090616,-0.56465214,0.09949514,0.18228549,0.49287394,468,1.0
0.029205345,0.14132959,-0.48172766,0.07492595,0.7116698,-0.17420566,-0.9473022,0.70514107,1.1630427,0.67647254,1.1047227,0.9193779,1.168602,-0.0714109,-0.44831902,0.309191,0.20825987,0.8562797,0.05001011,0.63778466,-0.48405692,0.8698662,0.37089786,0.039876178,0.6750017,0.16252063,0.29704198,0.080642626,-1.1502923,-0.6752724,-0.72036356,0.079640605,468,4.0
-0.038218334,0.13767797,0.065454364,0.39516878,0.4439988,-0.31348598,0.0019492283,2.0179057,0.93759155,1.2659384,1.5183946,1.3037565,0.83319616,-0.0439331,1.4095092,0.5114213,0.97236794,1.4277831,-0.073826864,1.3754432,0.3071673,1.373725,1.139478,0.15157314,1.4403915,0.1615347,0.6648616,0.37107912,-0.35724533,0.09290829,0.20364183,0.41199857,468,1.0
0.018820498,0.11758359,-0.4915768,0.049838167,0.7310723,-0.20020467,-0.93072295,0.85026765,1.1824589,0.58329284,1.1650381,1.0323756,1.1859564,-0.11000589,-0.31169635,0.31322402,0.23439622,0.88290435,0.030196324,0.75045353,-0.45939606,0.9641306,0.2899771,-0.010583386,0.7595361,0.12289275,0.3545362,0.10549564,-1.1744883,-0.6770827,-0.7059383,0.10031633,468,4.0
-0.011370185,0.16812916,0.15851773,0.51019263,0.60613453,-0.40004084,0.05150193,2.4539404,1.1687688,1.6293147,1.8906654,1.7138313,1.0207723,-0.008070597,1.9387345,0.6401173,1.2495309,1.9148651,-0.053846,1.7532526,0.44801825,1.8308839,1.5824273,0.11236818,1.8941824,0.17860053,0.80218124,0.5246946,-0.45734102,0.05605934,0.31885487,0.5305668,468,2.0
-0.032286763,0.14598522,0.10282272,0.48992226,0.5892685,-0.3852989,0.017606407,2.4032192,1.157098,1.5709356,1.842744,1.69734,1.0025135,0.03265932,1.9200492,0.6379015,1.1869717,1.7633184,-0.046075024,1.6405258,0.47447723,1.725674,1.5466228,0.12202219,1.8103242,0.18691614,0.7731553,0.48799446,-0.43620074,0.040270492,0.34578246,0.4634987,468,2.0
-0.009813681,0.1221291,0.13863932,0.42635283,0.51476747,-0.35263556,0.033379458,2.1733634,1.0072098,1.3621329,1.679129,1.382724,0.81772125,0.0063090343,1.715966,0.52331525,1.0276943,1.4117571,-0.06011046,1.4844332,0.3373204,1.6223567,1.3430928,0.17577258,1.617949,0.15491024,0.62682414,0.3881395,-0.3304485,0.112801716,0.24003819,0.42808032,468,2.0
-0.035055574,0.17769456,0.098367825,0.49773243,0.52326375,-0.39334545,0.03393031,2.2208993,1.1952097,1.655735,1.8536655,1.5663626,0.9353981,0.095602416,1.8441799,0.741443,1.0964103,1.653876,0.14798568,1.481901,0.517294,1.7989414,1.4171984,0.0507988,1.7034572,0.26439303,0.6818874,0.59934807,-0.48334748,-0.055778943,0.34826773,0.49849012,468,1.0
-0.0101037985,0.1305949,0.043870788,0.44906965,0.6674881,-0.38134295,-0.069396324,2.2913337,1.3780149,1.3478677,1.5890814,1.5717528,1.1897928,-0.090840414,1.664366,0.54339176,1.1330793,1.9322456,-0.21284877,1.7263902,0.17582941,1.59589,1.3111262,0.20952997,1.9453156,0.04847814,0.89256936,0.31901845,-0.52264076,0.060097933,0.030685663,0.3944559,468,1.0
0.025789123,0.11487082,-0.5054582,0.051215038,0.7600578,-0.18497029,-1.0089986,0.7594538,1.178411,0.52694416,1.0342554,0.9784696,1.2082032,-0.1341885,-0.45536673,0.21734649,0.2222933,0.8445722,-0.08088333,0.65159214,-0.58427304,0.771267,0.33788997,0.05279341,0.69115597,0.10575273,0.3605585,-0.00063453615,-1.1836259,-0.65203965,-0.80493677,0.06397256,468,4.0
-0.013986891,0.1371355,0.04125044,0.5077979,0.59859794,-0.3833855,0.016980246,2.2132769,1.0937173,1.4699367,1.7575957,1.6349344,1.0172511,0.0055095963,1.6646076,0.61681354,1.1062918,1.704012,-0.070801355,1.6347312,0.36905622,1.7405308,1.4624563,0.15731505,1.749998,0.15921016,0.8182309,0.45326626,-0.41016638,0.057795927,0.24442828,0.43958324,468,2.0
-0.038678125,0.16626924,0.112707585,0.48849383,0.5339792,-0.39396578,0.051794797,2.2389343,1.1752664,1.6496365,1.8558172,1.5826412,0.9169979,0.1012161,1.8937907,0.72439134,1.1271511,1.6064023,0.10742374,1.516989,0.5440141,1.8005525,1.4540163,0.035511628,1.70014,0.25391793,0.6632762,0.60025215,-0.48781908,-0.036232978,0.39283144,0.49453095,468,3.0
0.018333675,0.102496415,-0.4392194,0.09769302,0.7525433,-0.20202881,-0.8948555,0.97096604,1.2029754,0.54114246,1.0364571,1.0348912,1.156159,-0.15756732,-0.24198987,0.17042495,0.31200427,1.0188493,-0.16220032,0.74748397,-0.55990785,0.824713,0.5037637,0.13020375,0.8314438,0.05249261,0.46680063,-0.017267922,-1.0721586,-0.4800382,-0.74034035,0.09116822,468,4.0
0.034399822,0.120254815,-0.54025424,0.07368161,0.7573435,-0.16960302,-1.053545,0.6876144,1.2269071,0.5845256,1.0545261,1.0007757,1.2015709,-0.13022636,-0.6575821,0.23589338,0.17506036,0.8933203,-0.03523824,0.58674926,-0.60032576,0.8784097,0.3372613,0.040168963,0.6853774,0.114610374,0.32270366,-0.0072054025,-1.2759659,-0.7185831,-0.8659795,0.051289193,468,4.0
0.01635511,0.11975269,-0.35069916,0.13813074,0.67626923,-0.20291895,-0.76739305,1.0894154,1.1703851,0.77576256,1.1561323,1.03668,1.1083677,-0.080712125,-0.047191706,0.31803253,0.3692728,1.0906605,-0.0368057,0.86503506,-0.3554777,0.95705205,0.50359213,0.07753539,0.8651314,0.10754537,0.4025333,0.09930723,-1.0272732,-0.4799905,-0.5750097,0.14304608,468,4.0
-0.0053602713,0.09980513,-0.039536603,0.37124076,0.63242024,-0.31901968,-0.23909123,1.9576428,1.1205163,0.99904525,1.4061924,1.5154877,1.03691,-0.17928441,1.2143722,0.2953057,0.96255845,1.6231323,-0.22106041,1.4396197,0.015005728,1.2230465,1.2688607,0.24797118,1.525202,0.034134805,0.79371095,0.16461542,-0.4335574,0.07200655,-0.12642005,0.26580098,468,1.0
0.038961742,0.12918608,-0.5343221,0.051580455,0.75040174,-0.17561224,-1.0336405,0.68824327,1.2187165,0.60336363,1.1147363,0.9614102,1.2162352,-0.111670785,-0.5235082,0.29899013,0.16360022,0.8207401,-0.008565197,0.63677955,-0.53259236,0.91581625,0.26379257,0.008943908,0.6497678,0.13285384,0.3207126,0.07251742,-1.253423,-0.7120393,-0.8011784,0.07864178,468,4.0
-0.023330366,0.1938706,0.13563824,0.5134629,0.5504706,-0.3998462,0.075673744,2.385321,1.1780221,1.6683273,1.8917835,1.6442689,0.9010157,0.0894862,2.0347252,0.7400753,1.2090296,1.7226124,0.106203035,1.6248252,0.5746699,1.885182,1.462982,0.03850575,1.8159477,0.21304806,0.73680687,0.6264624,-0.4270705,-0.0138299465,0.44778582,0.49742326,468,3.0
-0.033309836,0.17086662,0.10519132,0.5112268,0.54446304,-0.40717643,0.03770285,2.3615587,1.1776365,1.6407664,1.945582,1.6654285,0.9693467,0.070107184,1.92442,0.7188652,1.2108153,1.7739208,0.043219637,1.6209923,0.5263652,1.8137228,1.3962997,0.07743052,1.8872161,0.23844199,0.79093283,0.609141,-0.44209337,-0.006539125,0.38549212,0.49889293,468,3.0
-0.006550755,0.1376841,0.09983234,0.44383842,0.52988535,-0.3411113,-0.014686108,2.1391802,1.1271849,1.3965207,1.7107745,1.3507326,0.9135729,2.0256266e-05,1.6630708,0.53839326,1.0286555,1.4064707,-0.054007042,1.4423898,0.3500135,1.6283203,1.3399599,0.14544529,1.6618352,0.21370876,0.6716137,0.4166409,-0.42659068,0.08396746,0.22934034,0.42735153,468,2.0
-0.04805554,0.19179468,0.12138647,0.4792619,0.5815746,-0.40372893,0.0073154345,2.3528843,1.3004138,1.6832925,1.9714901,1.6701868,1.0023195,0.06640876,1.9564213,0.727255,1.2273871,1.7090598,0.07121229,1.6347613,0.4933244,1.8947731,1.4488858,0.07014258,1.8579979,0.23464158,0.6815259,0.6482114,-0.5579454,-0.07462307,0.36900276,0.49454618,468,3.0
-0.009826013,0.18400905,-0.002145566,0.47367248,0.5990062,-0.36447272,-0.09632805,2.2689848,1.2906662,1.5669278,1.864943,1.7059007,1.0357614,0.041060187,1.6700401,0.618327,1.1106787,1.7856514,0.0269064,1.5575241,0.38725814,1.7106307,1.3068221,0.077497594,1.7458134,0.17888594,0.7481213,0.53269076,-0.5249152,-0.07339175,0.18210113,0.43686697,468,3.0
0.004576222,0.19392246,-0.124460384,0.352825,0.6394353,-0.35321698,-0.29528958,1.8489925,1.2765671,1.3868454,1.78809,1.4984014,1.1710936,0.070195615,1.1697941,0.6809382,0.85385203,1.4060756,0.21023378,1.3551389,0.20173894,1.7366236,0.98796785,0.030488774,1.4706981,0.24836901,0.56708896,0.54293066,-0.85963845,-0.323896,-0.01659983,0.3716902,468,3.0
0.014749979,0.15454897,-0.47978714,0.07874794,0.72500056,-0.19771756,-0.90237486,0.7346085,1.1883465,0.7691778,1.1806016,0.95789635,1.1815419,-0.03344713,-0.3577563,0.34883565,0.22834377,0.9288059,0.12567998,0.63322,-0.44822538,0.9184188,0.38843834,0.054696675,0.7264908,0.17276564,0.30700862,0.13115337,-1.0867556,-0.6971141,-0.68110645,0.07829364,468,4.0
-0.03167021,0.10690893,0.08251092,0.47089452,0.527807,-0.3615119,-0.015826091,2.4217765,0.93508035,1.2526264,1.493089,1.6176772,0.997267,-0.07800406,1.7328534,0.43985927,1.0987374,1.7544506,-0.13242057,1.609921,0.3043685,1.3466662,1.4740529,0.27867615,1.738402,0.15696639,0.84833336,0.36248413,-0.34031177,0.21397927,0.17421713,0.43979108,468,1.0
-0.008966128,0.13987185,0.14727092,0.49668542,0.5508463,-0.3792418,0.10574779,2.3672686,1.0624645,1.454277,1.6838238,1.6494589,0.9146583,0.016128965,1.9187063,0.6240441,1.1763936,1.697061,-0.053281866,1.6358964,0.4838743,1.7102485,1.4381769,0.13076831,1.7742076,0.15238173,0.78139645,0.45413497,-0.3560775,0.09337554,0.37823394,0.47187972,468,3.0
-0.020572362,0.07968566,0.15676105,0.4669736,0.54151756,-0.31511486,0.022600062,2.4029489,1.0378773,1.2245624,1.5195286,1.4099876,0.946206,-0.14208578,1.8410836,0.42005193,1.130946,1.6256981,-0.25682995,1.7486644,0.27256653,1.3912302,1.4917531,0.27359828,1.8127823,0.099197574,0.84670126,0.23638454,-0.29746336,0.31930906,0.17736474,0.41035345,468,2.0
0.02476649,0.09491627,-0.18863904,0.29566014,0.6602025,-0.26470885,-0.4249832,1.5420961,1.064586,0.7686168,1.2442707,1.3197659,1.0983732,-0.12170284,0.5781702,0.31698483,0.7027715,1.3305401,-0.18384175,1.1982238,-0.17144321,1.0905626,0.98851675,0.16740096,1.2524741,0.08676215,0.686363,0.089633055,-0.72278327,-0.15878618,-0.3086828,0.21488829,468,1.0
-0.028892796,0.13917612,0.13145643,0.46275923,0.5125642,-0.36354533,0.047288224,2.4078252,1.0060277,1.4126086,1.7182512,1.5350716,0.9370154,0.013144492,1.9546623,0.56114554,1.1795304,1.6388192,-0.09801558,1.5345306,0.42939803,1.5908533,1.4811609,0.17559177,1.7588117,0.14030518,0.7885315,0.44837627,-0.27932614,0.124523096,0.34131998,0.4652436,468,2.0
-0.033195794,0.071477756,0.15788056,0.47972783,0.5666651,-0.30865917,-0.004628554,2.541423,1.1224097,1.2458248,1.563534,1.5680561,0.9909458,-0.2194039,1.8706408,0.33135223,1.2376833,1.843629,-0.34281036,1.9454662,0.20996559,1.3914782,1.6279651,0.3244588,1.927725,0.06230094,1.0098525,0.19454202,-0.19531581,0.41552928,0.13506532,0.4168917,468,1.0
0.06278302,0.1286176,-0.58881044,0.061005916,0.76838183,-0.16094893,-1.0976866,0.56802315,1.1313711,0.48362267,0.9556838,0.99240434,1.222189,-0.14610215,-0.67339563,0.25370514,0.11876403,0.7555701,-0.08180046,0.50545263,-0.59313625,0.79586107,0.2222271,-0.01463037,0.5946976,0.09407591,0.29378092,-0.004226748,-1.2860559,-0.73126805,-0.90356445,0.01608506,468,4.0
-0.015643926,0.18180966,0.021977402,0.5184711,0.6235091,-0.40218285,-0.15288281,2.3185627,1.291062,1.7016102,2.0796494,1.7720542,1.165913,0.07166121,1.6763616,0.7400105,1.0214329,1.6879816,0.14352633,1.6010798,0.3819293,1.8811567,1.3225595,0.06828355,1.759332,0.2838743,0.74646026,0.6773409,-0.7262822,-0.1310488,0.18012619,0.52809423,468,3.0
0.029816074,0.110751465,-0.48999396,0.04992725,0.7284699,-0.1703684,-0.97172433,0.6691091,1.1581827,0.5413449,1.0196207,0.9246983,1.1508512,-0.1028867,-0.5220645,0.2630344,0.19306114,0.84818065,0.013856996,0.6061884,-0.5489647,0.84779567,0.28728852,0.02003368,0.6443848,0.120196275,0.3171376,0.0263623,-1.1728429,-0.67361444,-0.7940136,0.07423329,468,4.0
-0.03179726,0.15063076,0.100214854,0.48122326,0.5782798,-0.37951568,-0.013249725,2.3717237,1.1354105,1.5155116,1.7718712,1.6848654,0.98164654,0.009866212,1.8171405,0.589237,1.149922,1.7553562,-0.040913,1.5834156,0.44120175,1.6408755,1.4924392,0.13970354,1.7508074,0.16641459,0.7830191,0.45582554,-0.40002406,0.034402046,0.29937413,0.4379153,468,2.0
-0.06234019,0.034862775,0.07121967,0.45308378,0.5909547,-0.35311303,-0.06182105,2.9370499,1.0214725,1.2863342,1.406298,1.6263406,1.1788571,-0.34952006,1.5619935,0.102303244,1.1739752,1.9778568,-0.6180578,1.9341168,-0.10523709,1.0699729,1.7826704,0.44698298,1.891305,0.019818163,1.1813391,0.05829291,-0.20625392,0.4421476,-0.16396254,0.44408578,468,1.0
0.026530687,0.11307447,-0.5357095,0.08754455,0.7647474,-0.20531812,-1.0081362,0.7301224,1.2071127,0.57504374,1.046957,0.97738385,1.2065766,-0.13138478,-0.4979977,0.26170915,0.21999381,0.87095785,-0.06131536,0.5908034,-0.57476026,0.8638,0.32884786,-0.00036677346,0.7218131,0.11335307,0.37050974,0.040473633,-1.2453935,-0.70965743,-0.8758467,0.075944394,468,4.0
-0.012575789,0.13536288,0.036336195,0.49794555,0.6344212,-0.37822574,-0.08418968,2.3447585,1.2200981,1.3996392,1.7158812,1.690971,1.0981982,-0.053905547,1.5683354,0.5531047,1.1480838,1.7999537,-0.11268684,1.6505946,0.27792892,1.6607918,1.5009617,0.18186781,1.7719868,0.1340312,0.83116615,0.4076891,-0.47560608,-0.0050288886,0.13857415,0.3953099,468,1.0
0.023980083,0.15508609,-0.47752237,0.13469169,0.6992834,-0.2221762,-0.8664285,0.83192897,1.2270551,0.84204006,1.1937721,0.97001904,1.2031587,-0.031345636,-0.25588772,0.37457705,0.26820278,0.9379479,0.13160224,0.7073013,-0.4152927,1.0461321,0.46024022,0.042852037,0.79984766,0.18831009,0.34181324,0.16734955,-1.1766638,-0.67678493,-0.69446814,0.1286132,468,4.0
-0.041462883,0.16522391,0.15392324,0.5276588,0.56382734,-0.41654235,0.080196664,2.43947,1.1929542,1.7243387,1.9859033,1.702916,0.9562634,0.044294737,2.087201,0.7226779,1.2963434,1.9388449,0.057731476,1.7316589,0.5619147,1.8828886,1.5183899,0.07855321,1.9399009,0.25171703,0.81295085,0.60907936,-0.42668933,0.03485069,0.41524434,0.5285245,468,3.0
-0.039228592,0.18732592,0.07527548,0.51887894,0.5756355,-0.40325907,0.03355843,2.3011107,1.2397618,1.6979537,1.9150991,1.6449542,0.9749498,0.11660534,1.8385291,0.77615553,1.1289384,1.6617949,0.19957651,1.5032405,0.50544024,1.8901037,1.4342525,0.035295464,1.6958846,0.2938098,0.69896156,0.6180327,-0.53402066,-0.1135465,0.3259813,0.51107657,468,3.0
0.006007707,0.21365231,0.045550186,0.39923194,0.44416445,-0.35918257,-0.038956713,1.7964113,1.0887098,1.5827931,1.777345,1.0900424,0.8331726,0.22698711,1.5771236,0.82508695,0.89991266,1.1236588,0.3380849,1.0503032,0.47108337,1.7774634,1.1378455,-0.110509224,1.3120654,0.36915752,0.49962872,0.6896169,-0.6745226,-0.28689125,0.3388207,0.48767024,468,3.0
-0.01357569,0.09470691,-0.041233547,0.36201623,0.55269337,-0.31578934,-0.1869359,1.9924704,1.1820247,1.1779053,1.4537208,1.4188453,0.98012435,-0.049409673,1.2143707,0.42953062,0.9095859,1.4858423,-0.12748475,1.345508,0.1265482,1.3723164,1.1898141,0.11801522,1.5489866,0.12452481,0.65130913,0.29292005,-0.5369532,-0.08233217,-0.012099458,0.28107512,468,2.0
0.01607375,0.14067242,-0.4924663,0.055188857,0.69019735,-0.18833493,-0.88176477,0.6003221,1.1063563,0.6254177,1.0883837,0.899404,1.1068825,-0.049045302,-0.39144367,0.3286326,0.19007935,0.79701966,0.1159441,0.5594361,-0.46821183,0.8743567,0.3070099,0.037375804,0.6275076,0.14278995,0.30111283,0.13199914,-1.0832019,-0.66503143,-0.70429754,0.057292745,468,4.0
0.04904562,0.1300998,-0.5908121,0.044588484,0.7773623,-0.1624772,-1.111081,0.573632,1.1930977,0.52294433,1.0322958,0.9757803,1.2355845,-0.13595684,-0.7510947,0.24283595,0.11920822,0.7628732,-0.026814597,0.4860717,-0.60595983,0.80908954,0.2420884,-0.0095977485,0.6192161,0.14214462,0.30488712,0.012120899,-1.3184205,-0.7638161,-0.89647686,0.04487662,468,4.0
0.045145158,0.098126456,-0.50734496,0.07492763,0.7353787,-0.17573756,-0.9660407,0.68185407,1.1442957,0.46775857,0.92668355,0.8577434,1.0917616,-0.1405539,-0.41509143,0.213996,0.13164704,0.8148639,-0.08882959,0.63695174,-0.5907516,0.75546455,0.26375964,0.023589255,0.6170947,0.08697668,0.43309096,-0.017380439,-1.0968745,-0.546619,-0.8300669,0.013408087,468,4.0
-0.037060868,0.1849217,0.10973124,0.48430866,0.54643273,-0.39604533,0.04631269,2.246141,1.1120788,1.6592896,1.8284516,1.6533216,0.951206,0.088721365,1.8495492,0.71565,1.1594076,1.6855276,0.036043007,1.6111488,0.50735676,1.7958777,1.378053,0.10564869,1.8152857,0.22758634,0.7601138,0.5977234,-0.44554883,-0.0030341,0.34984067,0.4642417,468,2.0
0.020905007,0.13291271,-0.5098043,0.084838614,0.74549556,-0.19124138,-0.9719718,0.7517529,1.292959,0.68262625,1.1877072,1.0048741,1.2436589,-0.09375885,-0.41033506,0.29771432,0.22892909,0.92456883,0.01562674,0.67028034,-0.51352876,0.91954887,0.35398018,0.0476321,0.7489324,0.14522149,0.32893005,0.068534605,-1.204336,-0.6765035,-0.7568726,0.07219479,468,4.0
-0.005962686,0.09634358,0.048579436,0.43011454,0.5990739,-0.32336095,-0.117028505,2.3583157,0.99930215,1.2432196,1.5505785,1.5528368,1.0984741,-0.09768523,1.5639279,0.39521122,1.1035984,1.6685762,-0.27188936,1.5187211,0.17988811,1.2962952,1.5260162,0.26670086,1.6752323,0.05018598,0.83130115,0.24692589,-0.36025947,0.1784679,0.06490003,0.4003195,468,2.0
-0.040414672,0.14342089,0.06772646,0.4839085,0.62357825,-0.37354556,-0.058823813,2.3832521,1.1920904,1.4189689,1.7485139,1.6872427,1.1254513,-0.05538872,1.7322131,0.5170659,1.1310656,1.828216,-0.1045271,1.7072629,0.3005634,1.5952479,1.4843167,0.2266447,1.8369124,0.15693279,0.87670827,0.45144084,-0.49854136,0.14851499,0.16942105,0.45546716,468,2.0
0.03224502,0.10970026,-0.51963836,0.06510599,0.7655997,-0.1765615,-1.0215614,0.73691005,1.1998693,0.56712097,1.0480973,1.0114908,1.2148352,-0.12963478,-0.563943,0.2570458,0.20746338,0.8980039,-0.023990184,0.6371918,-0.5871421,0.8713264,0.3200739,0.02677515,0.7136931,0.11747982,0.3433607,-0.0009170659,-1.2334107,-0.7116768,-0.85648024,0.078120604,468,4.0
-0.02005192,0.15896948,0.11041027,0.48838362,0.5545033,-0.38134164,0.01689396,2.1953151,1.1573893,1.5669614,1.7872163,1.5902402,0.9322809,0.05796819,1.7522327,0.6732592,1.1105876,1.6493864,0.0649907,1.5012137,0.4619545,1.7410222,1.4418976,0.08727974,1.66975,0.22429103,0.67547196,0.5320133,-0.44672912,-0.023637064,0.32551268,0.44317347,468,3.0
-0.025675194,0.075746745,0.13129058,0.4702008,0.53266263,-0.33994007,0.040457703,2.3448832,1.1005152,1.2366594,1.6414487,1.4450178,0.95984817,-0.08127537,1.921908,0.42831546,1.1576586,1.6980869,-0.14690706,1.7152838,0.25656328,1.507192,1.5296469,0.24154842,1.8337756,0.14002086,0.87266904,0.30698735,-0.35019088,0.24711451,0.17038184,0.41053265,468,2.0
0.012709466,0.2112064,0.082194924,0.5498424,0.6118034,-0.40276435,-0.01815445,2.3716254,1.263927,1.6649289,1.9257275,1.5871892,1.0877846,0.0665809,1.8272848,0.7914304,1.1460391,1.8204391,0.11606325,1.5592802,0.44836482,1.8769163,1.4197873,0.047850627,1.7718542,0.22396833,0.7317079,0.54090786,-0.50253415,-0.02472619,0.29502067,0.4733772,468,3.0
-0.03261617,0.12441881,0.037910964,0.49195132,0.59818876,-0.3492931,-0.12684141,2.3910828,1.1767154,1.2474016,1.6088741,1.7388186,1.1121142,-0.11209058,1.6009661,0.46306854,1.0996271,1.784221,-0.111481816,1.6856209,0.17581618,1.4952037,1.5260692,0.29626566,1.7857035,0.14449012,0.925144,0.33992884,-0.51412296,0.20948297,0.075210966,0.46055913,468,1.0
-0.005225938,0.21849802,0.08968359,0.4226511,0.44126546,-0.3635196,-0.016529977,1.9113206,1.0300158,1.5690607,1.7781484,1.20838,0.8012312,0.18960963,1.6380978,0.7949193,0.9180939,1.1817564,0.29670346,1.1247253,0.48396605,1.8309107,1.136087,-0.018066145,1.4181424,0.3052382,0.50326097,0.6527046,-0.53396124,-0.1696896,0.36936456,0.46655977,468,3.0
0.017008036,0.10542698,-0.5117939,0.05609443,0.77633697,-0.18609315,-1.0297034,0.79682285,1.2481549,0.5431864,1.1428795,0.94296205,1.2053502,-0.13696739,-0.42874277,0.2918969,0.22335096,0.9243676,-0.0025408268,0.717643,-0.57858163,0.8996265,0.3273252,-0.015429594,0.70402485,0.13556397,0.39759842,0.032187372,-1.2051913,-0.6833295,-0.8426748,0.070443064,468,4.0
-0.0036175568,0.10701664,-0.51217407,0.05394976,0.7950985,-0.20593184,-1.0020567,0.9137091,1.2698505,0.5628686,1.1913941,1.0197375,1.2787797,-0.12864532,-0.29575923,0.26552337,0.27606297,1.0349224,-0.0357911,0.7700882,-0.5849949,0.8678826,0.3813391,0.022998583,0.7772858,0.12829547,0.41850784,0.036351576,-1.1707023,-0.67398643,-0.8051412,0.088101886,468,4.0
-0.042882755,0.12903036,0.13150951,0.49263322,0.61096716,-0.37664852,-0.014517084,2.4342055,1.1866982,1.3744868,1.6638397,1.7072732,1.0760089,-0.11940313,1.7939796,0.4797566,1.2246957,1.8475304,-0.1907001,1.7603112,0.28485546,1.5265353,1.5195324,0.26701203,1.850405,0.09303258,0.84320456,0.34536186,-0.3510053,0.1950647,0.14833033,0.4301225,468,2.0
0.030728722,0.11596599,-0.4993319,0.052101303,0.74471736,-0.18925908,-0.9856475,0.5825101,1.1327899,0.49008787,0.97805756,0.9084336,1.1404939,-0.103352524,-0.47591403,0.26278618,0.17140293,0.81379044,0.01888074,0.5369841,-0.5420154,0.70248485,0.23124248,-0.009575512,0.58412856,0.12266295,0.3825883,0.03608746,-1.1202859,-0.6787626,-0.8737103,0.06876588,468,4.0
-0.032003693,0.20171721,0.02897964,0.45909876,0.4842434,-0.3698744,-0.00562606,1.9027507,1.1206766,1.7152731,1.8442639,1.3404726,0.80377334,0.14174029,1.703612,0.823457,0.94942766,1.4759492,0.30886272,1.2948806,0.5702716,1.8754498,1.2172954,-0.05304107,1.5424409,0.29987958,0.5457585,0.68958884,-0.5084152,-0.15282428,0.3183958,0.48202652,468,3.0
-0.023744432,0.15524806,0.098550245,0.45075053,0.47987634,-0.37932566,0.022358969,2.1256766,1.2116878,1.5655246,1.837429,1.4630662,0.9480997,0.078111656,1.7255677,0.63943964,1.038191,1.5250062,0.09177135,1.4795446,0.4435551,1.6968952,1.390384,0.06604472,1.5930091,0.26321608,0.64735836,0.5946483,-0.43560612,-0.0072192512,0.3315764,0.43948448,468,2.0
0.031065926,0.1305233,-0.47439367,0.09472571,0.7328157,-0.17880389,-0.985893,0.8236978,1.2665082,0.57501054,1.1004615,0.9703123,1.1486878,-0.13819873,-0.47786474,0.2627173,0.22543432,0.9361965,-0.05921224,0.7106914,-0.5310062,0.9766717,0.3450463,0.03889584,0.7124916,0.09784823,0.3994529,0.042380765,-1.2161558,-0.6140086,-0.8004064,0.07071199,468,4.0
-0.014346813,0.13989995,0.028307434,0.48485705,0.6103392,-0.37085062,-0.10877974,2.3764105,1.1792977,1.4904947,1.8191708,1.7281259,1.11999,-0.02178782,1.746998,0.5486382,1.2028304,1.8511474,-0.07299149,1.6458699,0.35679182,1.6378114,1.4863775,0.18473509,1.8702911,0.18696272,0.8900009,0.45635557,-0.46076113,0.076913856,0.1705786,0.47716945,468,1.0
-0.027505394,0.16878612,0.109328225,0.49548137,0.5721646,-0.39094356,0.045380324,2.3969524,1.1724709,1.561924,1.8125743,1.6739364,0.9563228,0.02278294,1.9409951,0.6442126,1.198566,1.7695267,-0.013405541,1.6578934,0.46981886,1.75169,1.4728831,0.1206045,1.8101417,0.16367495,0.77678937,0.52156454,-0.41495067,0.04436937,0.33866212,0.4772582,468,2.0
0.055337176,0.114917114,-0.46038345,0.10355598,0.7253997,-0.18840787,-0.8938579,0.8838151,1.1422336,0.6365975,1.0141323,0.9866685,1.1470814,-0.13198331,-0.38215768,0.28056765,0.23010832,0.85771745,-0.0822291,0.6842515,-0.46990165,0.93553454,0.4111004,0.0201076,0.7180935,0.103937946,0.361188,0.061402112,-1.1793181,-0.6012437,-0.7432221,0.09695385,468,4.0
-0.008972104,0.15815015,-0.09030318,0.42138505,0.656741,-0.3571757,-0.29917872,2.1162102,1.2764261,1.3976027,1.7761865,1.6066113,1.1484014,-0.007616276,1.2990438,0.5211811,0.9908716,1.6388239,-0.06601457,1.48514,0.19306256,1.5949601,1.2936064,0.11177132,1.6694212,0.14768676,0.749792,0.3872512,-0.6466077,-0.19128746,0.02944896,0.3317618,468,1.0
0.037041374,0.08841485,-0.41987062,0.14974514,0.7392301,-0.20293242,-0.8012931,0.9715098,1.1238438,0.5896399,1.0658984,1.1111541,1.1973511,-0.11938093,-0.16116883,0.31193835,0.3598702,0.9754524,-0.053744927,0.8536068,-0.4665975,0.9607317,0.4835944,0.04552904,0.8753039,0.10354625,0.45938557,0.03868393,-1.0727589,-0.5561145,-0.6894344,0.15601045,468,4.0
-0.018246705,0.112237826,0.10338381,0.475394,0.63092375,-0.35501868,-0.030130796,2.5175676,1.0632613,1.4047992,1.7257286,1.7317222,1.0981275,-0.07154844,1.8539103,0.48099935,1.2460543,1.8688587,-0.23919238,1.6970029,0.34188637,1.5111274,1.6509606,0.24629033,1.8545548,0.07712501,0.89117724,0.32563266,-0.30660322,0.19795904,0.2491796,0.4239615,468,1.0
0.056361534,0.08671844,-0.4612247,0.10833981,0.790579,-0.20104247,-0.9284869,0.92617327,1.1601089,0.55176055,1.0334846,1.0601143,1.2232186,-0.15350536,-0.27694777,0.25264996,0.27172172,0.9516323,-0.10176952,0.80034083,-0.5011695,0.9333974,0.48151138,0.069265775,0.83151203,0.07771863,0.41399938,0.009544812,-1.1449038,-0.5939422,-0.7307885,0.074923575,468,4.0
-0.03841354,0.15315105,0.07541856,0.49691474,0.62389207,-0.3781259,-0.04328679,2.3963585,1.162488,1.5207785,1.7669822,1.688246,1.0503844,-0.0040898863,1.7663076,0.5544534,1.1867497,1.7573658,-0.039232623,1.5881288,0.36439234,1.6579393,1.5055236,0.16822961,1.7671076,0.19879843,0.8162109,0.44337675,-0.4028157,0.04910334,0.19217005,0.46713126,468,1.0
0.030535283,0.10935244,-0.4211406,0.1262416,0.71953595,-0.20782891,-0.8238395,0.9969375,1.1608548,0.6159903,1.1105894,1.0724366,1.182129,-0.11773253,-0.20635957,0.2957638,0.34858036,0.99339247,-0.032591436,0.819254,-0.44933417,0.9516394,0.47337186,0.04495046,0.86165035,0.09954189,0.42435423,0.03748823,-1.095986,-0.5570385,-0.68031454,0.12530975,468,4.0
-0.0077061015,0.07571587,0.16655864,0.47046492,0.5984592,-0.32163218,-0.018593393,2.4890227,1.1544993,1.2720908,1.6346428,1.5652598,1.0154169,-0.19889857,1.8227214,0.31328154,1.151949,1.7625487,-0.36112636,1.8729041,0.1927577,1.438859,1.6090825,0.34163243,1.9232805,0.078032024,0.9476629,0.19542328,-0.24747723,0.39821848,0.1223099,0.4130601,468,1.0
-0.033386994,0.14698032,0.09769125,0.50201935,0.60838467,-0.38359338,-0.037616666,2.4607775,1.1734273,1.505793,1.8235307,1.7619214,1.0596123,-0.005297823,1.7948022,0.5692189,1.1958151,1.8253977,-0.0812421,1.6739286,0.40239096,1.6084683,1.5551902,0.1783092,1.8158593,0.16669147,0.8207777,0.41615987,-0.41389316,0.054481603,0.24771994,0.43422565,468,1.0
0.048882246,0.09010801,-0.4729354,0.08053674,0.77419806,-0.19666547,-0.95438737,0.8063097,1.1327243,0.5403743,1.0280225,1.0840855,1.2495487,-0.13534755,-0.31519404,0.27546245,0.25569454,0.859439,-0.06321551,0.7520794,-0.52435505,0.89400846,0.39056566,0.07404921,0.7717177,0.09736806,0.38458526,0.034759156,-1.17026,-0.65537685,-0.7653372,0.09604944,468,4.0
-0.031194037,0.08252671,0.13927232,0.47289836,0.6159979,-0.3579613,0.021399453,2.4972441,1.0645831,1.2775238,1.5875127,1.7308323,1.0089399,-0.121216215,1.7261822,0.4078666,1.2330265,1.9265214,-0.2747602,1.7170384,0.24838294,1.4072788,1.5460693,0.3018368,1.8853893,0.12526831,0.9317339,0.3086272,-0.35574222,0.19970912,0.13761744,0.45014733,468,1.0
-0.021145329,0.20985787,0.043528985,0.49435577,0.6006518,-0.40221143,-0.024724554,2.2866337,1.2618859,1.6485245,1.9308196,1.6906099,1.0822623,0.09662818,1.8131487,0.74965835,1.1427442,1.7539523,0.078122854,1.5821913,0.4749355,1.8718168,1.4138844,0.07398221,1.8407549,0.21634747,0.77427095,0.60603166,-0.55533546,-0.0893152,0.30202284,0.466188,468,3.0
-0.024457783,0.17913267,0.12022205,0.5084293,0.5942139,-0.39907232,0.006245278,2.5145016,1.1731049,1.684411,1.9760281,1.7229921,0.99809396,0.05060911,2.0292127,0.6864163,1.2384678,1.8302306,0.016269825,1.6430465,0.51629394,1.853876,1.5232527,0.10432043,1.8560513,0.20189224,0.7970447,0.5455256,-0.43299782,-0.00855194,0.37426054,0.49539557,468,3.0
0.0017888367,0.16706538,0.09479433,0.4938204,0.5755918,-0.3684666,0.016760968,2.2466214,1.0590765,1.5145346,1.8243533,1.5767189,0.9062555,0.03818321,1.6807473,0.6775803,1.0986537,1.6559402,0.0909313,1.4787416,0.49980083,1.6886127,1.3986789,0.072205186,1.6553514,0.23501812,0.6910674,0.4213835,-0.40292138,-0.044221655,0.29881513,0.42506394,468,3.0
-0.04598825,0.19169183,0.13547157,0.46799934,0.4883036,-0.3767039,0.07842003,2.1758902,1.1029282,1.5696725,1.743292,1.4203336,0.799358,0.13949125,1.9465543,0.76369095,1.1943697,1.4701465,0.16912405,1.4035164,0.50869274,1.8503919,1.3179126,0.018935684,1.6517377,0.23217088,0.63576937,0.6262105,-0.43593395,-0.034044832,0.41168854,0.48203704,468,3.0
-0.05316667,0.14399599,0.119819686,0.50808257,0.5797546,-0.40184772,0.043286726,2.5223114,1.1486558,1.6123666,1.802968,1.7102164,0.99860144,0.034961686,1.9638119,0.61021763,1.246759,1.8065178,-0.014926714,1.665565,0.4619398,1.6701957,1.5388232,0.15489356,1.8451641,0.21691155,0.8254256,0.5001302,-0.3774465,0.06449104,0.29594496,0.49182022,468,3.0
-0.050113503,0.05854759,0.16798042,0.49098188,0.6591483,-0.34260443,-0.041915953,2.4956527,1.1399645,1.1837274,1.4804626,1.6318436,1.0646712,-0.30149853,1.6209953,0.20804092,1.1978848,1.7992474,-0.44995716,1.8754042,0.13119283,1.2029744,1.6566591,0.39105904,1.9671637,0.06960636,1.1150631,0.16744736,-0.22010031,0.39928952,0.052405573,0.45298222,468,1.0
0.029375855,0.12108791,-0.323599,0.21129261,0.6771565,-0.24241269,-0.6453717,1.310627,1.1548486,0.8500953,1.2074274,1.2407031,1.1109624,-0.08776251,0.24430373,0.31426784,0.52829695,1.1935166,-0.06611839,0.9669834,-0.26075155,1.032538,0.7081834,0.098695286,1.0940583,0.117963456,0.53294533,0.11398467,-0.9080356,-0.36627358,-0.4920425,0.17698625,468,4.0
-0.007185256,0.18328203,0.0705654,0.38575613,0.4722743,-0.35044572,0.046402574,1.9184662,1.0151901,1.3788891,1.580835,1.2214012,0.7634235,0.103463545,1.5256431,0.6779692,0.9778273,1.1329353,0.1726967,1.2634841,0.42656115,1.681103,1.150484,-0.022409081,1.3784237,0.2710349,0.53688914,0.58434975,-0.521443,-0.10318021,0.33028203,0.43521965,468,2.0
-0.029554164,0.1326162,0.088614106,0.4472349,0.5341922,-0.33756292,-0.029180046,2.4437542,1.023078,1.3320001,1.7108077,1.5413507,0.9775842,-0.11306474,1.6205336,0.49153876,1.1213222,1.6772103,-0.15956812,1.6180369,0.2886126,1.519081,1.3772703,0.18967286,1.7293702,0.12673904,0.8277026,0.36634737,-0.3272499,0.1541582,0.17392188,0.45209086,468,1.0
-0.04129852,0.0804099,0.055719245,0.4731307,0.5816393,-0.34526718,-0.05094443,2.553481,1.0719932,1.1133623,1.3666435,1.7344134,1.1037472,-0.18406413,1.6427608,0.29722303,1.170942,1.8289953,-0.28554872,1.7112833,0.101671286,1.2322614,1.597323,0.41498157,1.7998539,0.082172774,1.0165626,0.19619593,-0.3655306,0.42590016,0.02095927,0.42363364,468,1.0
0.022103129,0.14461048,-0.43851063,0.12336453,0.69859135,-0.20429608,-0.8716934,0.92999023,1.223585,0.78243697,1.220612,1.0423177,1.182684,-0.05608213,-0.17373972,0.3561222,0.28184223,0.94739664,0.031619165,0.7638221,-0.4044772,1.0016932,0.45282653,0.07076004,0.81252676,0.15470633,0.36175483,0.12571254,-1.1301192,-0.5980972,-0.62946653,0.09309614,468,4.0
0.032147553,0.11863202,-0.5018967,0.06779852,0.75484085,-0.18551522,-1.0087463,0.733906,1.2443087,0.54365623,1.1009834,0.9368591,1.2182537,-0.14820762,-0.40413454,0.26113614,0.21661745,0.83522534,-0.03588582,0.68423337,-0.54914397,0.9395443,0.3236657,0.0043320395,0.7123794,0.10498633,0.3984709,0.05387716,-1.1683664,-0.65938205,-0.83275443,0.07791889,468,4.0
-0.06043723,0.11371066,0.116078615,0.43615097,0.5222838,-0.3228025,-0.043627728,2.2958143,1.0144516,1.2163162,1.4939302,1.5731474,0.9581654,-0.1091431,1.7033329,0.3625452,1.1260831,1.7484833,-0.18591389,1.655616,0.27712032,1.348362,1.437957,0.30672908,1.7111424,0.11490979,0.8121259,0.34086382,-0.30701935,0.23663998,0.22189373,0.38246384,468,1.0
-0.03061445,0.18474795,0.057795692,0.4593974,0.58893675,-0.385267,-0.09672922,2.2586334,1.2703898,1.5899044,1.9896885,1.6636992,1.0407375,0.08855124,1.7655756,0.78235906,1.0998623,1.5996963,0.13978268,1.5881435,0.42759627,1.9567229,1.2743567,0.06345747,1.7655108,0.25432524,0.67861545,0.65226036,-0.63526416,-0.11536463,0.30803394,0.5028342,468,3.0
-0.015497903,0.21094164,0.032109525,0.43574995,0.5143049,-0.36443585,-0.08343029,2.094108,1.1641407,1.5871606,1.9347825,1.4193751,0.89048684,0.12971029,1.6165323,0.7556462,1.005699,1.4088185,0.25743243,1.3073695,0.47901055,1.8907131,1.169275,-0.060665034,1.5748307,0.3177283,0.5904891,0.62668926,-0.5431547,-0.20069319,0.30921495,0.44443175,468,3.0
-0.029509723,0.19023865,0.048508417,0.50732946,0.6368582,-0.3966333,-0.069857925,2.3051014,1.3061572,1.6374878,1.908686,1.705634,1.0967696,0.06493867,1.7840364,0.6895847,1.1863337,1.7633886,0.07797085,1.543519,0.4197125,1.8302895,1.4773749,0.07108565,1.7878292,0.2148894,0.7680886,0.5280913,-0.5011074,-0.07254886,0.24287367,0.45487037,468,2.0
-0.02028699,0.12847275,0.09639798,0.3889888,0.50032204,-0.33308813,0.019247971,2.0647159,0.9638838,1.1636254,1.3562038,1.2554404,0.7803786,-0.014971172,1.5095437,0.50801516,0.95621973,1.2511959,-0.05787389,1.4060501,0.30973497,1.4140776,1.2506427,0.120016575,1.4527264,0.15270875,0.5533014,0.3741282,-0.42372406,0.062513076,0.16131637,0.37517083,468,1.0
0.03673351,0.08623594,-0.43429348,0.13249376,0.7589407,-0.20456862,-0.8532942,0.98215574,1.1685103,0.58756113,1.0836433,1.1481206,1.244811,-0.14193621,-0.20175456,0.2701431,0.34287477,0.9966022,-0.0857427,0.8655404,-0.49434134,0.9519618,0.50316906,0.08515875,0.8990777,0.09418985,0.47469413,0.026114628,-1.1023028,-0.5596273,-0.7043263,0.1388347,468,4.0
0.0045563513,0.15152618,0.035907555,0.47694352,0.5472597,-0.38025504,0.010573022,2.0744789,1.107467,1.5718057,1.7491255,1.4825531,0.9014445,0.07910987,1.6716828,0.70503837,1.0011204,1.5879005,0.16741093,1.4418983,0.4590141,1.768691,1.3075148,0.021729378,1.5812486,0.2626705,0.6625395,0.55882245,-0.55970067,-0.053716622,0.24978176,0.48738074,468,3.0
-0.006431684,0.16249716,0.048443306,0.49976945,0.5811673,-0.39098114,0.032499656,2.2131886,1.1104859,1.5594759,1.8716897,1.5973521,0.9500003,0.0843673,1.7381544,0.7096421,1.0929067,1.6521051,0.13384715,1.42161,0.48826,1.7686847,1.3758947,0.075115465,1.6348658,0.23944743,0.68536687,0.55433005,-0.49223673,-0.05850306,0.28234306,0.4736332,468,3.0
0.0010452925,0.11916824,0.08100918,0.510621,0.5861535,-0.40313557,-0.011591129,2.2429934,1.2029243,1.4158877,1.7950693,1.6735978,1.0265062,-0.027651379,1.6846526,0.5351511,1.1532204,1.7855449,-0.055372313,1.6175723,0.35291156,1.644526,1.3688208,0.18437004,1.6899086,0.12784581,0.7642674,0.35814562,-0.37453887,0.091109514,0.19181663,0.441116,468,2.0
-0.034930974,0.120641604,0.06844215,0.41869998,0.52059644,-0.3527112,-0.03142659,2.1784604,1.2318625,1.407692,1.6399294,1.5069289,0.95346093,0.0040098205,1.6394354,0.5371005,1.0577502,1.638502,-0.06348561,1.4747022,0.34646562,1.5901039,1.3606582,0.1317946,1.6980727,0.17419048,0.6664364,0.44386476,-0.3980012,-0.040950492,0.20095345,0.3584155,468,1.0
0.011444384,0.15989532,-0.38896784,0.18510781,0.65482646,-0.23958877,-0.67623997,1.0400109,1.2190013,0.95777214,1.3475226,1.0937679,1.138201,0.011131713,0.0121116415,0.47997862,0.2970153,0.9262356,0.16659434,0.8032439,-0.24817844,1.2071993,0.5026109,0.023021162,0.851865,0.17497465,0.4034239,0.29318687,-1.0815692,-0.57248604,-0.524741,0.14803274,468,4.0
-0.01936115,0.082486495,0.14227273,0.5200676,0.62999135,-0.35908037,-0.0056534708,2.6213827,1.1086084,1.2260628,1.6407461,1.8485482,1.1174078,-0.15738885,1.897773,0.3730356,1.3266412,1.9976815,-0.34985963,1.876664,0.2968044,1.4307351,1.6473881,0.3458263,1.9721777,0.08123672,0.9935824,0.28644276,-0.2714878,0.34455088,0.17409208,0.46197894,468,2.0
-0.0465055,0.03820945,0.1569006,0.4652748,0.59153205,-0.33831447,-0.0007549748,2.5844889,1.0680976,1.151039,1.5116124,1.6979945,1.0590899,-0.23657773,1.743989,0.2019876,1.2554748,1.9556093,-0.4332061,1.8330674,0.14457035,1.1907649,1.6312134,0.4157543,1.9121068,0.04637513,1.0120728,0.1801759,-0.24150997,0.40307704,0.066361815,0.4093165,468,1.0
0.030410653,0.08949062,-0.45925176,0.08088406,0.7140134,-0.18040752,-0.9062188,0.7513194,1.183666,0.5106166,1.0336328,0.9575597,1.1404719,-0.115146406,-0.42676857,0.20455715,0.20334329,0.88934886,-0.020670734,0.5999925,-0.5471165,0.83836466,0.35749465,0.054454815,0.72087127,0.10910941,0.36907542,-0.016820103,-1.1184343,-0.57868785,-0.7716324,0.06590417,468,4.0
-0.015715044,0.19899201,0.024190668,0.4919139,0.61550593,-0.3818285,-0.0718274,2.3611822,1.2788087,1.6045917,1.9675791,1.7443583,1.0769767,0.04905121,1.8085353,0.680427,1.1748693,1.8321363,0.035844725,1.6141485,0.42579952,1.826432,1.3894137,0.084218234,1.8396868,0.1885651,0.7751468,0.5374194,-0.5142287,-0.07376053,0.2518965,0.4753982,468,3.0
-0.031060116,0.19340149,0.08621852,0.49046096,0.5200587,-0.3894702,0.01480373,2.1056454,1.1967647,1.6943249,1.8634394,1.4735694,0.9133924,0.10733253,1.7641459,0.7590237,1.0280122,1.5671569,0.20366485,1.461565,0.520616,1.7917203,1.3047007,-0.011272661,1.6491969,0.26664823,0.63044524,0.6265495,-0.5122971,-0.086509325,0.31768668,0.49449965,468,2.0
-0.03323562,0.16224602,0.08761111,0.4982744,0.60050017,-0.38800928,0.00033581257,2.3310113,1.1974301,1.5089955,1.7830034,1.6809208,1.0334567,0.007609671,1.7623386,0.6159699,1.1872293,1.7311472,-0.004839098,1.5986954,0.37984192,1.7083288,1.4540749,0.13449834,1.7631004,0.19003882,0.7714967,0.47786543,-0.43852288,0.01967868,0.23753607,0.44389364,468,3.0
-0.032104768,0.15580079,0.08816679,0.4949939,0.5536867,-0.38310364,0.022834249,2.201277,1.1569561,1.5450428,1.7794036,1.548914,0.91107064,0.07488305,1.7392249,0.67877614,1.056428,1.5919548,0.14871803,1.4655783,0.4630746,1.7510369,1.3638835,0.057734072,1.602145,0.25391728,0.68488526,0.5305477,-0.47247928,-0.05848635,0.284087,0.47654355,468,2.0
-0.039481778,0.14116098,0.09835976,0.5406849,0.5958588,-0.4125528,-0.00035694242,2.5334609,1.1772692,1.456284,1.8491403,1.8187649,1.0932374,-0.06130313,1.9654624,0.58809,1.2403386,1.930267,-0.04321314,1.7843852,0.38253328,1.7083664,1.6308072,0.22178563,1.9252423,0.19523269,0.9358164,0.51797944,-0.47433442,0.22395283,0.24702942,0.5252398,468,1.0
-0.0008077384,0.11551878,-0.009678895,0.41278428,0.61344254,-0.32136634,-0.1817208,2.103803,1.106248,1.0795344,1.4790199,1.5502641,1.0749503,-0.09237627,1.3022572,0.41548425,1.005165,1.633687,-0.21237752,1.505763,0.15694438,1.2610434,1.3093244,0.22237444,1.5658574,0.07815037,0.7983038,0.22488362,-0.48578477,0.045727327,-0.002820557,0.3256247,468,2.0
-0.031062106,0.19837174,0.056764457,0.4796381,0.46526605,-0.38249236,0.008068211,1.971683,1.1469587,1.6997912,1.8467818,1.3754017,0.84995407,0.12897284,1.7420198,0.8021217,0.96172243,1.5094463,0.2918239,1.336795,0.5499927,1.8544455,1.2437016,-0.03225135,1.5706886,0.30124652,0.580401,0.6513718,-0.497922,-0.13949054,0.3367417,0.48885757,468,2.0
0.07067377,0.10995887,-0.5204156,0.1007995,0.8057548,-0.17989923,-0.9529603,0.7910607,1.1993802,0.527924,1.0579839,1.0680441,1.2349082,-0.1645477,-0.4203227,0.22836983,0.26945293,0.9072976,-0.1595213,0.69591033,-0.54778904,0.800433,0.41662464,0.033118386,0.79171985,0.087427355,0.43815172,0.0065551624,-1.1502402,-0.56913185,-0.7716708,0.076221816,468,4.0
-0.02792973,0.15160014,0.06943296,0.47521847,0.6133269,-0.3768072,-0.0759611,2.3992627,1.145172,1.4686363,1.7911164,1.722964,1.0572122,-0.029981041,1.7323014,0.537238,1.1735052,1.8243116,-0.11671355,1.6296692,0.37139237,1.5957417,1.4957991,0.17285988,1.7868658,0.13275883,0.83941644,0.39380074,-0.40856344,0.04188893,0.22409543,0.41663745,468,1.0
0.03173666,0.13107684,-0.5059602,0.07977146,0.740182,-0.17648481,-0.9966895,0.71630114,1.2084113,0.6408889,1.1117324,0.9498462,1.1943102,-0.10624667,-0.5329931,0.29314235,0.20730199,0.8891691,0.035073016,0.6466179,-0.5366534,0.92112845,0.36219138,0.01979075,0.69090706,0.1517613,0.32738698,0.05892183,-1.2149633,-0.70228714,-0.8039364,0.0843715,468,4.0
0.039743617,0.10862377,-0.49992615,0.06368334,0.7269716,-0.18232635,-0.9270061,0.6944145,1.0965278,0.544438,0.96001333,0.88957804,1.1526278,-0.09953966,-0.5025937,0.27986455,0.17425981,0.76230496,-0.013305029,0.5709838,-0.5348341,0.8239974,0.28924102,0.0029211752,0.64173055,0.13141848,0.33534342,0.0457626,-1.1954547,-0.65282005,-0.78114396,0.10670475,468,4.0
-0.03739546,0.07742305,0.15208969,0.46676382,0.5739373,-0.35199848,0.022421889,2.4958441,1.0483571,1.3103228,1.5805129,1.6655853,0.9499974,-0.13200392,1.8553299,0.35120767,1.2499285,1.8204905,-0.23136218,1.7411947,0.29406598,1.3777236,1.5765965,0.28012797,1.7877345,0.09206002,0.8969164,0.29278612,-0.22896552,0.28410602,0.19558129,0.40238586,468,2.0
-0.023552816,0.19077498,0.13333811,0.40819183,0.45525616,-0.38536993,0.017403066,1.9425277,0.95690054,1.5938519,1.6910862,1.4021317,0.76328355,0.16742495,1.6713899,0.7299431,0.9922688,1.4434985,0.20756173,1.3394985,0.5568935,1.6950347,1.1934497,0.05162927,1.5055029,0.24094261,0.50568324,0.61608744,-0.42754716,-0.06394247,0.38476264,0.42935646,468,3.0
0.010823249,0.070759445,0.14104408,0.48212722,0.61131436,-0.33863196,0.009815581,2.461603,0.99533343,1.2575148,1.5862067,1.6114055,0.9734699,-0.18531813,1.791501,0.2866009,1.1697842,1.7278467,-0.32652405,1.8555238,0.20200114,1.3494787,1.6062528,0.3056153,1.8164428,0.0752356,0.9238429,0.24013937,-0.1992712,0.37878236,0.12718028,0.4011364,468,1.0
0.04819729,0.122426555,-0.46093184,0.08584415,0.69794637,-0.1855875,-0.92412555,0.8155355,1.1373856,0.6269872,1.1102858,0.9496602,1.1370649,-0.11226108,-0.3760544,0.29954225,0.1720836,0.79606086,-0.011973297,0.69177496,-0.43960884,1.0297742,0.33779237,-0.025693595,0.6912599,0.11940632,0.35836428,0.1094471,-1.1737549,-0.62464297,-0.6996495,0.09473458,468,4.0
-0.016968692,0.12582302,0.06267317,0.48904088,0.6115863,-0.37332493,-0.079849415,2.379773,1.2156409,1.2427908,1.6806316,1.7042646,1.1022798,-0.080736056,1.6307981,0.48056263,1.159006,1.7901242,-0.16664626,1.6823597,0.2730518,1.4951378,1.4690362,0.2271263,1.7543709,0.11390841,0.8768266,0.3341752,-0.441226,0.10878858,0.13378087,0.40604013,468,3.0
-0.021915842,0.16079386,0.0739387,0.477016,0.6058236,-0.3797114,-0.02601837,2.4142742,1.152223,1.5151949,1.8209486,1.7072419,1.0358579,0.0022841357,1.8500578,0.61758167,1.192561,1.8060149,-0.064706326,1.636709,0.41070512,1.7068795,1.4854101,0.13882905,1.7967007,0.15309303,0.80967975,0.45134094,-0.44076955,0.012973178,0.2849509,0.4489146,468,2.0
-0.056857865,0.046094965,0.02631374,0.4125584,0.54731286,-0.31299412,-0.09837587,2.392004,0.99311596,1.0359938,1.1599873,1.5784799,1.059247,-0.20093092,1.4495163,0.18677759,1.0563892,1.7000773,-0.43637693,1.602565,-0.04226222,1.0166562,1.5198908,0.51361436,1.7158768,0.02141888,1.0073797,0.015093256,-0.26026106,0.41189864,-0.0663442,0.3677782,468,1.0
0.060592696,0.13194522,-0.56556225,0.05884867,0.7786378,-0.16630378,-1.109781,0.6031463,1.1855708,0.45915204,1.0212239,0.9602148,1.2414994,-0.17636302,-0.6665239,0.25459087,0.13907325,0.73603356,-0.017187487,0.53436637,-0.5914038,0.80699116,0.2598335,-0.036347993,0.6217472,0.14494438,0.3545459,0.018988494,-1.283267,-0.7000622,-0.9030828,0.045983016,468,4.0
-0.030133704,0.14322445,0.0986366,0.4358242,0.4937623,-0.34169155,-0.005655363,2.3558474,0.9886084,1.3659377,1.7264047,1.4353744,0.9223144,-0.032610588,1.7213619,0.56033206,1.1028467,1.5895771,-0.07354194,1.5072052,0.34530252,1.5433921,1.3530385,0.1759384,1.6907821,0.16899852,0.77438426,0.43303883,-0.32455605,0.11112356,0.24490413,0.45686507,468,2.0
-0.008525191,0.13277937,-0.009487784,0.4912459,0.63885146,-0.37658525,-0.16452351,2.2588673,1.195365,1.3496821,1.6870072,1.7024056,1.166161,-0.06728282,1.4619066,0.49924886,1.0599557,1.8173974,-0.15117575,1.6617705,0.20271148,1.6300694,1.4863038,0.2250686,1.7446496,0.11895926,0.8859281,0.3556623,-0.48855656,0.0009898841,0.06048944,0.37188214,468,2.0
-0.03639817,0.2062674,0.091724634,0.47096822,0.49838495,-0.38825458,0.059551343,2.1132119,1.0446738,1.5994897,1.7700552,1.5720806,0.86319065,0.13097598,1.7883289,0.7795826,1.0711424,1.5989773,0.110468924,1.4859793,0.52515143,1.818944,1.2387029,0.093853,1.6977785,0.23565449,0.7207963,0.62560797,-0.46301693,-0.027502507,0.3567221,0.4842764,468,3.0
0.059467476,0.12073356,-0.5306206,0.063642465,0.6784651,-0.16576654,-0.97759825,0.5620563,1.0415736,0.5716936,0.9182152,0.86278355,1.1116058,-0.07568868,-0.6646836,0.30194432,0.058167744,0.69124746,0.041955356,0.48512822,-0.48583278,0.90979946,0.22522417,-0.0664,0.54068047,0.13202423,0.25138804,0.08396066,-1.2537682,-0.6970223,-0.8205399,0.05088278,468,4.0
-0.019787205,0.109306574,0.040170316,0.4657101,0.6040434,-0.330898,-0.13496885,2.3284364,1.2557093,1.2636015,1.6595688,1.7044619,1.0652753,-0.15388897,1.6385624,0.37467074,1.1751719,1.8027884,-0.23082724,1.7168423,0.20163076,1.4716566,1.482769,0.23761213,1.821934,0.09560072,0.940711,0.29031998,-0.35645428,0.19050509,0.04294139,0.40434155,468,1.0
-0.00612122,0.13801579,0.18524222,0.5177685,0.6694985,-0.4078374,0.0631582,2.6918252,1.1062112,1.4912915,1.8045135,1.8559442,1.0754935,-0.10557108,1.9600973,0.5343529,1.3517153,2.0705752,-0.24238415,1.9093285,0.34582105,1.671403,1.6912358,0.24501503,2.047248,0.12726922,0.97593904,0.38674098,-0.3985181,0.1703489,0.23766875,0.5341294,468,1.0
-0.034060996,0.1378051,0.05353349,0.5079255,0.66189414,-0.38826358,-0.07572525,2.5048182,1.2520521,1.4235668,1.8372651,1.7998981,1.1706601,-0.05245121,1.7774051,0.5464418,1.212537,1.8366972,-0.11541176,1.7157692,0.3145272,1.6407257,1.5873358,0.21036825,1.8673294,0.16428368,0.8928736,0.37656605,-0.47630274,0.052112807,0.14029598,0.45417115,468,1.0
-0.033502728,0.13399062,0.059413593,0.44708696,0.63093334,-0.3552491,-0.094449714,2.279613,1.1696832,1.3212317,1.6476042,1.6353464,1.1059281,-0.08384753,1.596967,0.45140743,1.1093601,1.7535733,-0.17162582,1.6638765,0.23842618,1.4780824,1.4514328,0.23004273,1.7721543,0.09510662,0.83477336,0.36281115,-0.46672952,0.14785868,0.13151187,0.39817357,468,1.0
0.021048738,0.16712393,0.08936365,0.5039396,0.56022245,-0.34611428,-0.012533851,2.1926212,1.0972494,1.51938,1.7793529,1.5084554,0.8955224,0.051486626,1.6534445,0.6870248,1.0012842,1.5131657,0.096727505,1.4342197,0.50445276,1.7534529,1.383822,0.022350036,1.6051809,0.20881511,0.66440934,0.4433358,-0.44518793,-0.113505,0.25684106,0.44547954,468,2.0
-0.027731601,0.16119336,0.039263282,0.4844857,0.57548314,-0.38479686,-0.07143878,2.346788,1.3358244,1.5577979,1.8477721,1.6482303,1.1028281,0.018581722,1.7035147,0.6028193,1.1561091,1.7475106,-0.027161162,1.6066705,0.35242984,1.7349529,1.5028806,0.11271956,1.7918632,0.18435071,0.7460593,0.5185315,-0.48638827,-0.07217512,0.2236979,0.39939487,468,3.0
-0.01643716,0.09636907,0.04495607,0.43797708,0.66170174,-0.36567175,-0.11176823,2.2110872,1.1887933,1.1626883,1.6310583,1.6413498,1.0789552,-0.12720375,1.458573,0.36424077,1.1299173,1.7047712,-0.17502582,1.59421,0.15591945,1.3954086,1.4120048,0.23710048,1.651803,0.07061933,0.82677287,0.2515422,-0.3995843,0.10915056,0.015927292,0.36312312,468,1.0
-0.008906444,0.13133274,0.034584682,0.45903146,0.6269386,-0.35726425,-0.06669937,2.1832688,1.1540424,1.3693177,1.6952407,1.6495653,1.015435,-0.036728397,1.5370772,0.5733471,1.056347,1.6651027,-0.072560295,1.5549439,0.30069306,1.674105,1.4750901,0.1375319,1.6495038,0.1457475,0.77687943,0.3931384,-0.44829208,-0.032946043,0.16287968,0.38388595,468,1.0
0.006458973,0.23559213,0.025332537,0.42579776,0.46656764,-0.35751233,-0.06840941,1.9157317,1.1793239,1.6755289,1.9001635,1.2219346,0.83650666,0.22654338,1.5980902,0.8380948,0.94835335,1.2507526,0.35994816,1.1050705,0.492124,1.913325,1.0720532,-0.10725566,1.427827,0.35939458,0.5178126,0.7362727,-0.642704,-0.23801959,0.35866618,0.4694602,468,3.0
0.0015099631,0.08824666,-0.17469984,0.2984702,0.7537854,-0.3129577,-0.49771702,1.942395,1.2278632,0.86949027,1.3809865,1.5419166,1.2264098,-0.20313166,0.8152304,0.24771433,0.81720567,1.6099311,-0.24027956,1.3592619,-0.21919368,1.2059256,1.134457,0.26977322,1.5065185,0.06009488,0.77918065,0.122708164,-0.7469363,-0.12083223,-0.3692177,0.27716133,468,1.0
0.035918903,0.11173175,-0.48244464,0.07152542,0.75481117,-0.19282556,-0.9412423,0.8413999,1.155612,0.5283972,1.0437902,1.057791,1.2032845,-0.13752104,-0.3609705,0.2347001,0.28439352,0.9361181,-0.09905194,0.7072168,-0.5494571,0.8213419,0.41356587,0.081623346,0.7465357,0.07401866,0.4088841,0.014992729,-1.1422743,-0.60302716,-0.77745855,0.084779,468,4.0
-0.06671668,0.10411008,0.10561465,0.44761464,0.550576,-0.32729906,-0.080288075,2.6185715,0.97090846,1.3298777,1.4480747,1.5508069,1.0140172,-0.22855549,1.6002977,0.37349272,1.1484141,1.883727,-0.4419978,1.8670615,0.14360376,1.3312261,1.4437304,0.3866459,1.810199,0.039199904,0.9192532,0.22287786,-0.23246568,0.33997837,0.093874216,0.43496376,468,1.0
-0.025819695,0.19160876,0.070176974,0.5495091,0.6254856,-0.43027347,-0.09195362,2.4388971,1.3151199,1.6863688,2.1298249,1.869967,1.1438688,0.055517387,1.9207876,0.76438123,1.1662091,1.8012836,0.10996415,1.728728,0.45974258,1.929648,1.4721014,0.088001296,1.8798343,0.2761731,0.8037965,0.71033454,-0.6503677,-0.037429325,0.2845844,0.56965506,468,2.0
-0.053488124,0.07236326,0.16077763,0.4308996,0.54756373,-0.34901196,0.030281678,2.3908732,1.0246642,1.2749413,1.4782318,1.5655509,0.9454237,-0.16377228,1.7711478,0.27464557,1.1803135,1.7820263,-0.3092136,1.7424172,0.23943625,1.2929558,1.563354,0.33352444,1.7475872,0.045358382,0.8429765,0.22539434,-0.19817969,0.33831292,0.1674445,0.37376505,468,1.0
-0.031856034,0.11086063,0.0991603,0.48950106,0.5643941,-0.35254782,0.014373213,2.3868876,1.1394758,1.3803244,1.6709936,1.6787932,0.9765643,-0.10871483,1.8355676,0.39779592,1.2116269,1.8117927,-0.22241306,1.7545398,0.29967368,1.4870418,1.5504718,0.25583783,1.8506569,0.11210396,0.9090451,0.3467734,-0.22247353,0.2789222,0.18506953,0.3997347,468,2.0
0.036295336,0.12817569,-0.38874054,0.15096948,0.7247538,-0.22314781,-0.7724935,1.1196408,1.2243464,0.7421726,1.227624,1.1557351,1.2095348,-0.09659048,-0.058673978,0.33381528,0.3899826,1.039371,0.0130164325,0.9025772,-0.36736414,1.0684832,0.5422749,0.03847283,0.93290716,0.12276243,0.43666455,0.12617987,-1.0799918,-0.5402206,-0.5895727,0.16347797,468,4.0
-0.03185399,0.13781732,0.15462793,0.44134697,0.5145181,-0.3491182,0.063436806,2.4467983,0.962704,1.3414394,1.6184242,1.4184396,0.8619787,-0.06407638,1.8157725,0.546454,1.1181552,1.5344772,-0.055320438,1.6322372,0.4649252,1.5565073,1.4466411,0.10059566,1.6709197,0.17694694,0.76722366,0.39448315,-0.23308063,0.2030676,0.32234836,0.39639956,468,3.0
-0.008775308,0.113598704,0.13098133,0.4826228,0.58190113,-0.35901347,0.012865096,2.3197608,1.0687113,1.4578508,1.6736001,1.6438636,0.94857097,-0.05129695,1.7274172,0.5037514,1.1595272,1.785985,-0.16948499,1.6378918,0.36142144,1.6004436,1.5463517,0.19878972,1.8100374,0.14634243,0.8115442,0.40321103,-0.3547042,0.12889542,0.23822021,0.46002486,468,1.0
-0.05327109,0.02746499,0.07928604,0.40934366,0.52850455,-0.3031937,-0.020887978,2.6774096,0.86603945,1.0020263,1.1175956,1.6105213,0.98869884,-0.20826487,1.6100323,0.12366931,1.1968849,1.8581519,-0.47282216,1.7258681,0.08988809,0.9169997,1.5630463,0.56060827,1.7889086,0.025769865,1.0156821,0.0026889145,-0.14761113,0.47485527,0.02824407,0.38308713,468,1.0
-0.040508594,0.19201627,0.040418718,0.4910813,0.5118565,-0.3771754,0.022823691,1.9641229,1.2074573,1.6942161,1.894801,1.4428713,0.8467449,0.18065862,1.7343,0.8610317,0.9936426,1.5357507,0.39513227,1.3844934,0.5607938,1.9234085,1.223626,-0.08106925,1.5621055,0.34081528,0.60129637,0.6899112,-0.5783724,-0.20831239,0.3401248,0.53450894,468,2.0
-0.04734892,0.10158005,0.066465616,0.4343814,0.59684235,-0.3514762,-0.11851248,2.2532704,1.1306937,1.2521971,1.6162095,1.5701644,0.979728,-0.14667337,1.4943614,0.40669912,1.1040187,1.692525,-0.24293755,1.6031739,0.1455581,1.3900343,1.3754791,0.23786551,1.8110964,0.10201811,0.84200335,0.27633455,-0.49070144,0.14868009,0.06953593,0.39833885,468,1.0
-0.0038154395,0.18606776,0.047146108,0.3798938,0.46061742,-0.3310514,-0.13080253,1.8137192,1.0255845,1.4126438,1.5404329,1.1047548,0.76248276,0.15172988,1.4401519,0.721637,0.84275985,1.1261895,0.22740151,1.1213095,0.35961008,1.7215011,1.1107955,-0.03488543,1.2838017,0.30660862,0.48871705,0.61507726,-0.6385138,-0.23950234,0.23606431,0.4514882,468,3.0
0.00061762804,0.18145026,0.0953459,0.5097184,0.60356784,-0.39894876,-0.018984616,2.3273766,1.294897,1.5078562,1.7716469,1.5510217,1.113925,-0.02893574,1.8347667,0.65577745,1.1775974,1.8513968,-0.06434715,1.6790365,0.33755812,1.73388,1.3675698,0.12490759,1.8751546,0.12466676,0.83314836,0.4212084,-0.46235663,0.017367251,0.20927623,0.4551728,468,2.0
0.007890575,0.19852822,0.027299222,0.5284495,0.67513967,-0.39536834,-0.12255353,2.3059528,1.3896383,1.6553572,1.9826838,1.6736631,1.1218178,0.029716665,1.7064182,0.73731834,1.1151505,1.8686484,0.073177785,1.5820729,0.3908676,1.942646,1.4586455,0.027288988,1.7298162,0.19403274,0.7732063,0.50120413,-0.5514505,-0.07734912,0.22734198,0.43257898,468,3.0
-0.03497128,0.12891337,0.022873271,0.42729798,0.6166207,-0.36496395,-0.11809173,2.162542,1.259398,1.3162435,1.7575612,1.5986881,1.0374606,-0.046217665,1.5078707,0.52702516,1.0470847,1.7230686,-0.09196848,1.5299845,0.2371393,1.6098648,1.3541688,0.14473292,1.7503968,0.15857261,0.7254137,0.38969526,-0.58345866,-0.05607771,0.09809234,0.3715836,468,2.0
-0.006315616,0.17649107,-0.028401477,0.47241783,0.6704329,-0.38112107,-0.21866558,2.2215137,1.337979,1.4924233,1.8750856,1.6456556,1.1364304,-0.015135488,1.4456834,0.60909945,1.0228106,1.7758646,0.0072952956,1.5746891,0.2797974,1.7588497,1.4283918,0.08135703,1.6839658,0.15999085,0.76955503,0.43376422,-0.6031785,-0.13954237,0.11286894,0.3676422,468,2.0
0.063965105,0.11254981,-0.51581234,0.05997627,0.672243,-0.14425176,-0.918348,0.51993275,1.0266888,0.43650204,0.9058685,0.8635783,1.0248035,-0.08625247,-0.4827361,0.25056025,0.092037976,0.6992572,-0.059227094,0.50641555,-0.47046423,0.7020438,0.20478368,-0.025986947,0.5178541,0.09419115,0.2502468,0.04338815,-1.1102844,-0.6159576,-0.74216884,0.009021534,468,4.0
-0.05476423,0.08450672,0.14781255,0.48991922,0.6412309,-0.33064172,-0.05708924,2.850636,0.9875052,1.205612,1.4589208,1.7357069,1.08998,-0.27287158,1.5947578,0.25341696,1.1832277,2.0184605,-0.52804285,1.964845,0.12918206,1.3353292,1.685905,0.407891,1.9450208,-0.0067482935,0.9687678,0.10188792,-0.1747205,0.45278642,-0.008443698,0.40364084,468,1.0
0.031900726,0.1430832,-0.21556124,0.26842222,0.6412507,-0.26550195,-0.52807236,1.5718623,1.2015927,1.1505035,1.3993376,1.275288,1.0549608,0.0022750217,0.5490171,0.4745776,0.6150728,1.2944062,0.08231248,1.0787914,-0.028192515,1.2996743,0.7561101,0.0195712,1.1785799,0.17813155,0.5093352,0.32697672,-0.8879863,-0.40928155,-0.28758422,0.25283802,468,3.0
-0.030887859,0.081048116,0.13973163,0.49153048,0.60166687,-0.35061982,-0.038835853,2.3644392,1.1685812,1.2560164,1.6473999,1.6303407,1.0270646,-0.18557751,1.7271334,0.3540758,1.2080382,1.8061593,-0.30417687,1.7167125,0.26859558,1.3930019,1.5149776,0.31982744,1.9265928,0.111798614,0.98035467,0.28464997,-0.30711785,0.27075568,0.17591053,0.45770654,468,1.0
-0.0738118,0.027329922,0.0968664,0.396923,0.5616517,-0.3147555,0.00034695864,2.672086,0.9384374,0.9337425,1.1125071,1.6299285,1.0503243,-0.28710225,1.658311,0.047861658,1.2328529,1.8887111,-0.5610584,1.7200134,0.0041452795,0.91289,1.7466531,0.62003696,1.8530133,-0.018423427,1.092264,-0.056082726,-0.13902877,0.5969227,0.00023086555,0.37251914,468,1.0
-0.043749128,0.13697425,0.08460829,0.40626773,0.47869623,-0.3221449,-0.013888009,2.2720435,0.9459353,1.30508,1.4992077,1.3821241,0.8629527,-0.060492337,1.4375521,0.48682576,0.95548725,1.4901321,-0.09213954,1.4928629,0.31815365,1.3914045,1.2640576,0.178152,1.5574657,0.15488245,0.68203837,0.35564855,-0.29706234,0.20376882,0.19787443,0.38339907,468,2.0
-0.036498,0.15178064,0.08171803,0.5331634,0.6358646,-0.39175862,-0.042054657,2.6287196,1.1791923,1.5619105,1.8380355,1.8292485,1.1530743,-0.042216048,1.8949264,0.5530164,1.2675035,1.9032102,-0.10673793,1.7607287,0.37564656,1.6615771,1.6695735,0.2352474,1.9099996,0.18138455,0.8988533,0.42124584,-0.3899302,0.10948177,0.19143906,0.48907927,468,1.0
-0.023245163,0.17745614,0.09537616,0.5077769,0.52965033,-0.37831193,-0.051093016,2.3243866,1.1448157,1.7456714,2.0056763,1.6938128,1.0265018,0.116780706,1.8479185,0.74367744,1.0779089,1.5335479,0.18117802,1.5468867,0.49555102,1.8875288,1.3332297,0.040645912,1.7053272,0.31599945,0.6603589,0.7482741,-0.62140715,-0.11836735,0.30983698,0.5576028,468,3.0
-0.010224029,0.10883877,0.1134146,0.49540856,0.59307444,-0.3519578,-0.026035093,2.4985852,1.0456458,1.2769991,1.648838,1.7747333,1.0742713,-0.0942662,1.850599,0.43975258,1.246529,1.8675866,-0.2629372,1.7269292,0.36049297,1.445844,1.5785558,0.2794354,1.834161,0.071921885,0.9090005,0.32237253,-0.27891135,0.2556865,0.22484782,0.43594673,468,1.0
-0.0404514,0.04606429,0.11125307,0.508905,0.68532276,-0.34742117,-0.08825292,2.6521866,1.2481496,1.0061564,1.5639142,1.8878443,1.2786025,-0.325218,1.64874,0.19397686,1.2872615,2.0553534,-0.5552146,1.9441133,0.023305692,1.2290926,1.6509787,0.47730175,2.0723808,0.011021793,1.1112441,0.13725057,-0.3569889,0.44876787,-0.1165284,0.44146642,468,1.0
-0.06231748,0.124339074,0.11650403,0.4362792,0.49912965,-0.32307053,-0.048555702,2.2571177,1.0190572,1.2275742,1.4815707,1.5608695,0.9034503,-0.09828149,1.6679862,0.40911847,1.1055757,1.7078954,-0.12728567,1.6185215,0.31245896,1.4308403,1.4277184,0.29741043,1.6913711,0.12938975,0.8246879,0.38083637,-0.31265315,0.22684285,0.2472798,0.4091593,468,2.0
-0.007890526,0.16228347,-0.12582123,0.41952384,0.66852003,-0.365358,-0.29017133,2.0335863,1.3524376,1.4824156,1.9310423,1.6606485,1.2486804,0.064330116,1.2959783,0.70307845,0.8995398,1.55761,0.14672045,1.4485909,0.17694053,1.7965102,1.0861244,0.07156202,1.6276269,0.25726724,0.6991622,0.5595726,-0.87708867,-0.2776341,-0.027771154,0.42055133,468,3.0
-0.04731987,0.122014776,0.14868446,0.46890962,0.5404227,-0.36143318,0.059260204,2.441334,1.0869188,1.440508,1.6747209,1.6179421,0.88633466,-0.05500643,1.9487048,0.4903922,1.2099538,1.7480087,-0.12384386,1.7149876,0.43919066,1.6062914,1.5083872,0.15726179,1.7644608,0.12855418,0.8157552,0.423283,-0.24530831,0.21330976,0.3338283,0.4142609,468,2.0
0.04767602,0.10921727,-0.55295205,0.07683219,0.74978405,-0.16779232,-1.0468477,0.61514914,1.2101839,0.5038247,1.057559,0.8754893,1.1542557,-0.15535781,-0.50989455,0.22795069,0.12558208,0.75535965,-0.063749276,0.62443125,-0.58517313,0.8256211,0.27492595,-0.009815119,0.6273538,0.125542,0.39393935,-0.0060821176,-1.1972395,-0.61418223,-0.85236716,-0.0034301952,468,4.0
-0.023648445,0.2002346,0.05850706,0.47525862,0.5503078,-0.38387558,-0.015915915,2.1426268,1.2119045,1.6567438,1.9222168,1.5832162,1.0072632,0.12319907,1.8038231,0.7137223,1.1205696,1.6232678,0.11562705,1.537346,0.4634894,1.847383,1.3461682,0.06790756,1.7497252,0.23780191,0.69008386,0.65687704,-0.5306216,-0.041101858,0.32479942,0.48606604,468,3.0
-0.015932856,0.08416866,0.13139229,0.49377552,0.5819485,-0.36371732,-0.0010829344,2.5589619,1.1232828,1.3503636,1.7222593,1.6663858,1.0895199,-0.11884297,1.9209211,0.38652736,1.2441261,1.8945884,-0.23672146,1.852312,0.27356172,1.4546789,1.6000049,0.33408704,1.8974695,0.13525008,0.9661437,0.32635105,-0.2599737,0.3274367,0.12219382,0.48379186,468,1.0
-0.04050315,0.067686185,0.111264795,0.45434526,0.5748598,-0.32426006,-0.025749557,2.4548426,1.1263589,1.1959659,1.4906448,1.5995536,0.9917418,-0.22031638,1.733195,0.26392865,1.2468884,1.8730192,-0.3696046,1.8503698,0.14043617,1.2473792,1.5943645,0.3344565,1.871035,0.039778538,1.0125492,0.17813626,-0.190936,0.36584318,0.028833147,0.3774575,468,1.0
-0.026318371,0.15079492,0.06467451,0.4888068,0.5661433,-0.3698889,-0.020564027,2.2838674,1.1322231,1.4587204,1.7813723,1.632825,1.0017648,0.020085659,1.7305964,0.59007657,1.1270922,1.6652647,0.050267164,1.5214127,0.4017521,1.6802115,1.3848081,0.12811679,1.6625679,0.19280323,0.728101,0.4990485,-0.47078085,-0.036140323,0.23712456,0.45984682,468,2.0
-0.041361667,0.13313337,0.10605739,0.5108666,0.5872288,-0.3717552,-0.0023976266,2.4067225,1.134728,1.4580675,1.7048259,1.6682943,1.0053036,-0.013287494,1.8001924,0.5604159,1.1635895,1.741704,-0.023293473,1.625486,0.38506442,1.6148031,1.4739251,0.16457315,1.7350347,0.19802429,0.8106629,0.4244555,-0.39504725,0.074435495,0.22147387,0.47608587,468,1.0
-0.042325553,0.17940809,0.047518153,0.4054143,0.5569422,-0.36824298,-0.09218206,2.1013472,1.2155474,1.4844749,1.7782295,1.4472485,0.9483097,0.067000486,1.6447673,0.68958706,1.0542715,1.4601095,0.10426848,1.4419662,0.39184254,1.7686942,1.2465122,0.09168156,1.6317235,0.23051254,0.5737329,0.5707704,-0.5912525,-0.1254884,0.2529182,0.42331982,468,2.0
-0.01793805,0.10406533,0.07673396,0.3967386,0.5159701,-0.32353175,-0.08714636,2.0420964,1.0522366,1.2279131,1.4788166,1.3194214,0.8218639,0.009027112,1.503302,0.54274374,0.9189756,1.4143502,-0.034903683,1.3850919,0.24957119,1.5848365,1.2485931,0.1186589,1.4552506,0.21375561,0.5859827,0.43661666,-0.5378531,-0.03637187,0.09568669,0.45167443,468,2.0
-0.023314945,0.20806846,0.058256697,0.50448203,0.56284046,-0.3976824,-0.013341993,2.321272,1.3061471,1.6997145,2.0602548,1.6465857,0.9947592,0.08746357,1.9317615,0.7152411,1.1629412,1.6698428,0.15366337,1.5663203,0.50537205,1.9596512,1.4003224,0.03128372,1.8043487,0.28353345,0.76036125,0.658797,-0.49204743,-0.028814077,0.36275542,0.4729724,468,3.0
-0.026574116,0.16574116,0.054263126,0.4965634,0.6536873,-0.40638006,-0.0659489,2.3400054,1.3235067,1.524421,1.9224252,1.7560607,1.1149513,0.0179195,1.7625935,0.6365889,1.1653531,1.76116,0.0085488595,1.6420004,0.4026113,1.7450423,1.5219979,0.12995909,1.8443431,0.18804204,0.8283782,0.4907383,-0.50447714,-0.027288072,0.2310572,0.43607762,468,3.0
-0.014316263,0.15099096,-0.028953426,0.43734372,0.6121871,-0.3612901,-0.16859064,2.1664946,1.3097175,1.4284503,1.7669727,1.5437056,1.0911126,0.004213022,1.4348729,0.5664131,1.0502408,1.6257933,-0.030876296,1.4871298,0.24786341,1.6292881,1.3507949,0.0986313,1.7024559,0.17799465,0.6844288,0.45628443,-0.59192073,-0.14957541,0.10187777,0.3556715,468,3.0
0.068548076,0.08411381,-0.3177097,0.21510246,0.7316685,-0.22408292,-0.6714708,1.1076185,1.136883,0.6458862,0.96533155,1.038249,1.0988125,-0.124253266,0.14593606,0.31646967,0.3964416,1.0687362,-0.10283965,0.97323114,-0.2768568,1.0349866,0.6421546,0.083439715,1.0401613,0.047889914,0.46715444,0.050130002,-0.9446974,-0.4291843,-0.51077956,0.10677401,468,4.0
-0.022005595,0.13106555,0.085533306,0.4467952,0.50113875,-0.34676078,0.007573299,2.117346,1.0741434,1.2989651,1.6524523,1.3093947,0.8957408,0.026908766,1.7587751,0.56019056,1.0560595,1.4978598,0.010691024,1.4383192,0.34240365,1.5803252,1.338443,0.12442624,1.6605086,0.2021109,0.73493683,0.4245853,-0.44895226,0.06469362,0.21801391,0.40279657,468,3.0
-0.042742092,0.11273879,0.10846913,0.5237705,0.5863537,-0.38635102,-0.00636521,2.5074162,1.1182836,1.351838,1.6970743,1.7677988,1.085194,-0.10062837,1.889873,0.48103017,1.2228739,1.9245036,-0.12202676,1.7580063,0.30185243,1.5761269,1.6507543,0.30571678,1.9050946,0.16106503,0.9485416,0.39863184,-0.43447536,0.2983579,0.18898514,0.50513464,468,2.0
-0.026493382,0.13994355,0.067497715,0.49523634,0.58823186,-0.38245794,-0.035792176,2.338519,1.2921839,1.4859862,1.8330339,1.6592959,1.0746354,-0.0016757846,1.76897,0.5780927,1.1805775,1.8394079,-0.08051683,1.616106,0.3789028,1.6975163,1.4816054,0.14716962,1.8868234,0.18938635,0.7879407,0.48406783,-0.46317703,0.010071009,0.22041702,0.43252856,468,2.0
-0.021049418,0.17737873,0.0006195195,0.45943868,0.57648087,-0.35891888,-0.13608222,2.219541,1.2817421,1.5387547,1.8848785,1.6317084,1.0309414,0.018454447,1.6232259,0.6164663,1.0756838,1.671684,0.06294154,1.509724,0.38796413,1.7817856,1.2904029,0.062258475,1.7116212,0.2291916,0.76203936,0.52634627,-0.529511,-0.0561428,0.19787297,0.4337742,468,2.0
-0.043549668,0.16984868,0.08388424,0.5359704,0.5967777,-0.40086907,0.004415281,2.4831355,1.2036716,1.6567695,1.8689549,1.7294644,1.0569216,0.033002157,1.8932446,0.6733084,1.1984236,1.7980078,0.067614704,1.6353325,0.4507235,1.798279,1.5524049,0.13453391,1.7997396,0.24752876,0.8039368,0.5232823,-0.45952958,0.0007869713,0.26498473,0.50957257,468,2.0
-0.010845611,0.12172921,0.05989756,0.47407758,0.5949199,-0.37712687,0.023700722,2.273994,1.0608221,1.4073247,1.769321,1.6070371,0.9840443,-0.015256306,1.6541702,0.59876996,1.0957752,1.6535461,-0.058057845,1.5157698,0.3640688,1.629159,1.4078972,0.1667487,1.7149638,0.18992002,0.8059833,0.4187237,-0.40795237,0.03790553,0.19384131,0.4477791,468,2.0
-0.026415449,0.18697414,0.002892334,0.46990696,0.6306879,-0.40226057,-0.14890437,2.212801,1.3144033,1.5982922,2.0416846,1.7184265,1.132306,0.0854968,1.676438,0.7328809,1.0453771,1.631804,0.16038933,1.5755836,0.3822697,1.8559886,1.2927688,0.04436047,1.7296231,0.2725469,0.7014333,0.6520392,-0.7350807,-0.16202024,0.19382408,0.49153346,468,3.0
-0.0068146153,0.15375106,0.07241127,0.49403712,0.6041186,-0.36963072,0.03333796,2.227418,1.1239759,1.5862458,1.843893,1.6413108,0.8992213,0.054573506,1.6966966,0.714206,1.0545682,1.6372354,0.12489523,1.4732007,0.48223186,1.813743,1.4884547,0.04049769,1.6383349,0.26557073,0.70529723,0.54552805,-0.48505825,-0.0799462,0.30458996,0.433007,468,2.0
-0.028237922,0.09980038,0.12678738,0.46467468,0.5592434,-0.35417092,0.016285218,2.561264,0.9610846,1.2633646,1.582682,1.559499,1.045648,-0.12742312,1.8373255,0.40278238,1.1848441,1.8209225,-0.3258079,1.6862772,0.2772153,1.3771297,1.5963832,0.2929776,1.8276688,0.051745683,0.9374075,0.2693532,-0.22242603,0.29327548,0.18215442,0.45073795,468,1.0
-0.030846542,0.1202807,0.09934053,0.47089875,0.5480764,-0.36739266,-0.032614693,2.1401987,1.0937376,1.3983967,1.7536343,1.5930642,0.97335356,0.020556847,1.635849,0.5201639,1.1049063,1.614447,0.038672764,1.5145884,0.37853408,1.5590273,1.3389621,0.135293,1.5941968,0.18400013,0.70206594,0.45178258,-0.41915417,-0.0045402832,0.2321758,0.45733538,468,1.0
0.056975618,0.11834535,-0.45994928,0.07626344,0.68428934,-0.18063243,-0.8702583,0.81816685,1.1077124,0.6796386,1.103803,0.9412082,1.1327792,-0.08167052,-0.37152082,0.3290924,0.17553385,0.81185323,0.047651898,0.6684907,-0.3933266,1.0200161,0.34884465,-0.04304,0.70191044,0.15261382,0.32873264,0.16095644,-1.1654499,-0.6252616,-0.66108906,0.10201931,468,4.0
-0.02377152,0.10345945,0.15349667,0.4940739,0.6106692,-0.37195852,0.047370642,2.4860568,1.1054834,1.34796,1.6465999,1.752289,1.049553,-0.07660384,1.8707796,0.48675853,1.2387086,1.8632469,-0.1847807,1.7441417,0.3571673,1.5737644,1.5760452,0.24244738,1.8694177,0.13094562,0.8673682,0.36625254,-0.34372845,0.19932836,0.24674106,0.45857176,468,3.0
-0.0672345,0.099010184,0.09398918,0.4335804,0.5669264,-0.30156836,-0.030427556,2.1695297,1.0226253,1.2264557,1.4348948,1.5638697,0.94968146,-0.118697725,1.4228565,0.4534049,1.0254261,1.5839944,-0.24453077,1.6642209,0.18607877,1.3529121,1.3688554,0.20972809,1.7429441,0.07651564,0.9496931,0.30953386,-0.33501792,0.19003919,0.1314978,0.4863211,468,1.0
0.02747272,0.10408674,-0.19404761,0.29956952,0.65903765,-0.27049547,-0.4274488,1.5529647,1.1177372,0.83237743,1.3095852,1.3261441,1.106935,-0.11396078,0.5996928,0.33339733,0.71959144,1.3591896,-0.1671617,1.2062263,-0.13716285,1.1590238,0.99924845,0.14429615,1.2835186,0.07420465,0.67451704,0.11277386,-0.7393636,-0.1859788,-0.2677788,0.21000035,468,2.0
-0.02151896,0.17090423,0.06003013,0.518308,0.62325144,-0.4034213,-0.06575492,2.3904622,1.3068649,1.6184953,1.9585147,1.7484605,1.1440551,0.01791022,1.805298,0.6364329,1.2033968,1.9191866,-0.030000933,1.6907105,0.4031618,1.816542,1.5311207,0.11872777,1.90171,0.1965693,0.8118041,0.5219112,-0.51472855,-0.02726677,0.23662388,0.47406605,468,3.0
-0.031385615,0.1467388,0.11247659,0.48086333,0.5565921,-0.37944135,0.05501719,2.330461,1.1228082,1.507823,1.7348609,1.650747,0.93918365,0.025693059,1.8990781,0.6300446,1.1662209,1.6941965,-0.01800865,1.5837456,0.47447222,1.6872001,1.4778719,0.11634359,1.7393116,0.17045438,0.7643883,0.4820706,-0.40839064,0.037765227,0.34742656,0.45619303,468,3.0
-0.09757328,0.08546035,0.11940558,0.43363845,0.49052888,-0.35904068,0.01869025,2.70627,0.9017318,1.3555156,1.3911883,1.4828699,0.9902779,-0.23119767,1.7095183,0.27900338,1.1587951,1.9028876,-0.47501165,1.8809229,0.11750881,1.1520431,1.5444045,0.40402925,1.8563757,0.05127665,1.0294865,0.16843155,-0.10608436,0.36054137,0.091372766,0.40935403,468,1.0
-0.048247743,0.09583615,0.09594025,0.48897144,0.5426849,-0.37210748,-0.04325059,2.470781,1.0399674,1.2031506,1.4709936,1.7063714,1.0355196,-0.13431115,1.7776369,0.35114914,1.1753703,1.8898855,-0.20926717,1.7149086,0.2158044,1.3372836,1.605355,0.37887228,1.8126432,0.11750708,0.95094067,0.31389606,-0.342102,0.3737769,0.14944318,0.45328602,468,1.0
-0.038271684,0.19231983,0.12932469,0.54016906,0.56524277,-0.404644,0.06020215,2.4269302,1.247192,1.7230846,1.9016691,1.7068199,0.96516174,0.064718194,2.0531247,0.7135051,1.2408527,1.7943822,0.067586035,1.6984763,0.5391152,1.8433254,1.502915,0.08887689,1.8541931,0.21023475,0.77427864,0.61986434,-0.41877693,0.02991781,0.39328298,0.4953846,468,3.0
0.01604027,0.1117799,-0.55187476,0.08998866,0.86536777,-0.23873892,-0.9882609,1.0503031,1.2313423,0.66058517,1.0390469,1.1134154,1.3041133,-0.12305639,-0.2183942,0.12068417,0.25889322,1.1382468,-0.21121171,0.66816735,-0.65534645,0.644337,0.48735708,0.13470954,0.8373059,0.070540115,0.45455652,-0.068332076,-1.1780528,-0.57252234,-0.8850145,-0.014306685,468,4.0
-0.033811692,0.1499174,0.04988083,0.47296047,0.6025389,-0.37314197,-0.027532652,2.3410733,1.1857331,1.4492127,1.7824166,1.6575998,1.0406985,0.0036596935,1.7848547,0.62911576,1.1250196,1.709164,-0.051987097,1.639651,0.40134606,1.6753556,1.4845898,0.13269347,1.7496852,0.1656185,0.7884039,0.43259823,-0.4812281,0.008627333,0.24825397,0.44114095,468,1.0
0.019020442,0.1691914,-0.08456281,0.4028138,0.69468594,-0.32887223,-0.2805621,2.0732098,1.3062004,1.316442,1.6710018,1.5451549,1.1441286,-0.02939185,1.187322,0.5823647,0.8727991,1.6489569,-0.021568757,1.4564776,0.18611892,1.6801257,1.3239892,0.08634192,1.5823061,0.13361643,0.75250185,0.38541678,-0.70202816,-0.17346859,0.02149202,0.33569345,468,3.0
-0.022629153,0.09773238,0.098998204,0.4690094,0.6223441,-0.3424667,-0.024283692,2.5910447,1.0104525,1.2820418,1.6892976,1.6219034,1.119851,-0.12693581,1.8273938,0.3992247,1.2117963,1.9023631,-0.32424158,1.7389126,0.23167539,1.4193298,1.6602271,0.30998346,1.8573757,0.023003254,0.95238,0.21286958,-0.25922447,0.25062492,0.12685686,0.4504606,468,1.0
-0.05442758,0.1550875,0.115853354,0.42309543,0.48650593,-0.3861245,0.025692567,2.1050422,1.0629805,1.5653667,1.7977612,1.3467671,0.84485024,0.12830237,1.8344646,0.67053866,1.0622598,1.5167108,0.16838215,1.3239049,0.43771762,1.7926483,1.3296808,0.067304835,1.5261362,0.25602108,0.58672214,0.5608347,-0.4772597,-0.09197927,0.28892016,0.46507767,468,2.0
0.0079571325,0.100864366,-0.28642917,0.25897086,0.6657214,-0.26749566,-0.5747523,1.5097407,1.1628544,0.8822156,1.3409269,1.3098526,1.1507449,-0.078398876,0.5214964,0.37655473,0.60772455,1.237025,-0.06600037,1.1567701,-0.18054037,1.1838077,0.83126795,0.10311903,1.2033794,0.11738176,0.5961555,0.17938924,-0.8550016,-0.3636101,-0.36494458,0.22292662,468,4.0
0.034647424,0.10359675,-0.51518095,0.036224104,0.72254014,-0.15550438,-1.0087675,0.5430631,1.1014991,0.42504346,0.8758626,0.89182854,1.061285,-0.102367915,-0.6164428,0.27329805,0.12401208,0.76554143,0.034405883,0.48221818,-0.5605889,0.7553897,0.19599983,0.022291083,0.5683382,0.109546654,0.33246535,0.0050345026,-1.1479217,-0.68951136,-0.863828,0.040355153,468,4.0
0.011966487,0.1859655,-0.075867295,0.38824213,0.6160248,-0.33176333,-0.27438068,1.9944557,1.2910638,1.5183699,1.797543,1.498059,1.0411766,0.054781035,1.2545745,0.6193944,0.8951492,1.5530839,0.12164155,1.3063494,0.26904237,1.6731646,1.0745223,-0.01472386,1.5000297,0.22838,0.62481856,0.5329516,-0.7478517,-0.2889739,0.040914327,0.37171125,468,3.0
-0.01323404,0.15370908,0.1285367,0.5034665,0.61162996,-0.3902704,0.026877746,2.4128242,1.0553318,1.4915829,1.6612937,1.6841471,1.0282503,-0.07075529,1.7584217,0.56214774,1.1647859,1.8263847,-0.16973719,1.7348179,0.4028463,1.7016839,1.5647043,0.23273197,1.7973096,0.11696987,0.8175053,0.400879,-0.3290397,0.15504038,0.26371557,0.48850706,468,3.0
-0.012999526,0.12860806,0.06797412,0.48651722,0.5669645,-0.37014088,0.0075465366,2.2079332,1.1218863,1.4641079,1.7061886,1.6014607,0.91922414,0.0037998278,1.6457245,0.61758554,1.0665696,1.6456798,0.012270469,1.5048053,0.40784135,1.6965022,1.4289427,0.115573876,1.6317424,0.19733633,0.7585614,0.46436897,-0.39093286,-0.009206384,0.26870167,0.39659128,468,2.0
-0.027968923,0.10595693,0.06948961,0.43574733,0.5395983,-0.3545825,-0.034028273,2.203729,1.1851273,1.3074408,1.5998279,1.542922,0.9528515,-0.042642586,1.580053,0.45954967,1.0628512,1.6696507,-0.16990912,1.5214168,0.29098094,1.4789648,1.3945112,0.1662066,1.7471249,0.14121908,0.7816126,0.361892,-0.3848707,0.055327147,0.16747445,0.36422718,468,2.0
-0.024456851,0.13719021,0.081422,0.51723015,0.5829081,-0.39525935,0.013018064,2.3591714,1.1880797,1.5219604,1.791553,1.6573393,1.0321933,0.016796645,1.8165567,0.6561793,1.1259272,1.7661176,0.04271527,1.6390958,0.429485,1.7518867,1.4711169,0.11285365,1.7586459,0.23166887,0.7928159,0.47720882,-0.49439985,0.03266319,0.22793013,0.5099631,468,2.0
-0.0034656492,0.19610815,-0.080706105,0.45601732,0.6736908,-0.37212816,-0.21207328,2.2271824,1.4056307,1.4834256,1.919473,1.6887339,1.2107495,0.036681518,1.4851258,0.6689026,1.0275958,1.7299192,0.04133368,1.5541444,0.2872995,1.8043034,1.3358567,0.091316015,1.76061,0.19951794,0.7819974,0.48749366,-0.72499746,-0.21764755,0.11292454,0.4255496,468,4.0
-0.021388749,0.14983508,-0.018752135,0.44398436,0.6317128,-0.3653204,-0.14744647,2.1955557,1.2265449,1.4026161,1.7814214,1.6094066,1.1020439,-0.010348568,1.4713477,0.54173845,1.0650029,1.6566036,-0.08268919,1.5772699,0.24689136,1.5566465,1.3296618,0.16936728,1.7607049,0.17459127,0.7987573,0.39689583,-0.59292185,-0.06373318,0.09296784,0.40960288,468,3.0
-0.038963072,0.099349156,0.12909946,0.4859394,0.55620885,-0.36003393,0.050891235,2.4448109,1.1030295,1.3959827,1.6565149,1.6663814,0.94383305,-0.055761352,1.9375758,0.4615478,1.239929,1.7792294,-0.14323862,1.6947861,0.39072233,1.5148286,1.5248821,0.21360573,1.8219876,0.13758609,0.8735731,0.3971596,-0.24933079,0.24639249,0.27403584,0.42339987,468,3.0
-0.015299183,0.17996499,0.032671403,0.41884056,0.49202424,-0.34282076,-0.050003298,2.0599837,1.1367611,1.5060087,1.829682,1.4156152,0.88240784,0.07942239,1.6034805,0.66594386,1.0055121,1.4786375,0.121500164,1.3008239,0.40874395,1.7225863,1.1361481,0.004869368,1.5329574,0.23986803,0.62903714,0.5657284,-0.52082205,-0.10810556,0.26587278,0.44118106,468,2.0
0.02174062,0.1181051,-0.5240329,0.038533486,0.76156926,-0.18313047,-1.0126035,0.73855036,1.2012205,0.5545007,1.0915182,0.9866829,1.198462,-0.118681826,-0.46124548,0.28529143,0.21298957,0.88490176,0.02221784,0.65818214,-0.5408722,0.8760494,0.28790072,0.008056231,0.7079321,0.1357783,0.35416988,0.06264942,-1.2045928,-0.70137066,-0.79108405,0.07132438,468,4.0
-0.035620634,0.10352333,0.058815423,0.50419885,0.5695546,-0.36710608,-0.059941508,2.4659295,1.0890895,1.2867085,1.5706483,1.7309779,1.0990975,-0.10031568,1.7146235,0.4218024,1.1182064,1.8281382,-0.15328671,1.699852,0.20858654,1.4133868,1.5634259,0.3338258,1.804692,0.14784081,0.93845713,0.34534723,-0.42675364,0.28872937,0.10377047,0.45575777,468,2.0
-0.012739778,0.11379391,0.04399464,0.50451016,0.5913086,-0.36995715,4.814565e-05,2.2160902,1.0767729,1.3398402,1.6437,1.6936985,1.0472548,-0.03797146,1.5837843,0.5267016,1.1287124,1.7400526,-0.1838395,1.633577,0.29514536,1.6456102,1.4743948,0.21803111,1.7666888,0.11679515,0.8492333,0.3765868,-0.37453747,0.11061962,0.18265516,0.4172551,468,1.0
-0.047146898,0.13531387,0.12967664,0.4916781,0.56141144,-0.38297665,0.054225102,2.4628353,1.0731776,1.4996443,1.7272636,1.6761063,0.9386459,-0.036038302,1.9356719,0.5312534,1.2224805,1.7657955,-0.14557017,1.7154201,0.40433115,1.6236796,1.5701556,0.22138765,1.8423034,0.11540435,0.8359595,0.4140555,-0.30765608,0.17279153,0.28768831,0.46460465,468,2.0
-0.053735826,0.16060443,0.105777726,0.5287848,0.5615668,-0.39221397,0.003627196,2.402282,1.2113069,1.6150991,1.8496941,1.6671768,1.0317165,0.04044486,1.8834784,0.66070384,1.1382565,1.7226222,0.07111721,1.6125209,0.47321293,1.7149876,1.4420859,0.089144655,1.7935576,0.23399396,0.80023175,0.51183957,-0.4542641,0.010136522,0.26767984,0.52438915,468,1.0
-0.032240324,0.10648154,0.12950455,0.46265393,0.59152657,-0.36337164,0.021334805,2.426967,1.039724,1.3476089,1.5596085,1.6348238,0.97178775,-0.07102116,1.7550406,0.44248468,1.1899154,1.7599403,-0.16669692,1.6652228,0.32338828,1.4581422,1.5166744,0.24216884,1.746001,0.12643377,0.85887516,0.35133326,-0.29014295,0.17916259,0.19154164,0.43335858,468,1.0
-0.047298975,0.113006234,0.11247514,0.44483203,0.48172772,-0.3363517,-0.017804928,2.168185,0.9249925,1.179638,1.4721432,1.5046285,0.87795186,-0.05710061,1.6993979,0.43714702,1.0716792,1.6538161,-0.084911816,1.5494907,0.34405696,1.3621371,1.3471866,0.23934492,1.6255152,0.16709162,0.74448025,0.42402002,-0.33462745,0.17481345,0.25275427,0.3928642,468,3.0
-0.040739786,0.15334496,0.015797522,0.5041621,0.6064775,-0.38703376,-0.17712855,2.2880216,1.2040651,1.5215377,1.877629,1.8065199,1.1796595,0.023670163,1.6371291,0.68435055,1.0646865,1.7247117,0.11133775,1.631144,0.27827787,1.7106396,1.3898362,0.14229327,1.6900247,0.2530761,0.7858942,0.5985419,-0.5925602,-0.018895969,0.10412217,0.5253487,468,3.0
-0.016682453,0.13127367,0.10337494,0.44340914,0.5452744,-0.3434468,-0.02305394,2.208732,1.1394457,1.3638248,1.6643237,1.3774137,0.9586801,-0.024687203,1.763489,0.5213858,1.0464737,1.5066034,-0.08529825,1.5259327,0.32039776,1.5988493,1.3794113,0.18984827,1.7364247,0.20872915,0.7387985,0.4009985,-0.41483647,0.13960949,0.21292731,0.41970903,468,1.0
0.036158945,0.10212442,-0.4603128,0.087246634,0.73163694,-0.18480924,-0.9353737,0.82579356,1.1212202,0.5294329,1.018917,0.9734013,1.1664063,-0.1253862,-0.4210676,0.2727221,0.2615484,0.88811225,-0.039484784,0.68614006,-0.5328661,0.8598876,0.37425184,0.027693706,0.72365785,0.10417854,0.36902848,-0.0039993823,-1.1553433,-0.6281254,-0.78385425,0.091226086,468,4.0
0.06512946,0.11215697,-0.5546582,0.03163465,0.74228346,-0.1673782,-1.0629687,0.55805635,1.1035972,0.49879596,0.97523063,0.8818612,1.1924618,-0.12832841,-0.68254405,0.30840483,0.07360129,0.7120601,0.06062765,0.5384521,-0.5694836,0.90003884,0.14907321,-0.064360276,0.5591396,0.1610173,0.26024324,0.04770405,-1.2969034,-0.75584567,-0.90802884,0.036802627,468,4.0
0.039211683,0.114800096,-0.53285813,0.059891354,0.7856547,-0.16727337,-1.0280379,0.728033,1.2116195,0.55230045,1.0839219,1.0203756,1.1972146,-0.14956377,-0.5225575,0.21653123,0.20755708,0.8589403,-0.119319275,0.64794874,-0.5764454,0.8012271,0.310635,0.021757146,0.6828764,0.09451044,0.3434261,0.009164274,-1.2218438,-0.69972795,-0.8162892,0.045742802,468,4.0
0.00424777,0.12661214,-0.11244433,0.36485827,0.6737152,-0.32480982,-0.33844703,1.9778749,1.208306,1.1683198,1.5650457,1.4527972,1.1331986,-0.06605746,1.048401,0.4344566,0.89963615,1.5327091,-0.11227693,1.3936859,0.042807564,1.4088106,1.2145131,0.1210051,1.5148367,0.099543355,0.71283025,0.26671118,-0.7017163,-0.1910888,-0.09237873,0.28889528,468,4.0
0.030991048,0.110976145,-0.4963945,0.09416673,0.75075364,-0.19849187,-0.91147196,0.83934206,1.1705502,0.5933088,1.066581,1.0352273,1.2288091,-0.10829704,-0.37644768,0.3106671,0.2618168,0.9085175,-0.0056191124,0.7239135,-0.5241759,0.89063853,0.34413886,0.009939861,0.77766746,0.1298833,0.3977243,0.036961734,-1.1833572,-0.6483524,-0.79516065,0.13092694,468,4.0
0.042354044,0.13381019,-0.34539717,0.17740692,0.62092507,-0.22280979,-0.71063936,1.1835102,1.1252155,0.8609141,1.2617708,1.0860577,1.074358,-0.0775195,0.051813383,0.35708088,0.37029755,1.0172732,0.030166779,0.8171874,-0.23551767,1.1626738,0.56110954,-0.0014254339,0.9094221,0.11856863,0.4637613,0.19849196,-1.0058081,-0.48243698,-0.470528,0.19316067,468,2.0
-0.031303845,0.15909617,0.104812235,0.48853514,0.56274235,-0.39551783,0.029422924,2.3792648,1.1336597,1.5755829,1.7842289,1.6279045,0.97375244,0.050458632,1.8629164,0.6390789,1.185889,1.7403975,0.002108384,1.6064619,0.46750608,1.6946108,1.4559606,0.11938921,1.7904198,0.2059415,0.797232,0.52356035,-0.40322697,0.028128227,0.3112477,0.46742716,468,2.0
-0.014948973,0.20237492,0.0021567345,0.47093865,0.61818236,-0.36678463,-0.14926922,2.3398707,1.3334266,1.6258194,2.0343628,1.7250903,1.0764436,0.05197554,1.6858822,0.6955965,1.1165117,1.7675399,0.08631407,1.5459063,0.4026982,1.9094629,1.2723833,0.02681129,1.7951179,0.2206329,0.7385044,0.5733111,-0.60156566,-0.1634919,0.20232794,0.47109202,468,2.0
-0.0017072727,0.16077773,0.07828683,0.51304716,0.55186313,-0.37434217,0.021791376,2.1727886,1.1095253,1.5632863,1.8018303,1.5357609,0.89604014,0.054574706,1.6823121,0.67876154,1.0395473,1.6389576,0.11021724,1.4344909,0.4873968,1.773447,1.3917519,0.053471424,1.6052291,0.2325107,0.70482737,0.49922416,-0.40951532,-0.058685414,0.32371354,0.41414478,468,3.0
-0.0049269493,0.19011156,-0.06372612,0.4276665,0.59317726,-0.34703147,-0.22373758,2.0694926,1.3313572,1.5618545,1.8450274,1.5942838,1.0361711,0.06263854,1.4028716,0.6412344,0.9513946,1.6123593,0.1323836,1.3754312,0.34214976,1.7419144,1.1292313,0.0067432337,1.5957608,0.24466503,0.671845,0.5589568,-0.6706812,-0.2162613,0.108435445,0.39493164,468,3.0
0.048479684,0.09286034,-0.50568956,0.057773903,0.75388104,-0.18212008,-0.9592762,0.7170452,1.074765,0.435902,0.92036194,0.952508,1.1139741,-0.11835433,-0.4015959,0.24752676,0.14441012,0.79136765,-0.06767861,0.628773,-0.49979612,0.78903747,0.3108313,0.044730145,0.6573552,0.09593473,0.32590652,0.004585456,-1.1528507,-0.6357384,-0.7673728,0.026756672,468,4.0
0.008646204,0.11608209,-0.4987206,0.08862812,0.7330349,-0.20798615,-0.8976283,0.76585805,1.1942208,0.6376554,1.0267351,0.968355,1.1706272,-0.08597087,-0.43459904,0.27894604,0.22246946,0.91216326,0.01858303,0.60652846,-0.5260545,0.88955474,0.3307592,0.03189739,0.74932104,0.11826841,0.36714208,0.059288375,-1.1963022,-0.69951,-0.8169776,0.119755626,468,4.0
-0.028460743,0.02077081,0.02407587,0.4330498,0.5639164,-0.31183115,-0.09618757,2.5164173,1.0032759,1.0240871,1.1863291,1.6320674,1.0479064,-0.22159688,1.4654647,0.16192096,1.0729935,1.7231445,-0.3973601,1.5865756,0.0069923643,1.0460228,1.4809724,0.4974418,1.7069975,0.034531053,1.039866,0.022568468,-0.30408067,0.4082074,-0.080759734,0.3826351,468,2.0
0.044294775,0.14456779,-0.62037796,0.060977396,0.7541857,-0.16792394,-1.1075186,0.51825964,1.1340113,0.47642353,0.9237359,0.97858363,1.182811,-0.10094734,-0.74199694,0.26840782,0.07647,0.7702488,-0.013846869,0.42362309,-0.5729897,0.734682,0.19732991,-0.024206802,0.59441346,0.11855738,0.3051871,0.020735677,-1.3195184,-0.8017816,-0.9046315,0.00015796721,468,4.0
-0.01758775,0.15399799,0.063537866,0.46843392,0.5932558,-0.3788806,-0.03671775,2.2549953,1.2517519,1.4706317,1.8179015,1.6062181,1.0556846,0.009348528,1.703807,0.6137,1.1076319,1.7755119,-0.020225652,1.6013443,0.37605545,1.7309109,1.4971387,0.10297157,1.7584392,0.17565669,0.7332852,0.48600826,-0.5198254,-0.025338762,0.2372733,0.43582773,468,3.0
0.013332115,0.14620027,-0.42588747,0.17858972,0.7120616,-0.23223153,-0.78407073,1.0766906,1.3157103,0.8705797,1.3209757,1.1422746,1.2368954,-0.048454106,-0.03526267,0.41088992,0.32630426,1.063111,0.050000627,0.895915,-0.3583693,1.1733227,0.49919128,0.080612764,0.9435292,0.15501831,0.4737908,0.1791887,-1.14517,-0.5414073,-0.5808658,0.11955292,468,4.0
-0.042468674,0.1297151,0.07690731,0.4193717,0.52763,-0.33747965,-0.054630324,2.1027937,1.0413907,1.3157293,1.588737,1.4519197,0.8270617,-0.0032601785,1.5366316,0.5649059,1.0114187,1.4861903,-0.062706776,1.530594,0.33888048,1.5356351,1.276194,0.13874859,1.5962509,0.15658066,0.7417989,0.42283738,-0.4544025,0.028814273,0.2392309,0.43874288,468,1.0
-0.011017224,0.15042403,0.02698217,0.50487,0.58817977,-0.38512233,-0.064091794,2.258289,1.1816182,1.4867693,1.7903663,1.6260784,1.0615878,-0.008290665,1.5900265,0.5775667,1.038282,1.7623892,-0.04385914,1.5843112,0.32931373,1.7370259,1.45796,0.1655465,1.7096466,0.16579883,0.8346122,0.44118044,-0.43934852,-9.473413e-06,0.20369717,0.39788514,468,3.0
-0.034592163,0.09382169,0.088854045,0.52023137,0.55046487,-0.36073196,-0.04858183,2.4284732,1.108997,1.3256586,1.6146386,1.7511253,1.0508741,-0.093973376,1.7559361,0.43075854,1.135353,1.8486261,-0.15751831,1.7347074,0.21395274,1.5250435,1.5807899,0.3287909,1.8035774,0.14494176,0.94753593,0.37880895,-0.44561088,0.28107965,0.14192641,0.4980258,468,2.0
-0.037852995,0.15802503,0.046164077,0.45589727,0.62491006,-0.38394877,-0.05692029,2.420241,1.1707255,1.5119827,1.8450462,1.6937798,1.1038457,-0.025844065,1.6226809,0.62513816,1.0942156,1.701824,-0.12366496,1.6753348,0.31704468,1.7363839,1.4361163,0.13362622,1.8262035,0.19115815,0.8721528,0.43036038,-0.4763062,0.03959381,0.16639909,0.47711244,468,3.0
-0.044156317,0.16884284,0.084420204,0.5022247,0.5300685,-0.39733168,0.045914426,2.3151689,1.184893,1.6209412,1.8326696,1.5879983,0.9669989,0.08517642,1.9285215,0.74217194,1.1060069,1.6556729,0.100438684,1.583322,0.54738647,1.797046,1.477627,0.06292678,1.7406299,0.2310217,0.7297684,0.5435382,-0.4825009,0.013331559,0.35416746,0.51352566,468,2.0
-0.013861648,0.18783122,-0.032620244,0.44399852,0.6502618,-0.39381087,-0.15000063,2.2121477,1.3115605,1.5815785,2.0014064,1.6944728,1.1686229,0.065087505,1.56286,0.7353248,1.0426775,1.6160523,0.093376726,1.5840276,0.32825825,1.8988824,1.224979,0.055801526,1.7522141,0.2520317,0.72440505,0.56811315,-0.7263676,-0.17669219,0.15073392,0.45959598,468,2.0
0.022756862,0.15842265,-0.44034192,0.13730519,0.6853013,-0.22782639,-0.80635756,0.9140629,1.2240887,0.8297088,1.2480308,1.0963063,1.1763645,-0.018232128,-0.12971033,0.40118366,0.31447455,0.9753657,0.1422487,0.74560076,-0.3660811,1.082495,0.49074605,0.047074024,0.85216814,0.17069314,0.378316,0.19835314,-1.1034175,-0.6021312,-0.6117617,0.13751562,468,4.0
-0.0006280306,0.10642873,0.073203325,0.50322545,0.6533256,-0.33186185,-0.11094338,2.483122,1.1184518,1.3815476,1.6918814,1.6483313,1.1090877,-0.054970294,1.703847,0.43925017,1.2300204,1.8499771,-0.22687522,1.620427,0.22962943,1.4043726,1.5908862,0.25924245,1.8672925,0.08449692,0.85781515,0.24777627,-0.39405322,0.14787105,0.057694092,0.42110872,468,1.0
0.008698664,0.15356967,-0.114680424,0.33776912,0.5806974,-0.2862653,-0.33816546,1.719998,1.1814846,1.2788285,1.590141,1.3967638,0.9752707,0.030282369,0.98893034,0.5422818,0.7636046,1.397123,0.07618275,1.1845285,0.17547818,1.5155702,0.86613584,0.016006645,1.3497896,0.17969422,0.5535983,0.4167156,-0.72146654,-0.28435734,-0.04058733,0.321611,468,2.0
0.027939953,0.11101192,-0.1514502,0.29200515,0.61509526,-0.26301017,-0.4008879,1.6655533,1.0297397,0.90206444,1.2746236,1.2850256,1.0484847,-0.09160772,0.6932287,0.35006404,0.7430604,1.333914,-0.16146348,1.1809485,-0.061028153,1.042618,0.97417104,0.16097072,1.2418133,0.06479557,0.6483059,0.12089025,-0.6798061,-0.14864156,-0.234534,0.23366812,468,1.0
-0.046626262,0.15349072,0.10242152,0.48108277,0.51165307,-0.36221927,-0.0120835975,2.2823577,1.0690614,1.4072539,1.6745639,1.5992285,0.9126443,-0.01584761,1.7916312,0.5490942,1.1256549,1.7641647,-0.020870216,1.6228515,0.39156103,1.6149442,1.4365802,0.2211245,1.7460655,0.19169658,0.8197652,0.51633453,-0.4159667,0.12742797,0.29456264,0.47874898,468,3.0
-0.0019691908,0.074108735,-0.3017125,0.25559008,0.7050387,-0.27075085,-0.578408,1.4253663,1.1758153,0.53901756,1.1081259,1.3217756,1.1831623,-0.19268832,0.38829458,0.17740595,0.6422424,1.3511794,-0.29006407,1.1076522,-0.3844447,0.8424798,0.8379909,0.23269454,1.2711823,0.027930103,0.76012117,0.02435759,-0.7957442,-0.13680083,-0.5663511,0.20250934,468,4.0
-0.015197854,0.1243097,0.103961974,0.49156803,0.6276921,-0.3460194,-0.044832375,2.5708702,1.0619906,1.2569813,1.7339597,1.7076604,1.0857993,-0.13927183,1.7087822,0.42764783,1.185662,1.9159117,-0.26064244,1.7463226,0.24387178,1.5540007,1.5448989,0.27941233,1.8913767,0.066520154,0.91071796,0.23748544,-0.2942184,0.26115817,0.093034595,0.4457997,468,2.0
0.029381042,0.07463741,-0.27048182,0.20729211,0.67795056,-0.2240471,-0.5970656,1.4264584,1.1071631,0.663551,1.1673143,1.0886796,1.0988573,-0.17073174,0.30762792,0.19842227,0.5437342,1.1248742,-0.22154008,1.009423,-0.35130593,0.929024,0.8205509,0.17959034,1.0831947,0.03522927,0.60514903,-0.0072333626,-0.8483159,-0.17649487,-0.4765613,0.15746775,468,4.0
-0.008536876,0.20084353,0.05103838,0.41586852,0.46853155,-0.35146177,-0.044617802,1.9565425,1.0950714,1.5108509,1.7101033,1.190341,0.83715874,0.14659917,1.5896971,0.73726267,0.93703204,1.2121432,0.20594196,1.1691079,0.44290894,1.7481462,1.1348515,-0.0067902207,1.4722681,0.31687513,0.5518005,0.6063836,-0.55852276,-0.12409838,0.32434413,0.44134113,468,2.0
-0.05348581,0.09884521,0.12198195,0.5169712,0.6060875,-0.38012412,0.036508,2.4693716,1.1187109,1.3963406,1.6995054,1.704675,1.071816,-0.10361854,1.9548866,0.47236294,1.2650737,1.9486504,-0.14777252,1.7794183,0.35040164,1.6050345,1.65033,0.2821087,1.9432154,0.16400538,0.94200134,0.37171957,-0.37052584,0.3035297,0.22565278,0.4914499,468,3.0
-0.034788072,0.12962703,0.13055491,0.42842865,0.54151314,-0.3250239,-0.0025847182,2.426383,0.94308007,1.2432476,1.5240716,1.4179648,0.92709094,-0.12402073,1.5661665,0.43551564,1.0427662,1.569744,-0.22051857,1.6180454,0.31774628,1.4151926,1.4247627,0.23809749,1.661687,0.1132265,0.75566185,0.2840373,-0.23367175,0.29557064,0.17054841,0.3868522,468,1.0
0.038661916,0.12810068,-0.32099435,0.20570642,0.66082466,-0.24305555,-0.64626145,1.3429968,1.1582993,0.94447637,1.2284049,1.1848686,1.1202587,-0.07635455,0.24429193,0.32746482,0.49977934,1.1798661,-0.044731922,0.92473984,-0.23050652,1.0611727,0.7336288,0.095317334,1.0643897,0.118817925,0.53541315,0.16351002,-0.90740824,-0.37722296,-0.46431893,0.18856877,468,3.0
0.05114413,0.12998731,-0.5557074,0.088067375,0.76525515,-0.16565223,-1.0792884,0.7133609,1.2245588,0.55355734,1.0596749,1.0024812,1.2119577,-0.1716375,-0.61813587,0.22917265,0.17419125,0.8029822,-0.13075507,0.6340419,-0.57804614,0.8756739,0.3430534,0.0053157546,0.64738667,0.08379913,0.34548423,0.0017132573,-1.298008,-0.6996835,-0.85644597,0.050832182,468,4.0
0.03855187,0.13261303,-0.5310563,0.12212976,0.72182816,-0.17821696,-1.0003536,0.7527034,1.2066529,0.6785902,1.0756502,0.99473834,1.1975362,-0.08821822,-0.5922863,0.27676168,0.15988204,0.82399064,-0.011870641,0.58203757,-0.52737653,0.9153701,0.44014496,0.043990746,0.7121973,0.13902242,0.3552995,0.017434992,-1.2652478,-0.683629,-0.8054713,0.06844718,468,4.0
-0.03233335,0.15464821,0.1177894,0.5097928,0.5841868,-0.3892825,0.00083065033,2.3721726,1.1765963,1.5537094,1.8157867,1.6824346,1.0018402,0.021328354,1.8195664,0.63291353,1.1697787,1.7746447,-0.0031939968,1.6067809,0.44331193,1.6924647,1.5198905,0.14006099,1.7685392,0.20665671,0.766005,0.4851484,-0.4295618,0.029121391,0.28939867,0.45728502,468,2.0
-0.031491265,0.11274044,0.109283745,0.46708414,0.533189,-0.3663054,0.026450075,2.3734746,1.0659846,1.4396911,1.6851188,1.4654533,0.9445452,-0.00061671995,1.9492372,0.5112632,1.150991,1.7478878,-0.0590278,1.549844,0.39472145,1.5766524,1.4907522,0.19937092,1.7086922,0.1742569,0.7931884,0.4167781,-0.34343088,0.13425583,0.2246139,0.44812474,468,1.0
-0.044886272,0.110898286,0.05625623,0.420717,0.57596743,-0.33071434,-0.082480624,2.1623242,1.0401822,1.187136,1.4782953,1.4791244,0.99683833,-0.11748453,1.3874438,0.38450372,1.0614668,1.535438,-0.27592167,1.6359494,0.18220095,1.2305717,1.3333999,0.31294435,1.738381,0.08889412,0.8852693,0.24485725,-0.38061154,0.17294058,0.07361911,0.39580688,468,2.0
0.06188865,0.11793172,-0.493839,0.06831133,0.71631676,-0.16744867,-0.8743134,0.7292938,1.0838087,0.62026787,1.1323473,0.8491665,1.184693,-0.12319372,-0.42280507,0.31318945,0.122931644,0.6504628,0.1138255,0.7184708,-0.4424112,0.9627706,0.35882258,-0.051725082,0.56549656,0.20604046,0.3418418,0.19604924,-1.1962471,-0.6422126,-0.69542634,0.13307089,468,4.0
0.017917575,0.14025952,-0.36271027,0.1859809,0.675655,-0.23844525,-0.7140763,1.1265856,1.2223691,0.8693596,1.2571242,1.168987,1.1765307,-0.040440165,0.09557928,0.39475912,0.4103096,1.1188343,0.061556283,0.90544385,-0.2854405,1.0716639,0.5461267,0.0610139,0.9699615,0.15322517,0.4196913,0.19259381,-1.0457985,-0.49497065,-0.5218238,0.18562602,468,4.0
0.014383069,0.0782678,-0.066794395,0.35982993,0.64012915,-0.28692773,-0.31214064,2.0592403,1.0214914,0.9887049,1.3922311,1.371038,1.1205456,-0.15591602,1.0507237,0.27016285,0.883486,1.4878421,-0.30805278,1.3651357,-0.054391667,1.1196504,1.306093,0.24747887,1.4595348,0.013615346,0.8004125,0.109786905,-0.5368692,0.071187116,-0.18315381,0.3105569,468,1.0
0.0043534655,0.08745073,-0.41665387,0.050082315,0.6654026,-0.20444486,-0.7668647,0.88107115,1.0468745,0.47448042,1.0257177,0.96973574,1.0876578,-0.107704364,-0.10594973,0.30552584,0.2653848,0.7744736,0.03750557,0.748649,-0.40396982,0.8340891,0.3270314,-0.0072062835,0.6936102,0.098133124,0.4180166,0.104870014,-0.9856558,-0.49151698,-0.61238265,0.113933004,468,4.0
-0.019341327,0.119913384,0.05396429,0.4753506,0.632899,-0.35911083,-0.12005862,2.4736602,1.1327796,1.3518385,1.7093458,1.7692459,1.125364,-0.10460045,1.6879673,0.4123813,1.1832199,1.7733918,-0.18738751,1.6796111,0.25695467,1.4067659,1.5575504,0.2666958,1.7919782,0.120204546,0.91668165,0.32480365,-0.37400222,0.15137085,0.07761218,0.41977996,468,1.0
-0.004039578,0.10892163,-0.021595394,0.4020603,0.6302506,-0.32180905,-0.20021923,1.9841003,1.0708331,1.1160908,1.4889644,1.560629,1.0550079,-0.0885003,1.2073253,0.38140637,0.9852579,1.5994291,-0.21223257,1.4459422,0.12099268,1.3403848,1.3256667,0.20247445,1.578948,0.073861726,0.771972,0.25268784,-0.4922545,0.051654756,-0.0037522577,0.32292154,468,1.0
0.004204168,0.13317658,-0.073346585,0.35750586,0.59361345,-0.2844968,-0.29517943,1.7900982,1.1196883,1.1349759,1.5073389,1.4235216,1.0172745,-0.07141453,1.037454,0.45096463,0.8090528,1.4309897,-0.072538495,1.2770395,0.121842586,1.4027647,0.99884874,0.13253108,1.389063,0.115914814,0.66157866,0.2956423,-0.6004111,-0.1047677,-0.052961946,0.33862203,468,1.0
-0.039053023,0.16047695,0.10528369,0.49586514,0.58115005,-0.39799538,-0.0074526966,2.4343307,1.118385,1.6411947,1.847734,1.7166932,0.995919,0.066826016,1.8290168,0.7008098,1.0627477,1.6751735,0.08326812,1.6380446,0.4406367,1.7452098,1.4474478,0.111089386,1.7383589,0.26419136,0.7528154,0.58876556,-0.54546344,-0.010334097,0.2831597,0.53326017,468,3.0
0.044351704,0.08786309,-0.46526513,0.055015255,0.7086662,-0.17625791,-0.94226664,0.7216909,1.0487472,0.41555932,0.9309286,0.80865926,1.0375206,-0.14936279,-0.4491027,0.23520759,0.10702036,0.73921233,-0.0463095,0.6459754,-0.5387586,0.81795293,0.26076066,-0.010560408,0.6106906,0.11355766,0.37261298,0.0006611608,-1.1106685,-0.58129907,-0.78406644,0.014036929,468,4.0
0.018857159,0.12156275,-0.11419396,0.35364112,0.6896741,-0.31035364,-0.34945744,1.9460008,1.1700108,1.0563775,1.461355,1.5116365,1.1640122,-0.10711662,0.9517507,0.43006378,0.8313146,1.5540295,-0.13005565,1.4023111,0.012733642,1.427739,1.2388016,0.17995176,1.465761,0.07996958,0.7679041,0.25437328,-0.6743164,-0.1362744,-0.1281465,0.28734356,468,2.0
0.0061154775,0.11468819,-0.09934567,0.33252898,0.6136365,-0.2984739,-0.30071983,1.7533356,1.0868558,0.98902404,1.4154811,1.3640475,1.0384158,-0.09984469,0.9692638,0.35654074,0.8255417,1.4191746,-0.16639267,1.2881682,0.04524596,1.2490855,1.1096692,0.15393227,1.4133434,0.067015745,0.7039451,0.20006552,-0.58164746,-0.0920356,-0.07016149,0.26049486,468,3.0
-0.028092034,0.14141786,0.15250972,0.4833583,0.55891997,-0.38476712,0.08215071,2.4081964,1.1160338,1.602279,1.7501565,1.6381694,0.92577845,0.034719735,1.9365535,0.6239803,1.2195299,1.7999772,-0.032094624,1.6667415,0.46183822,1.6985117,1.4846108,0.11191196,1.8082772,0.19514722,0.7884877,0.50754625,-0.40470153,0.051185194,0.3329496,0.4939199,468,2.0
-0.00078316627,0.12202555,0.07200742,0.46987882,0.5652284,-0.34413242,0.020511843,2.1522944,1.079889,1.4293464,1.644715,1.5610473,0.88724774,0.004783271,1.6011988,0.6234077,1.0000529,1.4930795,0.013008472,1.4559176,0.41405514,1.676874,1.3695302,0.08603349,1.5744385,0.18872356,0.7415713,0.4587222,-0.39787918,-0.03266582,0.25736025,0.40900502,468,1.0
-0.029148951,0.14931038,0.023159906,0.46751225,0.60417336,-0.37742358,-0.062483683,2.2856746,1.1953568,1.5281113,1.8748991,1.6960632,1.0619161,0.021394113,1.6203,0.6451821,1.0658731,1.6207097,-0.05922514,1.6551983,0.31839007,1.7222687,1.3317264,0.118798494,1.7990152,0.21190351,0.8310237,0.4853147,-0.5853108,-0.018482223,0.19206697,0.49135384,468,1.0
0.08627107,0.12957734,-0.54402596,0.067618884,0.75327504,-0.16919708,-1.0206276,0.57959753,1.0705876,0.52117777,0.8917486,0.97832656,1.2215607,-0.114824586,-0.6534926,0.3039437,0.11037053,0.8100885,0.037417,0.4562045,-0.53352076,0.9070016,0.25444093,-0.018568866,0.6747917,0.13455512,0.27587765,0.019153353,-1.2700577,-0.67655283,-0.8803851,0.040026277,468,4.0
-0.027246682,0.18874525,0.060841355,0.52316445,0.65359586,-0.41449797,-0.07960513,2.4351926,1.3024112,1.70612,2.0443435,1.794506,1.1634862,0.045483783,1.8234717,0.70788556,1.1350405,1.7939248,0.07108602,1.6898826,0.41826063,1.8965403,1.4616433,0.09841597,1.8645121,0.2505178,0.82119066,0.6481978,-0.65663314,-0.04851125,0.23550951,0.5310219,468,3.0
-0.047880635,0.08811973,0.13309592,0.48089555,0.5682099,-0.3525997,0.024760768,2.4802628,1.0058769,1.3875889,1.573357,1.6524211,0.97783595,-0.07197806,1.827283,0.4294964,1.201683,1.7567474,-0.16130677,1.675993,0.3263466,1.3879441,1.5313478,0.2527671,1.7724282,0.14782381,0.87091666,0.32993537,-0.26929408,0.21658146,0.18666658,0.44425255,468,2.0
-0.01530566,0.18599041,0.039919432,0.4815378,0.622495,-0.38026658,-0.07764416,2.3542726,1.2537181,1.6123575,1.9175756,1.7290626,1.0518042,0.036377974,1.7662646,0.6344932,1.1620181,1.829052,0.0108057,1.6067449,0.42423144,1.7438583,1.378739,0.1012086,1.7956407,0.18736686,0.78169453,0.5307588,-0.51646036,-0.06262467,0.2313284,0.454582,468,3.0
-0.034806713,0.08550838,0.10547109,0.48023626,0.60695773,-0.34509555,-0.033096805,2.7611654,1.0162638,1.2303813,1.57617,1.6813965,1.1434348,-0.21846056,1.7485211,0.29177427,1.2210932,1.9627357,-0.43786082,1.808399,0.1165951,1.3432051,1.6617067,0.39288902,1.9224588,0.0058009205,1.0581027,0.16583905,-0.23613882,0.3710929,0.030529272,0.4614678,468,1.0
-0.042660054,0.19536385,0.10361466,0.50949466,0.54196817,-0.40090615,0.05567448,2.3788977,1.193782,1.6835662,1.8992586,1.6541178,0.90521395,0.079785,2.0337543,0.7152357,1.1886383,1.6900334,0.07871623,1.6053402,0.5473012,1.859173,1.4686228,0.054077845,1.8108746,0.20711151,0.7446597,0.6251407,-0.3942936,-0.003072489,0.4061975,0.4818968,468,3.0
-0.02780197,0.14106627,0.05194137,0.50978595,0.5928929,-0.38227165,-0.08507053,2.4045048,1.1529752,1.3966893,1.732142,1.7691458,1.1282136,-0.06341502,1.6948339,0.5497424,1.0893493,1.8143592,-0.08724887,1.6768116,0.27005893,1.5702904,1.5295895,0.24246931,1.8089397,0.17022285,0.89895743,0.45536318,-0.49460506,0.16002916,0.14036003,0.48418137,468,2.0
-0.0017902771,0.232189,0.05085652,0.4276738,0.5005217,-0.37200478,-0.0015666559,2.0121288,1.187622,1.6465908,1.9279624,1.3001615,0.8159266,0.21060266,1.6684477,0.8243127,1.0396434,1.2150636,0.34695294,1.2085774,0.49962705,1.9868208,1.1685253,-0.11793684,1.4670478,0.34370935,0.5325638,0.74406546,-0.61349994,-0.21678644,0.38956136,0.4570591,468,3.0
-0.020835115,0.11807817,-0.025817849,0.4526632,0.5943759,-0.35197312,-0.17641151,2.106862,1.1944624,1.3515104,1.7698123,1.6538965,1.1070793,-0.003931001,1.4404724,0.5730258,0.9562356,1.6112505,-0.020140845,1.5364614,0.17271692,1.5748721,1.2675781,0.17170471,1.6580232,0.20402952,0.79020005,0.46174148,-0.6668219,-0.026352242,0.0431154,0.44414806,468,2.0
-0.02184266,0.14969748,0.08013219,0.41054985,0.48893416,-0.37336907,-0.022025354,2.0540586,1.1255263,1.489518,1.7989275,1.3003693,0.90825486,0.11754128,1.7255969,0.6581714,1.0050107,1.441384,0.13698925,1.3015815,0.37238812,1.7393475,1.3039734,0.07627697,1.5039004,0.2870027,0.5861628,0.53982645,-0.5328941,-0.08278292,0.2395502,0.48226604,468,2.0
0.019880706,0.06432012,-0.35022113,0.2391656,0.76406693,-0.26108053,-0.69263935,1.2319666,1.1406246,0.586138,1.0835644,1.3032373,1.2442163,-0.16842134,0.18574463,0.23978846,0.52067304,1.2219876,-0.20383213,1.1028156,-0.4491433,0.9110555,0.784009,0.2056345,1.127572,0.05159185,0.68681455,0.00023536384,-0.9188804,-0.31326056,-0.6045314,0.20177364,468,4.0
-0.015448687,0.12294164,0.084823325,0.5083083,0.6201547,-0.37246844,-0.011814393,2.3173723,1.1810282,1.3043073,1.7036767,1.7204697,1.0763582,-0.07285825,1.629527,0.54163134,1.1990634,1.7785922,-0.13612676,1.6343448,0.26278204,1.6209822,1.4503424,0.20019466,1.8043308,0.1396574,0.8224758,0.38462493,-0.43515837,0.09602768,0.113231845,0.44364342,468,2.0
0.037260097,0.120084554,-0.27905002,0.22237511,0.53759986,-0.22290248,-0.5666016,1.0803586,0.9768338,0.7201619,1.1037627,0.97677034,0.94371766,-0.099554054,0.15041086,0.33356297,0.3671924,0.9991777,-0.03741332,0.8383446,-0.22153051,1.0513191,0.5051848,0.016633432,0.90205085,0.09422404,0.52229893,0.1621714,-0.86219734,-0.3410993,-0.40098593,0.17043923,468,1.0
-0.03352323,0.13481905,0.10451789,0.42350388,0.47016996,-0.32818705,0.03632523,2.1305993,0.9846001,1.2749251,1.4225901,1.2506938,0.85574955,-0.015594849,1.596585,0.54832506,1.0294683,1.3443153,-0.113476306,1.4332038,0.3560668,1.3719456,1.2482876,0.16379683,1.5707614,0.14903772,0.63695174,0.3685662,-0.42158687,0.098827,0.22788796,0.40991944,468,3.0
0.016806902,0.12268254,-0.53198236,0.057407837,0.7851999,-0.18904743,-1.0043563,0.6890167,1.2694689,0.62323093,1.1081511,0.9585274,1.220097,-0.10369044,-0.46897644,0.31855196,0.17854351,0.9380708,0.0743946,0.6188612,-0.5350128,0.8727624,0.2784594,-0.019204177,0.6561366,0.15355328,0.39796332,0.12614152,-1.1930617,-0.7198089,-0.83093584,0.07658462,468,4.0
0.028791888,0.12077668,-0.36000356,0.16666497,0.69449437,-0.21567354,-0.73678803,1.126363,1.1600417,0.7413827,1.1311545,1.1399214,1.1164998,-0.103878565,-0.042482283,0.2966553,0.3835849,1.100847,-0.042924233,0.8795813,-0.35960782,0.97819227,0.58334607,0.08480707,0.9247649,0.103453934,0.45990378,0.081922136,-0.9915075,-0.45652696,-0.60180664,0.13260418,468,4.0
0.004706263,0.14073658,-0.046093564,0.3880962,0.6332109,-0.3209292,-0.23696451,1.9555323,1.1818086,1.2864015,1.587388,1.4803041,1.0362612,-0.016785728,1.1973838,0.5074047,0.89572686,1.4882954,-0.0010997541,1.3570464,0.16930072,1.4719744,1.1558857,0.09267864,1.5036832,0.16864017,0.68106747,0.36795756,-0.61583287,-0.16521662,0.013834223,0.3321137,468,1.0
