0,1,2,3,4,5,6,7,8,9,10,11,12,13,14,15,16,17,18,19,20,21,22,23,24,25,26,27,28,29,30,31,Chip,Class
0.15160719,-0.63284993,0.22665136,0.71133053,0.70237297,-0.53369874,-0.07478601,-0.51537794,0.51592475,-1.1724039,0.38007063,-1.3637067,-1.1712565,0.09057987,0.76531637,0.4570263,0.2339849,0.38757303,-1.45642,-0.4310065,-0.9560415,-1.4943576,0.6301123,-0.426559,0.10707845,0.6849012,1.3227903,0.21344738,-0.6695944,1.938874,0.24555036,0.557417,369,4.0
0.15832886,-0.617149,0.22023587,0.76406807,0.6931529,-0.53799415,-0.048429944,-0.5106529,0.5310666,-1.1309283,0.4034816,-1.3657072,-1.1411844,0.13239227,0.77568436,0.50595796,0.23342513,0.40788585,-1.3842732,-0.3903459,-0.91609263,-1.4282982,0.68690395,-0.37693363,0.15144873,0.7072887,1.3397363,0.24652956,-0.5764672,1.9956334,0.30228853,0.5978046,369,4.0
0.1458529,-0.6184197,0.22280818,0.67422247,0.7092562,-0.5229078,-0.0849034,-0.49134856,0.48115677,-1.1515794,0.36115485,-1.3037099,-1.1661793,0.05351559,0.744546,0.4322815,0.23116285,0.37996355,-1.4702402,-0.4576714,-0.9223883,-1.4765244,0.5927434,-0.4353378,0.0903965,0.64895815,1.286308,0.18775477,-0.6813745,1.8988311,0.22078407,0.5253995,369,4.0
0.11980054,-0.42079538,0.103271276,1.4578748,-0.19755806,-0.37234,0.36301252,0.043371156,1.076799,-0.9208411,0.16178158,-0.93212086,0.43578938,1.7947509,0.7814652,1.6312627,0.7685286,0.3930184,-0.26697776,0.9889068,-0.8749801,-0.5327935,2.485788,1.0871416,0.31800914,2.1027923,1.8326322,0.9085108,0.36924183,2.7143872,1.0430256,1.4550846,369,3.0
0.0986674,-0.27238253,0.118263066,1.4211903,-0.25605068,-0.43912235,0.46720842,-0.5289974,0.8526088,-0.46260226,0.9071721,-1.1537613,-0.036358222,2.0299852,0.43330178,2.0869853,0.30155656,1.1922262,0.8544915,1.3204361,-0.2280387,-0.021706652,1.9452763,1.3016801,1.1397002,1.8674366,2.3904102,0.8949032,1.0332416,3.1695642,1.5487794,2.0372834,369,1.0
0.116895065,-0.46952918,0.09214197,1.4707432,-0.19309539,-0.33769363,0.3269371,0.2408719,1.1348908,-1.0524487,-0.060903102,-0.84407,0.6528993,1.7668047,0.8436667,1.4680793,0.9161741,0.11101438,-0.5597311,0.93920165,-1.0805798,-0.6569024,2.6865396,1.0034722,0.04183782,2.1102686,1.6720437,0.8724243,0.18412164,2.484279,0.8689806,1.3214693,369,3.0
0.10940996,-0.34480867,0.11879896,1.5046929,-0.23238903,-0.41872457,0.4303026,-0.28489506,0.965601,-0.6552807,0.60575616,-1.1111488,0.21256468,1.9873593,0.5666498,1.9486289,0.48030758,0.87138975,0.4389784,1.2309489,-0.5240467,-0.21917136,2.2811499,1.284431,0.84188974,2.0637524,2.2262354,0.90144074,0.8149955,3.085973,1.4029303,1.9283838,369,1.0
0.12703711,-0.40077385,0.12060851,1.5382644,-0.21290347,-0.4382783,0.4197483,-0.21785897,1.0691417,-0.8070338,0.49398574,-1.1740614,0.2675156,2.0575385,0.6662768,1.9655395,0.58391315,0.8139105,0.1616632,1.2129761,-0.6775398,-0.3837135,2.4669588,1.2438374,0.72698975,2.165967,2.1902916,0.94244766,0.66533935,3.2390761,1.3770194,1.8667899,369,2.0
0.118878394,-0.41518128,0.09977171,1.5575143,-0.25087312,-0.3851703,0.38068527,0.01949918,1.126818,-0.8839169,0.26983914,-0.99197227,0.48261476,1.9948362,0.78205955,1.7487056,0.78289145,0.47010425,-0.11851527,1.1218196,-0.8328073,-0.4213272,2.5819888,1.1966158,0.4270496,2.22836,1.9325674,0.91455275,0.51292205,2.9193072,1.1755247,1.7096319,369,3.0
0.1512524,-0.6041563,0.21999158,0.67870736,0.71411324,-0.52172625,-0.072905675,-0.5094313,0.4756177,-1.1106187,0.36747468,-1.3000026,-1.181191,0.07156832,0.7306826,0.40725747,0.21018824,0.38535246,-1.4241946,-0.46633756,-0.89005625,-1.4215816,0.58614457,-0.43835247,0.11231935,0.6366061,1.281168,0.2055918,-0.6217369,1.891351,0.22820425,0.51191366,369,4.0
0.098696545,-0.31215993,0.10461652,1.4371805,-0.28664777,-0.39033762,0.43987304,-0.2166835,0.9385762,-0.6096831,0.5631392,-0.98592,0.27635,2.0220833,0.5267516,1.8508344,0.47280598,0.8522299,0.4791862,1.2696265,-0.48469466,-0.16361049,2.180429,1.2897706,0.83306044,2.0057666,2.050993,0.8711322,0.78003496,2.9868402,1.3939579,1.8499943,369,1.0
0.09339457,-0.289402,0.10993466,1.4131719,-0.2887649,-0.40199783,0.44603685,-0.33013907,0.90601856,-0.541012,0.6833999,-1.0283984,0.19515891,2.0429204,0.4752811,1.9633852,0.39297146,0.96492064,0.66568536,1.3372148,-0.3854492,-0.063769534,2.0871854,1.3140284,0.9357537,1.9562953,2.1712205,0.84917325,0.8992391,3.0253875,1.460064,1.9284654,369,1.0
0.09722786,-0.37905642,0.08303058,1.4540838,-0.27593875,-0.3264721,0.3800726,0.15150952,1.0761666,-0.86929107,0.10494144,-0.7881674,0.6456356,1.9215325,0.7068087,1.664288,0.7784318,0.28381693,-0.18049334,1.1450661,-0.8685376,-0.39297363,2.5932937,1.1894016,0.25949225,2.180267,1.7011722,0.83535033,0.44137353,2.6800184,1.0677335,1.4617094,369,3.0
0.078064285,-0.30467898,0.10695885,1.2799538,-0.2054626,-0.36126998,0.36584404,-0.1373598,0.91529536,-0.6627841,0.40483832,-0.87415725,0.32182533,1.7940571,0.5297053,1.6548966,0.5325707,0.64478964,0.2303344,1.0451913,-0.56650716,-0.22079644,2.1364849,1.0910045,0.6256239,1.8050497,1.8622688,0.7379064,0.66223884,2.6387203,1.2140043,1.5347422,369,3.0
0.14166681,-0.6004064,0.21806352,0.6125515,0.72121876,-0.50989664,-0.0961358,-0.49515653,0.46610415,-1.1152675,0.33556554,-1.2605402,-1.1936232,0.013694793,0.7256567,0.3343362,0.20678039,0.34288886,-1.4513226,-0.48765182,-0.8970754,-1.4354045,0.5111523,-0.48987383,0.04889037,0.5941065,1.2168638,0.16966707,-0.6780268,1.7977322,0.16795403,0.44159275,369,4.0
0.1410696,-0.5935143,0.21664174,0.6331991,0.69753623,-0.5140207,-0.08536477,-0.47115546,0.44973373,-1.1169446,0.34305385,-1.2299064,-1.175134,0.046025157,0.7345567,0.36105284,0.21847004,0.36300963,-1.4521879,-0.45878893,-0.8957884,-1.4315042,0.503353,-0.44254187,0.082612135,0.63779896,1.2011385,0.17477395,-0.6590093,1.8077866,0.18257755,0.4858114,369,4.0
0.11969106,-0.43476686,0.11663553,1.4102918,-0.109555885,-0.3961433,0.32562092,-0.053587057,1.0097774,-0.9229217,0.24097681,-0.9998835,0.23953168,1.6523778,0.7694748,1.5166028,0.6941465,0.45940763,-0.3069808,0.86517507,-0.85632616,-0.598436,2.2994678,0.9609249,0.3541468,1.9737052,1.8312594,0.8537038,0.30560657,2.6768432,0.9936812,1.4162862,369,3.0
0.15760191,-0.62771904,0.22495511,0.7293719,0.7106846,-0.53263795,-0.06946293,-0.51012325,0.5195924,-1.156765,0.37343717,-1.3599045,-1.1722678,0.114888474,0.7685567,0.4485312,0.22778237,0.39793232,-1.4591992,-0.43352982,-0.9411319,-1.4667784,0.6182021,-0.4238095,0.12133605,0.6937728,1.334862,0.23000525,-0.6386979,1.9844307,0.24628292,0.56474984,369,4.0
0.10264832,-0.29377094,0.13911156,1.3701903,-0.24506211,-0.49044645,0.4771607,-0.7090761,0.75798064,-0.40860403,1.0368811,-1.3553234,-0.28081596,2.0249763,0.42700455,2.1388407,0.15235454,1.468464,0.81368834,1.249927,-0.07532641,-0.08339854,1.7593317,1.1452856,1.2942686,1.8418845,2.5043454,0.9734697,1.0918753,3.4955075,1.5862875,2.0949762,369,1.0
0.09125276,-0.31175,0.124045104,1.3907281,-0.2282356,-0.4424197,0.42047974,-0.43288353,0.8660988,-0.5435828,0.7868806,-1.1437019,0.0259788,1.9556395,0.48046142,1.9901015,0.37447733,1.0822603,0.62988675,1.17063,-0.31216586,-0.12635118,1.9787759,1.2165529,1.0060767,1.8237661,2.2831264,0.89009744,0.90032953,3.1678717,1.4808769,1.941372,369,1.0
0.110973716,-0.41900703,0.10052633,1.4761562,-0.1970102,-0.37636954,0.3540665,0.031459317,1.0876045,-0.8981926,0.19509734,-0.93624073,0.43313527,1.866233,0.74517953,1.6753567,0.73220646,0.4080326,-0.21464801,1.03757,-0.85511047,-0.4730027,2.4797168,1.0868815,0.36143747,2.1190078,1.8523654,0.8508987,0.41332883,2.8060484,1.0706619,1.5276666,369,3.0
0.13576339,-0.5916266,0.21618326,0.6119224,0.7047895,-0.50874317,-0.08954606,-0.47509283,0.44373003,-1.1133151,0.3344165,-1.2317444,-1.1474248,0.028076768,0.7168898,0.33747503,0.21269697,0.36288682,-1.4416251,-0.4720169,-0.8877154,-1.4312506,0.5165106,-0.4531398,0.081938,0.6125079,1.1975203,0.1644952,-0.67326945,1.7460663,0.17459537,0.46539742,369,4.0
0.14216074,-0.614952,0.22159073,0.666417,0.71001077,-0.5272361,-0.085248835,-0.48835438,0.4746175,-1.1490189,0.35424542,-1.287831,-1.1737789,0.05413065,0.74932885,0.40154564,0.23055601,0.37901005,-1.4740043,-0.44882238,-0.92340904,-1.472204,0.58553565,-0.4414321,0.091091074,0.64911103,1.2491479,0.17743391,-0.67230874,1.8810403,0.21701173,0.5250127,369,4.0
0.11271481,-0.3751726,0.09912647,1.5072627,-0.25341308,-0.37987468,0.40985575,-0.060793407,1.059487,-0.80915713,0.32456672,-0.9824668,0.4508145,2.02606,0.65441084,1.8389059,0.64934075,0.5940393,0.08013357,1.2043864,-0.7543084,-0.3318331,2.5057292,1.2428623,0.5433938,2.1686137,1.9642178,0.8775843,0.5999335,2.9589345,1.2709713,1.7299465,369,2.0
0.1425464,-0.5958994,0.21959415,0.6840666,0.69920284,-0.51771533,-0.071361735,-0.48906857,0.47249606,-1.1009892,0.36605373,-1.2791351,-1.1692832,0.08588641,0.7329624,0.40453646,0.21893665,0.36569893,-1.4129221,-0.4415992,-0.8738376,-1.4169098,0.5677943,-0.41415027,0.112006225,0.650404,1.2776092,0.20059817,-0.6268564,1.871271,0.21993,0.5462741,369,4.0
0.13452885,-0.58511287,0.21852705,0.67446536,0.6769036,-0.50146645,-0.078650974,-0.4703435,0.4735262,-1.1290538,0.36355528,-1.2540692,-1.1340679,0.053023353,0.73537767,0.42084253,0.23261547,0.3798261,-1.4488667,-0.4380411,-0.91320086,-1.4220543,0.5986767,-0.38776708,0.0963433,0.67012,1.2689506,0.19974972,-0.6597406,1.8274539,0.22297534,0.54837894,369,4.0
0.10560824,-0.332895,0.113897964,1.4896836,-0.2622195,-0.41465104,0.43352005,-0.31220892,0.9963758,-0.63211703,0.6839417,-1.1158823,0.1889918,2.1022024,0.55046165,2.0554776,0.4798749,0.9304612,0.5439418,1.3232499,-0.49279386,-0.18291134,2.3032324,1.3380886,0.8904393,2.108526,2.2293098,0.8707793,0.9198019,3.2395022,1.4884009,1.9860742,369,1.0
0.104108736,-0.31998247,0.12206106,1.4795203,-0.25050715,-0.4331509,0.44395941,-0.42293453,0.95207345,-0.5630559,0.7785537,-1.213991,0.09442687,2.085174,0.5233619,2.090779,0.39852208,1.0595359,0.63427854,1.3131311,-0.38322136,-0.14872201,2.1734123,1.3249389,1.0112113,2.034074,2.3242657,0.91668487,0.9735747,3.256338,1.5347908,2.045041,369,2.0
0.09398401,-0.33256328,0.09742245,1.4103628,-0.25969982,-0.37007028,0.37855664,-0.058304884,0.98322755,-0.7548101,0.3548364,-0.9390025,0.4204859,1.9590974,0.6642898,1.703843,0.5997295,0.5779452,0.18084674,1.1506422,-0.6621373,-0.25896704,2.4345946,1.2212453,0.48719537,2.194809,1.8885146,0.81151426,0.6218919,2.7820904,1.1662364,1.6715796,369,3.0
0.12454817,-0.39468423,0.09822315,1.4742876,-0.21114102,-0.36624524,0.39063337,0.032829825,1.0752807,-0.8853409,0.20002255,-0.9316984,0.4368801,1.8566161,0.7538536,1.7394263,0.7407205,0.4219163,-0.18445075,1.0776324,-0.8424692,-0.49907446,2.5572402,1.1635449,0.3652995,2.1367552,1.8450695,0.9157206,0.42700982,2.734536,1.1151077,1.5385413,369,3.0
0.11184083,-0.38387135,0.10813855,1.5323395,-0.2343331,-0.3999252,0.3951499,-0.13109152,1.0444185,-0.7802262,0.4396972,-1.0789438,0.33274916,1.98647,0.6774197,1.8679845,0.6512091,0.6531296,0.17059916,1.1728587,-0.6765173,-0.32300323,2.4376335,1.2493092,0.62019855,2.1471827,2.0890787,0.90804493,0.6625996,3.0172126,1.2754693,1.8189228,369,2.0
0.15216728,-0.6201479,0.22355425,0.68403584,0.7199014,-0.5303385,-0.07713837,-0.51700395,0.50864625,-1.144517,0.36716384,-1.3315508,-1.1849542,0.103261076,0.73793066,0.4253251,0.21564952,0.39804998,-1.4491576,-0.4402573,-0.9195535,-1.4574953,0.61921144,-0.4481313,0.10518574,0.6968467,1.3241234,0.21434732,-0.64524066,1.967141,0.23683237,0.5236851,369,4.0
0.108235106,-0.2871621,0.118240505,1.4152056,-0.25426126,-0.41777897,0.44326377,-0.42415962,0.8849415,-0.53144306,0.7976185,-1.1240638,0.05485444,2.0439074,0.44281992,2.0462804,0.340904,1.0993625,0.72529894,1.3148869,-0.36438397,-0.08455478,2.0683098,1.3188962,1.0641086,1.9481978,2.2968755,0.8459068,0.9952627,3.2457662,1.5452756,1.9843695,369,2.0
0.09504018,-0.3002313,0.115790755,1.4683862,-0.29251114,-0.42881703,0.47338524,-0.38778147,0.8983068,-0.5074857,0.7897768,-1.1030312,0.122774184,2.0876253,0.4866411,2.0668023,0.3667261,1.0604405,0.7546528,1.3833035,-0.3443053,-0.0745897,2.0700114,1.3508127,1.0334727,2.0010602,2.2418122,0.88620776,0.94570136,3.1635103,1.5521818,2.0113015,369,2.0
0.10280268,-0.27809906,0.14389573,1.4089521,-0.27601352,-0.5000845,0.51704776,-0.80560637,0.7317867,-0.37423077,1.1845859,-1.4582876,-0.31016243,2.1162722,0.40061632,2.2499156,0.10275272,1.5860639,0.99505305,1.3519934,0.01653459,0.015205771,1.778113,1.2352389,1.452778,1.914614,2.639253,0.9882167,1.2279632,3.6608841,1.7404746,2.2432778,369,1.0
0.07419303,-0.25281465,0.098717555,1.3756623,-0.26360282,-0.38853258,0.4411272,-0.35307205,0.78968436,-0.5020031,0.72917783,-1.0115957,0.13768587,1.8499365,0.46888486,1.868042,0.34673238,0.93633735,0.61397463,1.27598,-0.31401512,-0.0055194944,1.8428545,1.2073314,0.91695523,1.7997357,2.0279727,0.72306716,0.8766311,2.8389769,1.3463278,1.7223794,369,2.0
0.120185494,-0.40790966,0.10417229,1.5592742,-0.2434884,-0.3790976,0.3990498,0.038572766,1.1165236,-0.9130168,0.21354231,-0.977595,0.501312,2.001542,0.7252457,1.8061831,0.73854756,0.41060793,-0.1407583,1.1761112,-0.88349074,-0.4422051,2.6300364,1.2244394,0.38982537,2.288809,1.8844271,0.8500816,0.4862361,2.967628,1.1816149,1.6069909,369,3.0
0.12626189,-0.54664654,0.20683366,0.55061877,0.6876658,-0.47258952,-0.093130015,-0.4706554,0.37579557,-1.0238566,0.31104758,-1.1727518,-1.1197406,0.00070638955,0.6541958,0.22701633,0.1768154,0.34304965,-1.3567078,-0.49016136,-0.80866706,-1.3298357,0.38070095,-0.45486844,0.0792844,0.5301926,1.1291137,0.12819698,-0.65161544,1.6025567,0.14951386,0.42235458,369,4.0
0.10095397,-0.40726438,0.08563251,1.4573747,-0.22999555,-0.34689316,0.3579772,0.13330036,1.0666431,-0.8620525,0.12096632,-0.9008581,0.53853565,1.8098569,0.7604832,1.5848644,0.80689263,0.3712792,-0.20005135,0.9796238,-0.7832948,-0.4411262,2.4345284,1.0613089,0.2753046,1.9729095,1.7812222,0.9424587,0.41913462,2.562433,0.9518753,1.4029754,369,3.0
0.103320986,-0.30974567,0.09952943,1.4428188,-0.28148493,-0.37377253,0.45598376,-0.18546066,0.95813024,-0.65708715,0.50366867,-1.0250515,0.32352397,1.991253,0.5323661,1.9193807,0.5130986,0.77464634,0.40772945,1.2967675,-0.5941291,-0.17169605,2.2786865,1.334407,0.710113,2.1138828,2.0084636,0.81676155,0.7892165,3.0505474,1.3863794,1.8182495,369,2.0
0.10615006,-0.35211426,0.11850971,1.396331,-0.2030167,-0.4031922,0.38522497,-0.28866714,0.93520224,-0.68806934,0.56963384,-1.1315482,0.16272724,1.9032506,0.5618942,1.8416961,0.47135842,0.828248,0.31095213,1.1777235,-0.59234357,-0.2705251,2.1939726,1.2016029,0.7721323,1.9502383,2.0823863,0.82462686,0.710481,2.983062,1.341062,1.8000509,369,2.0
0.10228446,-0.28777874,0.1238098,1.4310825,-0.25946552,-0.4337193,0.453178,-0.5119066,0.87102455,-0.5083989,0.8765204,-1.280458,-0.005534962,1.945474,0.46022496,2.0530486,0.29522645,1.1784178,0.79675585,1.2865603,-0.30732283,-0.06934585,1.9660178,1.2845176,1.1018726,1.9197559,2.3022842,0.83810794,1.0069515,3.1879117,1.5587629,2.002513,369,2.0
0.10272044,-0.27411604,0.13154835,1.424709,-0.2416139,-0.45507503,0.47752622,-0.6535449,0.7994019,-0.44284067,1.0315864,-1.3529141,-0.15541042,1.9471796,0.441777,2.0899074,0.21911547,1.3559427,0.95632166,1.2850441,-0.17357212,-0.059318487,1.803814,1.2741011,1.2524292,1.8324288,2.4333813,0.8917003,1.0817915,3.3421662,1.5764537,2.0953083,369,1.0
0.15239455,-0.6083408,0.2080322,0.735365,0.6519622,-0.5029609,-0.05663836,-0.4408772,0.5694517,-1.1323782,0.29381856,-1.2848437,-1.0242014,0.18288967,0.7763396,0.44645452,0.27838653,0.3526779,-1.3901614,-0.3568726,-0.94166774,-1.3789243,0.71411467,-0.35482895,0.07685888,0.7432023,1.308162,0.2719618,-0.60523206,1.9199252,0.24660172,0.5664875,369,4.0
0.1604604,-0.6273497,0.2221737,0.79140985,0.68436617,-0.5386361,-0.04611896,-0.5012598,0.56312275,-1.1748011,0.37081027,-1.3785268,-1.1228411,0.16598938,0.7945832,0.503685,0.25192693,0.3906938,-1.4223789,-0.37835518,-0.9636307,-1.453673,0.70502245,-0.36952135,0.14165254,0.7506058,1.3800682,0.26968694,-0.5984611,2.036661,0.28396535,0.6118643,369,4.0
0.10289249,-0.30064404,0.12320064,1.4765043,-0.25984925,-0.43654308,0.45438367,-0.4640578,0.9067112,-0.51692724,0.8199942,-1.1822188,0.045203622,2.0495892,0.4511878,2.0119517,0.3368244,1.1696937,0.7859278,1.3073688,-0.30269024,-0.105232134,2.0386062,1.3111826,1.1241828,1.9593177,2.306032,0.93880796,0.9596936,3.272809,1.5582157,2.0262053,369,1.0
0.08570031,-0.28780133,0.11251995,1.3469073,-0.2524461,-0.3993317,0.42047992,-0.4203816,0.8435777,-0.51944053,0.7728729,-1.0902326,0.06903908,1.943192,0.45287028,1.886494,0.3583901,1.0325655,0.69513166,1.193668,-0.31633523,-0.057877194,1.947835,1.2278789,0.96351624,1.8341848,2.2124906,0.8679365,0.9478997,3.030776,1.4214488,1.8917639,369,3.0
0.11193338,-0.339168,0.13893247,1.3662394,-0.14175496,-0.47640842,0.41960284,-0.494677,0.84731376,-0.647911,0.8067955,-1.3045634,-0.08944094,1.8717189,0.5562369,1.8947769,0.3602783,1.0881588,0.43172142,1.0805821,-0.4012789,-0.29746416,1.915676,1.1458958,1.0028284,1.8693407,2.3275847,0.87369025,0.74429125,3.2734394,1.4107249,1.9194126,369,1.0
0.114737526,-0.38171703,0.09565435,1.4224346,-0.21819064,-0.34855372,0.3785218,0.016385155,1.0309705,-0.84418505,0.22393475,-0.9211657,0.42951968,1.8163835,0.7125068,1.7255698,0.7062644,0.42261052,-0.103163205,1.0851506,-0.7876461,-0.4403808,2.4680758,1.1689075,0.39318234,2.0675635,1.8071065,0.8815716,0.4678967,2.6853375,1.1045041,1.5319332,369,3.0
0.11253105,-0.37678555,0.10600908,1.4982724,-0.24987721,-0.39026532,0.4120318,-0.12317577,1.0380539,-0.7846493,0.42279163,-1.0581726,0.35262868,1.9747833,0.6698687,1.8666068,0.62353015,0.6637575,0.1581727,1.1915148,-0.6829149,-0.33953023,2.446669,1.2357062,0.635279,2.1161554,2.0596697,0.90764654,0.6431428,2.983559,1.296914,1.7730659,369,3.0
0.13864075,-0.5628127,0.20741041,0.67268515,0.6168461,-0.49519247,-0.057595104,-0.4939025,0.47001883,-1.0393703,0.35178146,-1.2416153,-1.0368301,0.15880992,0.70232576,0.38961807,0.21860275,0.41605628,-1.2454413,-0.33749154,-0.80352885,-1.3106761,0.595464,-0.30188167,0.16861333,0.7052807,1.2853278,0.24018769,-0.5123746,1.8932288,0.279921,0.6167693,369,4.0
0.12976836,-0.5616584,0.2112673,0.6213693,0.6717487,-0.485511,-0.078498244,-0.44957957,0.43702674,-1.0831683,0.3362246,-1.1886922,-1.1207575,0.044047408,0.71212053,0.37099954,0.212428,0.356394,-1.4297888,-0.455494,-0.8750781,-1.3722264,0.51502764,-0.39773703,0.07887764,0.6217494,1.1834258,0.1807704,-0.6726477,1.7000891,0.1851298,0.5002533,369,4.0
0.11921637,-0.4022356,0.13658157,1.3762753,-0.070302874,-0.43380505,0.33811882,-0.2916511,0.91796213,-0.8184353,0.52342725,-1.1305169,0.014213234,1.6752216,0.6307722,1.6682631,0.4915225,0.75158966,0.012974111,0.9037227,-0.6490553,-0.5113675,2.0896647,0.98018396,0.6460602,1.9183459,2.0571904,0.8079778,0.4737612,2.901694,1.1590704,1.6221149,369,3.0
0.11517519,-0.35919368,0.10183929,1.5655347,-0.26431674,-0.38780412,0.42400762,-0.07960639,1.0759301,-0.7936833,0.41760215,-0.98058236,0.40280282,2.0515583,0.63402677,1.9027406,0.64569634,0.6588445,0.18437126,1.2764789,-0.74714583,-0.2922763,2.5556066,1.3120494,0.6289607,2.2115877,2.0632794,0.8601338,0.6817951,3.0479577,1.318268,1.7973794,369,2.0
0.109894454,-0.3365587,0.10495381,1.5173383,-0.28408432,-0.38855642,0.4366349,-0.17727406,1.0127766,-0.71157384,0.50647867,-1.0242642,0.34018677,2.0827024,0.5683841,1.959951,0.54627603,0.7579885,0.35679665,1.3060716,-0.63607216,-0.20995638,2.417676,1.3309174,0.73509043,2.1771455,2.1078763,0.8489894,0.7840272,3.134952,1.4129045,1.8584113,369,3.0
0.14109652,-0.5885057,0.21687792,0.63038915,0.70983756,-0.51592535,-0.08447275,-0.49841875,0.45686755,-1.1096151,0.3457225,-1.2575817,-1.1624978,0.042425804,0.7110848,0.34375042,0.21028072,0.36670196,-1.416188,-0.47258717,-0.87742794,-1.4243579,0.5481142,-0.45459184,0.09131785,0.6186791,1.2541294,0.1756193,-0.6479198,1.8239657,0.19501972,0.4837789,369,4.0
0.15050225,-0.60526454,0.20736648,0.83755344,0.5968818,-0.5112468,-0.014102906,-0.4445567,0.6029497,-1.1463697,0.32518002,-1.327723,-0.9540091,0.32387275,0.7858628,0.5723419,0.30586013,0.37656018,-1.3204012,-0.2511393,-0.95481193,-1.357521,0.853444,-0.23410499,0.13129354,0.87571406,1.3943835,0.32660773,-0.53385067,2.0763083,0.33346748,0.6983818,369,4.0
0.14151672,-0.59090847,0.21853326,0.7054621,0.6742209,-0.50907457,-0.07041349,-0.48518538,0.47190756,-1.1315669,0.3750994,-1.2838163,-1.1525867,0.05237835,0.7618943,0.44006035,0.23577574,0.39139473,-1.4386432,-0.4245218,-0.9138534,-1.4233638,0.63353133,-0.36698222,0.116942756,0.7135199,1.2676864,0.21806428,-0.63086855,1.8928894,0.24858415,0.56362027,369,4.0
0.083156556,-0.3133235,0.12342627,1.3743341,-0.20406194,-0.42648065,0.41341937,-0.41350174,0.86688805,-0.58807313,0.73237216,-1.0928923,0.046916436,1.8590125,0.5151086,1.8830212,0.37492836,0.9915731,0.5019474,1.1523166,-0.34835672,-0.17838687,2.0209541,1.1461008,0.9421155,1.939303,2.1778243,0.82841986,0.8184496,3.0034199,1.3807896,1.7646071,369,2.0
0.121712595,-0.38874242,0.11101402,1.4822161,-0.21078113,-0.40103734,0.3828122,-0.124866426,1.0402781,-0.81723136,0.38486916,-1.0494219,0.3069507,1.9233105,0.6694933,1.7867246,0.5957174,0.62999135,0.056724824,1.1345862,-0.7559154,-0.38050723,2.38322,1.1632577,0.5817353,2.0887544,1.9886249,0.84024084,0.56621414,2.914865,1.2302336,1.7139734,369,3.0
0.115985736,-0.3405701,0.1234234,1.4681482,-0.23229727,-0.4479363,0.45101532,-0.40334597,0.9953887,-0.6523616,0.72014165,-1.2229271,0.15134181,2.0877829,0.5405104,2.1099393,0.4509263,1.035718,0.53577816,1.2977309,-0.42176688,-0.20806602,2.2290194,1.3149052,0.9887852,2.0521574,2.425368,0.9452491,0.8869285,3.402221,1.4768023,2.008945,369,2.0
0.11664869,-0.4297159,0.11426923,1.3753481,-0.11704911,-0.3912187,0.31960925,-0.04215219,0.9911901,-0.9099978,0.25123563,-0.98784286,0.23808645,1.6860412,0.73474985,1.5014367,0.657538,0.45794168,-0.28208548,0.876565,-0.8151353,-0.56087995,2.2455823,0.922801,0.39328662,1.8870661,1.8019727,0.81702095,0.30612946,2.6410725,0.9878782,1.459386,369,3.0
0.12185785,-0.3932631,0.101182714,1.4719845,-0.2354821,-0.36671144,0.39811125,-0.01223864,1.0729461,-0.8601648,0.258003,-0.9896564,0.43046305,1.9063326,0.7394875,1.8266939,0.7090317,0.47590956,-0.06099491,1.1327235,-0.7930251,-0.43753117,2.543505,1.2154745,0.45003104,2.1625617,1.9053348,0.9074762,0.52621126,2.862823,1.1771431,1.649542,369,3.0
0.12289235,-0.53025115,0.19902447,0.5394488,0.664437,-0.4533518,-0.08629768,-0.46626508,0.35584193,-1.0119767,0.3010175,-1.153216,-1.0576329,0.008024737,0.6409694,0.20435111,0.16949213,0.35658494,-1.2624573,-0.45736533,-0.8058389,-1.3018409,0.3916352,-0.41542995,0.07852976,0.5677399,1.0928051,0.14059532,-0.61877847,1.5944903,0.16279906,0.41119593,369,4.0
0.09714781,-0.3109991,0.11295004,1.4201912,-0.25072828,-0.40306875,0.4267853,-0.32722747,0.9352287,-0.5882606,0.6792836,-1.0641621,0.16236569,1.9950399,0.4987767,1.9593698,0.39665926,0.9611749,0.56586516,1.3036777,-0.46925282,-0.11393465,2.1345198,1.2837445,0.9250991,1.9948628,2.2009444,0.84290427,0.8969678,3.1176434,1.428412,1.905078,369,1.0
0.1455585,-0.6084754,0.22241709,0.6802269,0.6892224,-0.5198321,-0.081986465,-0.5044118,0.49255443,-1.142229,0.3789784,-1.3181939,-1.1538519,0.04705199,0.7304661,0.43290415,0.22294232,0.38071263,-1.4147207,-0.4445475,-0.9295621,-1.4402269,0.5864923,-0.42292926,0.10312519,0.6364709,1.2756556,0.18897289,-0.6361479,1.889136,0.24536943,0.53818285,369,4.0
0.12859471,-0.5543377,0.21203737,0.5937807,0.6583079,-0.50041044,-0.068392135,-0.51554674,0.42709985,-1.0491993,0.38345635,-1.2474784,-1.1241952,-0.0003234893,0.6557261,0.43733183,0.18297309,0.40454257,-1.2784144,-0.35191095,-0.8345459,-1.3722904,0.5213777,-0.38518322,0.16311073,0.54394925,1.2458837,0.13491818,-0.5606276,1.8384454,0.2835026,0.57532585,369,4.0
0.13560082,-0.57046556,0.21273473,0.58495057,0.70141244,-0.49740982,-0.087843604,-0.5008315,0.43944463,-1.0711193,0.3346702,-1.2407287,-1.1371019,0.028948769,0.6847075,0.28733572,0.18939018,0.3587021,-1.3819265,-0.46567142,-0.83961475,-1.3867303,0.4986905,-0.46779978,0.08660674,0.60535264,1.2187599,0.17258069,-0.642786,1.7366201,0.17448846,0.4661513,369,4.0
0.15570578,-0.6362912,0.22890763,0.75553125,0.7048254,-0.5390843,-0.06471947,-0.5072427,0.5347575,-1.1865247,0.37468174,-1.3766747,-1.1771761,0.10831849,0.7898978,0.49407125,0.24322687,0.38670716,-1.4976673,-0.43987432,-0.9577236,-1.4962326,0.67372,-0.39752147,0.112493,0.7349586,1.3503964,0.2504713,-0.67383736,2.0036354,0.2398361,0.5719033,369,4.0
0.06922976,-0.25743726,0.07651187,1.2541531,-0.28219694,-0.30143124,0.39599758,-0.049596228,0.8492673,-0.5750327,0.3250054,-0.77162874,0.4385948,1.7101012,0.49666125,1.5773491,0.536877,0.54919964,0.254047,1.1265857,-0.52126986,-0.12162219,2.040501,1.1374016,0.5639505,1.7088336,1.6757693,0.6912792,0.68336284,2.4475493,1.1644669,1.4917239,369,2.0
0.14470752,-0.57851654,0.2156819,0.6557521,0.6781835,-0.5257215,-0.05855018,-0.51978844,0.4548524,-1.0905132,0.38797963,-1.2729591,-1.1561604,0.101740316,0.69517183,0.45163935,0.20185399,0.42648354,-1.3247347,-0.40796652,-0.84501165,-1.4120964,0.5609549,-0.39088786,0.1656455,0.62844485,1.3256397,0.20175293,-0.5901144,1.9126053,0.25770026,0.58519053,369,4.0
0.107131705,-0.37274033,0.10436913,1.4749064,-0.2454972,-0.3813176,0.39865726,-0.10738297,1.0295424,-0.7771696,0.4037683,-1.0235695,0.3584865,1.9408475,0.66084933,1.8145102,0.62681144,0.62030166,0.13090537,1.1662824,-0.69677854,-0.3307347,2.403088,1.2379018,0.59079087,2.0894384,2.030111,0.8846329,0.6273362,2.8969767,1.2675799,1.7132041,369,3.0
0.11334929,-0.37970155,0.10070363,1.4956988,-0.23612288,-0.38079914,0.39198416,-0.05215186,1.0633259,-0.81330246,0.32462692,-1.0040307,0.4150192,1.9162898,0.71682364,1.7605268,0.6889596,0.54062,-0.009767017,1.0868837,-0.7400609,-0.3904575,2.4428055,1.1969893,0.50187683,2.1177895,1.9772031,0.90905166,0.5399844,2.862815,1.2046901,1.6212592,369,3.0
0.15083541,-0.61707026,0.22067203,0.6631821,0.7134572,-0.51883525,-0.090087466,-0.49092376,0.49847692,-1.1254317,0.34621,-1.3093313,-1.1670287,0.06205325,0.7473834,0.37900034,0.20996314,0.38562217,-1.4491751,-0.44907573,-0.91798997,-1.4441437,0.5415884,-0.44253796,0.091385074,0.6412043,1.2476039,0.20122299,-0.65234786,1.893302,0.21939653,0.51523143,369,4.0
0.08289307,-0.33030608,0.095280185,1.2950301,-0.20239492,-0.33234283,0.35776573,-0.0017712694,0.9342875,-0.7360341,0.23267335,-0.8441139,0.44046876,1.7389113,0.612048,1.5712799,0.6270317,0.46186233,-0.012121042,1.0199797,-0.674475,-0.29478988,2.2601635,1.1132447,0.45479026,1.8391345,1.7390815,0.7598804,0.53668976,2.5164807,1.0884147,1.472294,369,3.0
0.108286306,-0.39556825,0.0961888,1.4662092,-0.23463157,-0.362064,0.38237506,0.058687672,1.0460163,-0.8475934,0.21141593,-0.89471835,0.47007376,1.8880988,0.71688604,1.6796118,0.72250897,0.42121318,-0.12014923,1.0703275,-0.77305305,-0.42520413,2.4619086,1.1473893,0.39452353,2.0753167,1.8344101,0.88559014,0.45749527,2.7590554,1.0981648,1.5407815,369,3.0
0.11093895,-0.36759028,0.14125578,1.4607346,-0.15597038,-0.46475217,0.39833435,-0.4034231,0.9707246,-0.68320286,0.697907,-1.1727335,0.07549852,1.8781418,0.5691128,1.9209727,0.43197554,0.979572,0.435849,1.1360705,-0.5173986,-0.30998397,2.2225509,1.148796,0.8874883,1.9616311,2.333941,0.86847055,0.7771277,3.1260264,1.4286135,1.8656358,369,1.0
0.11429228,-0.28110784,0.12571162,1.4370755,-0.23302102,-0.43671173,0.45886868,-0.50530595,0.8484275,-0.5011524,0.90417314,-1.2066774,-0.061897583,2.060085,0.41275415,2.1350253,0.25398105,1.2198025,0.81579477,1.3235328,-0.2776485,-0.06448571,2.00158,1.3315443,1.1782888,1.8918531,2.4340043,0.86769295,1.0518866,3.3025875,1.5858103,2.0402782,369,1.0
0.11014977,-0.36009973,0.105058834,1.5296485,-0.2864485,-0.38268387,0.42746353,-0.11158265,1.0643392,-0.7684332,0.44046605,-0.9935759,0.40517336,2.0960066,0.61570436,1.9382764,0.6267373,0.6372329,0.24277703,1.2908689,-0.7049379,-0.2690235,2.5167153,1.3287853,0.6262546,2.2582567,2.03688,0.8410262,0.73773986,3.1333053,1.3521316,1.8096002,369,2.0
0.14648618,-0.5987736,0.20761195,0.8120008,0.5984543,-0.5107503,-0.020454887,-0.44400972,0.59250164,-1.1249654,0.32933697,-1.304608,-0.96237487,0.30793774,0.78550416,0.5542022,0.2971268,0.38201988,-1.2970004,-0.23984116,-0.9238975,-1.3432608,0.8446909,-0.23202029,0.13258637,0.8702703,1.3758417,0.30850103,-0.5124836,2.0656898,0.3332752,0.69668067,369,4.0
0.14262009,-0.6107218,0.21985102,0.6128652,0.7175243,-0.5132772,-0.09603871,-0.51805574,0.46306658,-1.1303877,0.34378743,-1.3030583,-1.1741012,0.021864854,0.7107661,0.3237784,0.20363933,0.37029693,-1.4376299,-0.4592636,-0.9155708,-1.457498,0.53472805,-0.48105603,0.07562005,0.6273944,1.2542748,0.16292056,-0.6749441,1.8098867,0.20005928,0.4620511,369,4.0
0.111175045,-0.33486444,0.121477515,1.424391,-0.22877595,-0.42385292,0.4413342,-0.35668877,0.93210196,-0.6506036,0.6611439,-1.1485718,0.14059892,1.9641575,0.55191284,1.9292997,0.43565845,0.9579388,0.45220512,1.208332,-0.49391842,-0.1960698,2.0970864,1.2067603,0.90949035,1.9860677,2.180901,0.89089924,0.81992763,3.1162703,1.4196694,1.9002136,369,2.0
0.09800917,-0.28908598,0.12102139,1.4399743,-0.25470236,-0.43730426,0.44209647,-0.46291825,0.8988082,-0.5231736,0.80870223,-1.2092011,0.06099445,2.0203671,0.4593078,2.029172,0.34022388,1.1510513,0.7280221,1.2749993,-0.31233796,-0.092317656,2.070651,1.2982761,1.0827454,1.9424934,2.3292441,0.88844556,0.991241,3.2693918,1.5219983,1.9936744,369,1.0
0.11245647,-0.41335207,0.107434765,1.3980205,-0.1670809,-0.36711198,0.34150282,0.015558791,1.0127453,-0.9052245,0.19485345,-0.9575145,0.40954524,1.7403457,0.7347577,1.5161994,0.6921115,0.37015587,-0.22953047,0.93569434,-0.88325375,-0.539082,2.3447075,0.98762023,0.30422992,1.9958514,1.7843833,0.8104799,0.3308456,2.5582461,1.0117922,1.4199203,369,3.0
0.09940718,-0.31176487,0.119464114,1.5027789,-0.28394836,-0.43742505,0.47505444,-0.40318915,0.92959964,-0.5341151,0.79084444,-1.1612303,0.110245794,2.1124778,0.50233316,2.0614552,0.37837034,1.1062846,0.7337298,1.358254,-0.36658403,-0.11819586,2.1357834,1.3564197,1.0621887,2.0380688,2.2658455,0.93612343,0.941619,3.2714393,1.565035,2.0379906,369,1.0
0.10569349,-0.292861,0.11412069,1.4076725,-0.24496925,-0.41999254,0.43343854,-0.40168354,0.8920734,-0.54918104,0.77923715,-1.1401821,0.072482854,2.0211363,0.48008662,2.0407078,0.3674391,1.0925463,0.6900267,1.297582,-0.37642252,-0.114084855,2.115191,1.2982602,1.038841,1.9548599,2.278339,0.86021423,0.952487,3.2028015,1.5201396,1.978029,369,1.0
0.16045348,-0.61352193,0.22412832,0.8308137,0.6636306,-0.54368955,-0.02648393,-0.55680597,0.55778205,-1.1413159,0.4275743,-1.4081709,-1.1357312,0.24985,0.76633406,0.5997885,0.24164687,0.45553634,-1.3150018,-0.33094722,-0.9309277,-1.4201566,0.78488135,-0.27206257,0.22426571,0.84246564,1.4661095,0.30038327,-0.5115733,2.1611965,0.34246385,0.69969195,369,4.0
0.10281327,-0.36083838,0.0916097,1.4455134,-0.28621462,-0.35507432,0.3941338,-0.033026222,1.0679998,-0.7695092,0.31807977,-0.91128963,0.47244203,1.9831873,0.6763246,1.7717102,0.6875558,0.52075833,0.06919738,1.1627098,-0.7294316,-0.28662434,2.399791,1.2310812,0.5040121,2.1025639,1.882098,0.85229754,0.6208257,2.8271968,1.2112675,1.6513056,369,3.0
0.094507545,-0.30090803,0.106144935,1.3892459,-0.2704245,-0.39087823,0.41919646,-0.24876007,0.92307156,-0.5897255,0.570923,-0.9683772,0.266164,1.9730272,0.50334597,1.8749702,0.43491846,0.8327232,0.5150373,1.2755764,-0.4638635,-0.11372192,2.1302938,1.2668712,0.81241924,1.9522084,2.0680919,0.8043776,0.8164114,2.9241574,1.3720484,1.8301616,369,2.0
0.13427037,-0.6025717,0.22245398,0.69742125,0.67080283,-0.50909007,-0.07517963,-0.47314483,0.48393607,-1.136348,0.3510844,-1.3104903,-1.1216234,0.07389634,0.76238894,0.4020071,0.25033075,0.34037134,-1.4300241,-0.4240627,-0.9153122,-1.4228837,0.64030766,-0.37995312,0.07982939,0.6742848,1.2719567,0.2055615,-0.63466805,1.857155,0.24826546,0.58088464,369,4.0
0.12578642,-0.3715437,0.13265894,1.4783102,-0.16196086,-0.46168864,0.4243282,-0.37224606,0.9547011,-0.73450047,0.6891657,-1.27013,0.05389249,1.9667193,0.6095426,1.9287277,0.47503036,0.9561894,0.3057428,1.1680291,-0.55743474,-0.35092995,2.1670432,1.2017566,0.903203,2.0187206,2.288071,0.88818234,0.70024586,3.273107,1.3994354,1.92302,369,1.0
0.09278973,-0.38195163,0.08394666,1.4549296,-0.25601164,-0.32744825,0.37333727,0.06127883,1.030207,-0.8393108,0.17095132,-0.8640383,0.5642864,1.908686,0.6914843,1.5853091,0.7310603,0.3578571,-0.053088166,1.1057382,-0.8367564,-0.34536865,2.4754796,1.1357832,0.3371138,2.1038358,1.7651473,0.82343394,0.5086247,2.6236951,1.0852957,1.5167513,369,3.0
0.10725276,-0.33561924,0.1283392,1.4954145,-0.21816346,-0.43922928,0.44397154,-0.39844888,0.94587755,-0.61432403,0.70357084,-1.1863263,0.12132144,2.0472229,0.5373687,2.0519392,0.41503882,0.98601055,0.53269607,1.2784652,-0.46206924,-0.1989885,2.2399304,1.3114641,0.94980973,2.0198486,2.3140042,0.9067631,0.8992057,3.2146916,1.4894576,2.0219197,369,1.0
0.109713584,-0.38073748,0.10417722,1.4963015,-0.25121686,-0.3919145,0.41312835,-0.07363176,1.0237983,-0.78818804,0.38790298,-1.0150431,0.36147064,2.0076516,0.67985195,1.8197836,0.63189214,0.62366676,0.09058701,1.1688788,-0.67689455,-0.3438131,2.4038439,1.2100604,0.6010743,2.1116655,1.9708333,0.9132577,0.57992977,2.956587,1.2549961,1.7248291,369,2.0
0.14979135,-0.6147749,0.21865371,0.7801669,0.67456853,-0.52605283,-0.060741574,-0.4719503,0.53914225,-1.150497,0.34056842,-1.3242834,-1.1031407,0.14717321,0.7914689,0.459244,0.26435006,0.35657018,-1.3879424,-0.36101133,-0.9415112,-1.4135715,0.6931095,-0.34646812,0.113482825,0.7425795,1.3248336,0.2380728,-0.565324,1.9898239,0.27828646,0.6157064,369,4.0
0.13663411,-0.6001141,0.21840286,0.63019955,0.7116912,-0.51250505,-0.094943665,-0.47153944,0.46786004,-1.1250882,0.34426907,-1.2627592,-1.1388235,0.010829657,0.73248726,0.35347828,0.2275925,0.3503221,-1.460932,-0.48383617,-0.8987702,-1.4366431,0.5539669,-0.4467191,0.06859745,0.61954,1.2071881,0.16805615,-0.6784084,1.763956,0.1986942,0.4906867,369,4.0
0.13649988,-0.5859971,0.20866176,0.72845876,0.63178056,-0.5045204,-0.048619613,-0.44605964,0.5207368,-1.0984042,0.34176418,-1.2719746,-1.0121527,0.18859178,0.74438155,0.4599671,0.26178408,0.37255633,-1.3303287,-0.32377937,-0.87215805,-1.3621696,0.7018331,-0.30254945,0.11753165,0.7479941,1.2889357,0.25074455,-0.5593114,1.9063251,0.28423607,0.6163361,369,4.0
0.10453448,-0.31793,0.10496046,1.4745495,-0.2890166,-0.38407755,0.45924237,-0.21414545,0.96513706,-0.6729151,0.53660285,-1.090472,0.30125555,2.0243137,0.54538095,1.9752951,0.49426275,0.7815407,0.41100892,1.306213,-0.5848392,-0.17966475,2.3035266,1.3298278,0.7373568,2.154856,2.0547957,0.8197218,0.8004527,3.0799212,1.4237113,1.8455474,369,2.0
0.13560729,-0.58685124,0.21708012,0.60033405,0.7127446,-0.50040084,-0.09354215,-0.48550552,0.4287242,-1.1106459,0.33254436,-1.231053,-1.1696608,-0.0013528317,0.72160137,0.3063647,0.21688542,0.3313525,-1.4455067,-0.49938828,-0.8761899,-1.4336953,0.529814,-0.47739512,0.053497717,0.5837232,1.2029754,0.16621312,-0.69483095,1.7333417,0.1490595,0.4570868,369,4.0
0.07483406,-0.34603193,0.07503615,1.2742248,-0.26704353,-0.3054384,0.35618365,0.121814966,1.0148281,-0.79196954,0.09869648,-0.7898716,0.59113973,1.7971615,0.6979732,1.5228175,0.75967544,0.33416945,-0.12746005,1.047716,-0.7186892,-0.30141187,2.4199212,1.1027339,0.27262846,1.9167857,1.652377,0.784763,0.4298823,2.4054117,0.98978794,1.402922,369,3.0
0.10994288,-0.38434455,0.08965428,1.4600313,-0.26555252,-0.34513012,0.38401756,0.04048893,1.0629661,-0.8373683,0.21187168,-0.8908925,0.5280404,1.9305623,0.6818035,1.7419622,0.731177,0.43263358,-0.053844392,1.1628286,-0.8134752,-0.3640892,2.5537329,1.1973845,0.42380235,2.1299243,1.8604965,0.8566801,0.54385096,2.8001153,1.1767415,1.5953505,369,2.0
0.11129826,-0.31284225,0.10901928,1.4994698,-0.28228155,-0.3988817,0.4500045,-0.287379,0.95812994,-0.64571464,0.6313201,-1.0797367,0.22729252,2.0777547,0.5083922,2.0270298,0.4352203,0.9084299,0.5055666,1.3300871,-0.5305353,-0.1439818,2.2988982,1.3433417,0.88349104,2.0992932,2.2305355,0.85748065,0.8834716,3.210854,1.4836816,1.9080905,369,2.0
0.15004158,-0.61165017,0.22243652,0.67715114,0.7106971,-0.5189512,-0.08001247,-0.49575984,0.48899934,-1.1331623,0.35607988,-1.2955346,-1.1888878,0.062807105,0.7485809,0.41322815,0.21897247,0.36890987,-1.4574816,-0.46887866,-0.92063093,-1.4498861,0.58179057,-0.44298905,0.08089748,0.64485776,1.2639748,0.20812146,-0.6697383,1.8853027,0.21297735,0.51597697,369,4.0
0.09460675,-0.3417866,0.09124163,1.4172851,-0.26658693,-0.34594724,0.39513212,-0.027181666,0.9935743,-0.7389595,0.33582476,-0.84816885,0.4443959,1.9293754,0.6117151,1.7184706,0.6218487,0.54877657,0.15394658,1.1657503,-0.63994145,-0.25112993,2.3663719,1.2190924,0.5609816,2.0318203,1.9077744,0.83838356,0.6319871,2.7570775,1.2085456,1.6445329,369,3.0
0.09519462,-0.30827916,0.094256654,1.3794904,-0.25342408,-0.3651558,0.40812317,-0.15198886,0.9377911,-0.6572124,0.45552522,-0.90402645,0.34002897,1.9428864,0.54162234,1.7248784,0.52666163,0.74860007,0.32390702,1.1653045,-0.5803178,-0.21598169,2.1551762,1.2237109,0.6962287,1.9550166,1.9093205,0.8205238,0.69779533,2.823046,1.2658819,1.7390372,369,3.0
0.08839417,-0.25027102,0.119767964,1.3630543,-0.24436384,-0.4285572,0.43273968,-0.49396855,0.8406486,-0.43996277,0.8536252,-1.1536261,-0.004022591,1.9259486,0.41170993,2.0753782,0.26692584,1.1884477,0.8216675,1.2577463,-0.21310782,0.0028354656,1.9402893,1.3106234,1.1021304,1.8380923,2.325012,0.8352759,1.0334061,3.1718197,1.5435869,1.9535046,369,1.0
0.1477142,-0.58630484,0.20900814,0.6792756,0.67018294,-0.50297797,-0.06755475,-0.49946296,0.47722962,-1.055409,0.3775549,-1.2975707,-1.103687,0.102371,0.72374135,0.3837876,0.21097142,0.38650048,-1.3066541,-0.38922605,-0.86235905,-1.3506119,0.5335487,-0.39305496,0.12644778,0.63078326,1.2535063,0.20815338,-0.55199766,1.8395114,0.23962903,0.5391233,369,4.0
0.106490836,-0.35381582,0.10124627,1.4270387,-0.2562456,-0.36319035,0.407319,-0.10225421,0.99543774,-0.7617784,0.38410637,-0.9885253,0.3599001,1.8971487,0.63830346,1.8047382,0.6094821,0.5941258,0.15684646,1.1689277,-0.6766923,-0.30448964,2.359781,1.2247486,0.5779777,2.0476491,1.9721149,0.8656003,0.62680566,2.8313003,1.2411106,1.6868619,369,3.0
0.13538605,-0.57763994,0.21505204,0.6590793,0.6711139,-0.5095701,-0.05891884,-0.507793,0.4691812,-1.0808363,0.36386898,-1.2631651,-1.1197636,0.11213806,0.69639087,0.40363497,0.21311712,0.38722998,-1.3351616,-0.397385,-0.8629187,-1.377186,0.57345724,-0.39263657,0.124733455,0.6492467,1.302042,0.19757356,-0.60171753,1.8415073,0.24463053,0.5257493,369,4.0
0.105266675,-0.34658042,0.10705024,1.430867,-0.23189428,-0.37521628,0.39917052,-0.17008725,0.9581424,-0.7275013,0.47415727,-1.0414728,0.27064505,1.8905182,0.6046656,1.8305805,0.5587931,0.6768123,0.22799665,1.1673903,-0.6269818,-0.2886487,2.3011458,1.2092677,0.6716406,1.9819396,2.0196936,0.8563759,0.6846379,2.8922265,1.2814413,1.746204,369,2.0
0.13905427,-0.58869743,0.21565673,0.67318237,0.68059695,-0.51327324,-0.07313034,-0.48931104,0.48314056,-1.0910053,0.35041854,-1.2715447,-1.1127813,0.09431655,0.71767515,0.37103504,0.2193428,0.38236165,-1.3852386,-0.41160053,-0.8667872,-1.3939216,0.58353066,-0.39158216,0.11704437,0.6543622,1.2816232,0.202218,-0.60884196,1.8578513,0.2351233,0.53486985,369,4.0
0.09836653,-0.3195952,0.09959318,1.355481,-0.25545844,-0.36432728,0.3914583,-0.14283209,0.929466,-0.6542876,0.42275408,-0.9181516,0.33329836,1.8672745,0.5484681,1.7857009,0.5101442,0.65589815,0.31527022,1.1951851,-0.5594385,-0.19560355,2.2101252,1.2141585,0.64465535,1.9591022,1.9385045,0.79339314,0.6950165,2.820236,1.2559676,1.6636815,369,3.0
0.15517692,-0.60916466,0.20643382,0.9023356,0.5594647,-0.5170715,0.01111144,-0.43764016,0.6657791,-1.16291,0.33226752,-1.346444,-0.9002918,0.44052446,0.80653495,0.67959714,0.34199983,0.39853212,-1.2781498,-0.17626834,-0.9814869,-1.3412597,1.0546478,-0.14281559,0.17045924,1.0158349,1.4691423,0.3963314,-0.48255002,2.1803238,0.3845207,0.7578585,369,4.0
0.14396228,-0.61419076,0.2229066,0.698752,0.68778706,-0.52365655,-0.075757824,-0.48794377,0.49802417,-1.1460593,0.34682545,-1.3063434,-1.147946,0.07740595,0.7711785,0.40345266,0.2388195,0.3639633,-1.4454162,-0.41847122,-0.9262454,-1.4456702,0.59372354,-0.38676244,0.094930395,0.68995297,1.2828072,0.2132082,-0.6262693,1.9212413,0.23430523,0.567188,369,4.0
0.10566138,-0.29306024,0.11921887,1.4823065,-0.24173567,-0.42912313,0.45298636,-0.40332296,0.9445078,-0.55679464,0.7719463,-1.1013597,0.106246516,2.0372462,0.4655105,2.0731,0.3561346,1.0841118,0.6867517,1.3417197,-0.41348144,-0.0861782,2.1755562,1.3332766,1.0431774,2.0271666,2.315362,0.8711488,0.9816887,3.2155142,1.5076089,1.9729415,369,2.0
0.111720815,-0.26628017,0.1347279,1.4109118,-0.21618012,-0.45043167,0.4688077,-0.58791053,0.82785684,-0.4335169,0.98706543,-1.261231,-0.14075695,2.037689,0.40107703,2.1502457,0.21856853,1.2898782,0.9069489,1.3072903,-0.1743243,-0.064227894,1.921204,1.3017589,1.2508829,1.8569168,2.4407017,0.87651503,1.1099646,3.2818198,1.621385,2.0742097,369,1.0
0.120971754,-0.34231052,0.13929294,1.4663846,-0.17813538,-0.48698226,0.41619048,-0.5532171,0.9502064,-0.5718465,0.85049057,-1.3563957,-0.08531357,2.0896587,0.5000597,1.9970387,0.3155155,1.2098905,0.55885386,1.1964122,-0.44390383,-0.21390006,2.043765,1.2656585,1.0837681,1.9634235,2.3403773,0.8890988,0.86900413,3.3582542,1.5657086,2.0050125,369,1.0
0.10995668,-0.34231043,0.1260349,1.4567883,-0.22502771,-0.43509004,0.41476968,-0.37140223,0.97148204,-0.6308125,0.70426714,-1.196535,0.13088493,2.064143,0.5359286,1.9373604,0.42033625,1.007826,0.45716244,1.2208703,-0.5373937,-0.21128726,2.198836,1.2899054,0.9215904,2.0130918,2.250456,0.8682847,0.82311374,3.1397183,1.4864984,1.9298034,369,1.0
0.14451005,-0.5883498,0.21639717,0.6291552,0.6993763,-0.50278,-0.08091728,-0.5095948,0.4637025,-1.0861422,0.3453353,-1.2713252,-1.1507674,0.05241546,0.7073228,0.33849227,0.1962901,0.36545247,-1.3808091,-0.4697799,-0.87069076,-1.4029166,0.54668,-0.44840282,0.095461704,0.6275104,1.2493733,0.20019044,-0.6366183,1.7961131,0.19624138,0.4761924,369,4.0
0.10464531,-0.3988898,0.08980554,1.4171247,-0.22577775,-0.3397773,0.3421124,0.10818516,1.0521111,-0.876979,0.118076146,-0.8275302,0.51627904,1.7618318,0.7270672,1.5827259,0.7664666,0.32538563,-0.21437153,1.0018289,-0.84239876,-0.4683378,2.4534054,1.0698359,0.3003432,2.0277479,1.7536623,0.8438228,0.42024904,2.6585646,1.005101,1.4341472,369,3.0
0.10321893,-0.24963091,0.13067083,1.3747416,-0.23345932,-0.45702797,0.4456941,-0.67292166,0.8285001,-0.40792617,1.0464624,-1.2950251,-0.15770385,1.9552659,0.3727413,2.1532927,0.1809895,1.4105893,1.0297347,1.2999129,-0.08725567,0.023051992,1.7253524,1.2489948,1.3536245,1.7499148,2.529034,0.89892334,1.1266943,3.3354497,1.6050729,2.076482,369,1.0
0.115136966,-0.3907759,0.094237424,1.5197096,-0.25710225,-0.36651826,0.39755952,0.032450438,1.0867531,-0.85088503,0.2636013,-0.945246,0.49927092,1.948014,0.7228469,1.7756689,0.76344067,0.49813563,-0.03562275,1.1458476,-0.75927114,-0.38404796,2.5465765,1.2260894,0.45135763,2.168558,1.9400724,0.93909156,0.52910656,2.8664427,1.1644768,1.6205121,369,3.0
0.10133807,-0.32037857,0.12031773,1.4648138,-0.24781296,-0.42905527,0.44051722,-0.3793358,0.91737586,-0.60204864,0.71908414,-1.171633,0.12815236,2.045386,0.51537454,2.013669,0.41591114,0.9969808,0.56358033,1.2986171,-0.430735,-0.16145693,2.101669,1.2895532,0.93359065,1.9744893,2.2416682,0.87427205,0.8831474,3.1277244,1.4696597,2.003773,369,2.0
0.09763603,-0.3050951,0.121924594,1.4992917,-0.27726337,-0.43576488,0.47219688,-0.416798,0.89615494,-0.54586077,0.80604494,-1.1835258,0.0910984,2.0965288,0.4944286,2.095388,0.3853749,1.076571,0.73354125,1.3537102,-0.34884256,-0.10052933,2.0973032,1.3493421,1.0255022,2.0092194,2.3325124,0.9168632,0.95929784,3.2275283,1.5377666,2.0482216,369,1.0
0.1174639,-0.30382738,0.11903779,1.4645609,-0.2592086,-0.4299294,0.45134506,-0.39456588,0.9232682,-0.5860243,0.7789364,-1.1956077,0.13755676,2.055133,0.5062262,2.0145965,0.40467167,1.0773723,0.6318483,1.3134847,-0.38593918,-0.15005441,2.167052,1.3222772,1.0577391,2.0178494,2.3183718,0.9185926,0.9040847,3.2474713,1.4904972,1.9971073,369,1.0
0.07408478,-0.24740757,0.090830624,1.247098,-0.2374278,-0.33212727,0.4005728,-0.1960096,0.8208803,-0.5282418,0.47056916,-0.8355159,0.30610996,1.7350678,0.4261115,1.6559743,0.4398827,0.70686144,0.41741565,1.0905237,-0.43093988,-0.11294855,1.9364327,1.1375284,0.7446535,1.707996,1.775927,0.7101062,0.7644063,2.587997,1.2522448,1.5404241,369,2.0
0.10277383,-0.35128918,0.104206264,1.456705,-0.23701593,-0.38043606,0.419157,-0.07182014,0.9789418,-0.76219857,0.3760799,-0.991672,0.39033207,1.9288054,0.60475826,1.8652676,0.58534354,0.58737284,0.16413225,1.202148,-0.68509305,-0.2658493,2.3925643,1.2612728,0.54117346,2.1394553,1.9288903,0.8041072,0.6263757,2.9345343,1.2650911,1.6520668,369,2.0
0.13495265,-0.49622875,0.119319946,1.4957864,-0.115816444,-0.41601527,0.33766833,0.018543286,1.1231216,-1.0462475,0.17992383,-1.0668143,0.3469991,1.7850995,0.8313856,1.6356242,0.7775846,0.3976895,-0.4631744,0.936299,-0.98605126,-0.6773726,2.5064316,0.9961568,0.308195,2.0978103,1.901844,0.8820844,0.25472897,2.8624318,1.0121825,1.5020233,369,3.0
0.09856933,-0.2925059,0.11567384,1.4514737,-0.28165856,-0.41947338,0.46156117,-0.41712472,0.9029141,-0.5081744,0.785169,-1.1105105,0.104310885,2.0630682,0.4521285,2.0016365,0.3522753,1.1057531,0.7896171,1.3245945,-0.31568632,-0.074243605,2.0463603,1.3289016,1.0601122,1.9663652,2.2687895,0.9192901,0.9569438,3.1806474,1.5376925,1.9891051,369,2.0
0.109185725,-0.38256043,0.104209244,1.4722226,-0.27054396,-0.37209,0.40489188,-0.07441344,1.0788084,-0.79874253,0.36366713,-0.98644435,0.4384242,2.006957,0.6829191,1.7938708,0.6702148,0.5485109,0.05746521,1.183438,-0.7621958,-0.32413194,2.4444466,1.218134,0.53645396,2.174725,1.9995687,0.87541485,0.62367105,2.9069328,1.268463,1.6985236,369,2.0
0.09939131,-0.2618759,0.13788296,1.452695,-0.21936253,-0.47267306,0.47833443,-0.61899656,0.8537667,-0.43927562,0.99462354,-1.2158754,-0.1062997,2.0322516,0.4097053,2.1300323,0.20151728,1.3707583,0.92666554,1.3438773,-0.20316577,-0.01333147,1.9314041,1.3140528,1.3259641,1.8757571,2.4819918,0.91604275,1.1277022,3.3348026,1.6309166,2.1286376,369,1.0
0.10854234,-0.33863226,0.122668564,1.3875115,-0.20338893,-0.41085708,0.39099514,-0.3568285,0.9161087,-0.65549624,0.63665104,-1.1578524,0.10382986,1.8966465,0.53336525,1.869422,0.41613847,0.88957137,0.4181408,1.1822201,-0.5531423,-0.21252434,2.1348147,1.2067658,0.85937077,1.9299406,2.1209857,0.8016715,0.7555422,3.0553572,1.3793329,1.8139426,369,1.0
0.10565247,-0.43843493,0.073011294,1.5101057,-0.2705725,-0.31002432,0.36262512,0.29458895,1.1685712,-0.9768964,-0.064765856,-0.79750365,0.80173534,1.9152873,0.82168555,1.6183527,0.95132357,0.13524303,-0.39947408,1.1058451,-1.0320275,-0.5229164,2.8290892,1.2000201,0.09969089,2.2015338,1.6474006,0.9179016,0.33934438,2.5622993,0.96342933,1.4510342,369,3.0
0.114382595,-0.36525238,0.099506184,1.4166414,-0.25429094,-0.37411532,0.40944642,-0.06983478,1.032336,-0.7719102,0.35956976,-1.004891,0.41770154,1.9490381,0.65100163,1.8841097,0.6536575,0.60439366,0.1350355,1.1671238,-0.67047125,-0.34010294,2.396187,1.2468555,0.57761705,2.0952814,1.959904,0.908387,0.628812,2.9243264,1.237032,1.7201599,369,3.0
0.10882819,-0.32941368,0.11150874,1.4834087,-0.26043925,-0.40991053,0.4351576,-0.30496678,0.9784696,-0.6373991,0.65111566,-1.110275,0.20036805,2.026992,0.539834,1.9967374,0.4433143,0.92832875,0.5135691,1.32016,-0.52660716,-0.1652894,2.240018,1.2977895,0.88899237,2.0851626,2.2231784,0.86739093,0.86653703,3.1528196,1.4419203,1.9149241,369,2.0
0.15064138,-0.6080736,0.21773328,0.69669443,0.6917929,-0.51519454,-0.07546854,-0.47704852,0.5128308,-1.1390154,0.33465487,-1.2901149,-1.142747,0.06560413,0.7606792,0.40702966,0.23370677,0.3510061,-1.4371359,-0.43830562,-0.9390835,-1.4320245,0.5843171,-0.419241,0.07614193,0.6603653,1.2582492,0.21575226,-0.6338858,1.8956529,0.21918209,0.5144634,369,4.0
0.098340735,-0.23833437,0.1184966,1.3037426,-0.23625097,-0.4067872,0.43229586,-0.47445008,0.7668547,-0.46418113,0.7943131,-1.0591947,-0.03028729,1.8827988,0.38322878,1.9222354,0.23551585,1.0839067,0.75740045,1.209402,-0.27243382,-0.007974988,1.8896884,1.2704662,1.0513914,1.7546986,2.2199242,0.7811451,0.96502703,3.0809999,1.4823471,1.8197284,369,1.0
0.09529394,-0.33965427,0.08565515,1.3865128,-0.2585768,-0.34060913,0.3791992,0.04022813,0.99230164,-0.75162774,0.23725681,-0.7719048,0.4848475,1.8414692,0.6345743,1.6323196,0.6498051,0.44944122,0.032774843,1.0934016,-0.68421954,-0.32134435,2.3190608,1.1610258,0.44432634,1.9821726,1.7784051,0.8178735,0.5542086,2.642813,1.0837889,1.515724,369,3.0
0.117133334,-0.28142065,0.13348629,1.4451929,-0.21835366,-0.45227456,0.46608227,-0.55665463,0.85424984,-0.4820928,0.9571996,-1.2622608,-0.100409985,2.0641186,0.41882202,2.1687398,0.2458785,1.2344741,0.8802286,1.3049991,-0.23378134,-0.07042413,2.025966,1.3520756,1.2165267,1.9324062,2.4691434,0.87617916,1.0993438,3.3245783,1.6319138,2.0842988,369,1.0
0.13475704,-0.57404166,0.21013647,0.722159,0.60702294,-0.508535,-0.026490405,-0.4887997,0.5053422,-1.0704101,0.3803721,-1.2907245,-1.0226033,0.21866411,0.70420617,0.508079,0.2409617,0.4244038,-1.236403,-0.2999438,-0.8735588,-1.3099991,0.66284204,-0.28735986,0.17545053,0.71001625,1.3452002,0.2300248,-0.5225984,1.9325784,0.3534912,0.66554403,369,4.0
0.09363721,-0.30848184,0.1116229,1.384042,-0.24399835,-0.395674,0.40720946,-0.34077513,0.8708626,-0.5900382,0.6833838,-1.0928614,0.11387707,1.9256102,0.503315,1.9026515,0.42324477,0.90457875,0.5239833,1.2182596,-0.43989643,-0.13400051,2.0446851,1.2218591,0.8714382,1.8597195,2.1456265,0.8412972,0.8402377,2.9416194,1.3720402,1.8584006,369,1.0
0.112889364,-0.41284212,0.08420784,1.4908354,-0.25310653,-0.34439945,0.39449728,0.13027817,1.1425527,-0.9067404,0.09532886,-0.8827066,0.6021774,1.9301958,0.78500587,1.7740171,0.8346966,0.31873766,-0.21187341,1.1229681,-0.9046002,-0.46348587,2.6791039,1.2393676,0.2693353,2.2071435,1.754522,0.9242887,0.43979776,2.7332277,1.0903988,1.526946,369,3.0
0.12973835,-0.5687505,0.20875102,0.59070385,0.6990083,-0.48347846,-0.103420414,-0.46228617,0.41075647,-1.0712922,0.30543506,-1.2059177,-1.1460601,-0.022721201,0.7114056,0.24669513,0.21369077,0.33423606,-1.4161147,-0.4987359,-0.85818017,-1.3723073,0.47454575,-0.47073674,0.05301963,0.5572879,1.1239772,0.14389138,-0.6542191,1.6688309,0.16422133,0.45548385,369,4.0
0.14479685,-0.60927594,0.21962789,0.6703899,0.6991504,-0.52040637,-0.08414035,-0.48025572,0.48863208,-1.1296227,0.35494322,-1.2887642,-1.1363368,0.06043502,0.73223484,0.43142,0.23216212,0.37941852,-1.4309591,-0.44523934,-0.9124162,-1.4414445,0.59015954,-0.41993034,0.0946107,0.62506133,1.2588899,0.19101682,-0.64734167,1.8597609,0.24541447,0.53507835,369,4.0
0.10477534,-0.4060428,0.091065444,1.5121554,-0.24801165,-0.34965238,0.37193668,0.13443734,1.1144692,-0.88398975,0.14387088,-0.86602545,0.57933366,1.9080578,0.75946814,1.6512845,0.82709634,0.3516242,-0.1672181,1.0934415,-0.84602,-0.42319936,2.5832746,1.1709365,0.3144652,2.1507099,1.8183345,0.8849344,0.44590807,2.72591,1.0646492,1.5316393,369,3.0
0.106584415,-0.28422952,0.11612733,1.4010956,-0.25035504,-0.4168345,0.42910096,-0.42046392,0.8821213,-0.5551907,0.7704742,-1.1373435,0.08936846,1.9741714,0.471135,1.9179581,0.3628205,1.102656,0.6355038,1.2712256,-0.3428365,-0.10382575,2.0491064,1.2537956,1.0615073,1.9366968,2.2488108,0.8710493,0.90829235,3.1673095,1.4608685,1.9248402,369,2.0
0.10248524,-0.3567484,0.10237032,1.4143039,-0.24001285,-0.37477794,0.39216566,-0.095365524,1.0133318,-0.75126666,0.37116355,-0.96850234,0.37761462,1.9263585,0.6535847,1.7362103,0.62742,0.5956863,0.097916424,1.1253133,-0.71382487,-0.3180472,2.3623333,1.194922,0.5490318,2.0041833,1.9292758,0.8467187,0.61570996,2.7554471,1.2364571,1.6981335,369,2.0
0.09675803,-0.2916983,0.119218364,1.4462831,-0.2770982,-0.42153072,0.45292908,-0.43786964,0.880964,-0.5164652,0.80250955,-1.140696,0.07132468,2.0374744,0.44703507,1.9932985,0.35170123,1.1088586,0.7580588,1.302144,-0.29585448,-0.07692809,2.0406258,1.2969568,1.0634168,1.9499369,2.2964034,0.9216014,0.9739007,3.1821787,1.5102552,1.9862013,369,1.0
0.1088928,-0.34287947,0.12261902,1.4443423,-0.22345084,-0.4315483,0.4181928,-0.35414302,0.97608805,-0.6360807,0.6797708,-1.1774591,0.1553477,2.04564,0.54850316,1.9036329,0.44348842,0.9779279,0.43653396,1.194212,-0.5498537,-0.21009724,2.2024684,1.2716004,0.896022,1.9966835,2.2038805,0.86444366,0.79236066,3.0750747,1.4632807,1.9078798,369,1.0
0.1051836,-0.33713183,0.11800642,1.3765684,-0.23446265,-0.41434363,0.4033613,-0.3548309,0.92579424,-0.6536877,0.6368166,-1.1652136,0.14306924,1.9349355,0.54477775,1.9304781,0.44061035,0.9109231,0.45615956,1.2363919,-0.536681,-0.18219648,2.116426,1.2363439,0.87622344,1.9215624,2.1539056,0.8357212,0.7967186,3.038634,1.4069374,1.9071285,369,2.0
0.10387471,-0.3015593,0.12264691,1.4195238,-0.21987775,-0.4263047,0.43233627,-0.47551164,0.8896803,-0.5574074,0.8057823,-1.1914271,0.027078692,1.9394284,0.4776534,2.0047863,0.32728207,1.1441977,0.67228943,1.2532582,-0.33852145,-0.11102523,1.9938862,1.2263479,1.0560056,1.9467078,2.323583,0.86800694,0.9405454,3.2180696,1.5132284,1.9931979,369,1.0
0.10379581,-0.3375506,0.13509648,1.4697105,-0.20686331,-0.46424943,0.43969145,-0.46165684,0.93950677,-0.6187165,0.8481355,-1.2170322,-0.020102207,1.9953222,0.5419861,2.099292,0.35295933,1.1549703,0.5095874,1.2290626,-0.38060635,-0.24822961,2.125412,1.2230103,1.0470527,2.0435119,2.3526847,0.9269129,0.8947353,3.2168539,1.4942975,1.9999139,369,1.0
0.11817086,-0.40880874,0.1002658,1.3427858,-0.16129124,-0.36733887,0.33669394,-0.004833689,1.0101185,-0.87192696,0.24936272,-0.9743549,0.3590507,1.748804,0.7345599,1.5573355,0.6850984,0.45010564,-0.23375033,0.9269068,-0.81107986,-0.5134769,2.3581471,1.0200121,0.3892399,1.9436308,1.769549,0.85808676,0.3796227,2.595127,1.0206243,1.4776255,369,3.0
0.06633656,-0.23957442,0.09669438,1.2061478,-0.21009654,-0.34104133,0.38401115,-0.22153103,0.7863639,-0.5173318,0.49808592,-0.79231125,0.24662556,1.7177616,0.4110361,1.6330857,0.4294603,0.743332,0.4605598,1.0461596,-0.39569968,-0.08233312,1.8245873,1.0860218,0.7423337,1.6271734,1.795101,0.70144236,0.73518,2.5173051,1.2166811,1.5215384,369,2.0
0.107463986,-0.33418804,0.10406375,1.4795408,-0.27041543,-0.3918821,0.43437436,-0.22092494,0.9933685,-0.6813215,0.53210783,-1.0542367,0.298707,2.033271,0.55971426,1.9457399,0.50745887,0.8180624,0.4052394,1.2932408,-0.59550107,-0.19728726,2.3054907,1.3007092,0.75679547,2.1119416,2.1071894,0.8475571,0.803725,3.0921001,1.4004325,1.8589047,369,2.0
0.11275987,-0.45087358,0.11106312,1.492928,-0.14187396,-0.39473468,0.35384947,0.04039629,1.0634937,-0.97944266,0.17772347,-1.0359634,0.41288558,1.8130478,0.7889126,1.6382374,0.7314741,0.38197315,-0.32587862,0.9875601,-0.9288464,-0.5737756,2.530706,1.0703394,0.27331904,2.1290548,1.8156998,0.8509343,0.3144803,2.7889867,1.0413462,1.514004,369,3.0
0.13727479,-0.5933876,0.21709798,0.6322319,0.7098447,-0.5185305,-0.08860915,-0.4755913,0.45384964,-1.1154667,0.33296198,-1.2414099,-1.1643438,0.038296618,0.72422457,0.34928337,0.22006918,0.36081526,-1.4569855,-0.47146687,-0.8886954,-1.4340099,0.5265412,-0.45215675,0.082440294,0.61611956,1.2120967,0.16423883,-0.6612153,1.7980261,0.18272483,0.4781983,369,4.0
0.15036727,-0.6220704,0.2232396,0.70569634,0.6965477,-0.5271878,-0.06963672,-0.5013663,0.51903605,-1.1546257,0.3536758,-1.3281544,-1.1505758,0.101247594,0.76402855,0.42190376,0.23134558,0.38001826,-1.4475118,-0.42277777,-0.94442654,-1.4626653,0.62293875,-0.4226369,0.09876851,0.68421507,1.3040287,0.22250602,-0.64617705,1.9349167,0.23855814,0.54875845,369,4.0
0.082898,-0.32785258,0.109766826,1.3490624,-0.20273744,-0.38494617,0.3855047,-0.24609369,0.9167718,-0.6677779,0.5036953,-0.97715837,0.22435404,1.821621,0.57585454,1.7236582,0.49764794,0.7499033,0.2962256,1.0836606,-0.5071198,-0.23643072,2.1906514,1.1074725,0.71666753,1.948208,2.0175443,0.81656235,0.670196,2.7701802,1.2353568,1.6101065,369,3.0
0.10283762,-0.35753226,0.106477275,1.5121677,-0.24191573,-0.39657593,0.43917826,-0.1995716,1.0089216,-0.71126574,0.5364238,-1.0610034,0.2967161,2.0270734,0.609627,1.9220442,0.55534923,0.80862874,0.35135344,1.2479017,-0.5922985,-0.26182848,2.3756175,1.2986706,0.7624534,2.1227212,2.1209946,0.9268554,0.75277036,3.0405152,1.3395096,1.8376994,369,2.0
0.12621303,-0.43372318,0.117375866,1.4695115,-0.14889754,-0.39859244,0.3519502,-0.046399802,1.0774511,-0.9413735,0.24888809,-1.0625439,0.33264425,1.7974236,0.78366905,1.6175575,0.6887602,0.42968065,-0.30387497,0.9886323,-0.90277475,-0.55688095,2.4107828,1.0091138,0.4020712,2.1084576,1.8879427,0.83578587,0.37003177,2.793582,1.1232318,1.5309631,369,3.0
0.13667525,-0.5906791,0.21357478,0.57452995,0.71400964,-0.5000106,-0.10770983,-0.47317123,0.44452414,-1.0977643,0.3167036,-1.2152773,-1.1631297,-0.010673568,0.70043355,0.28337264,0.19421744,0.36355126,-1.4401624,-0.4914928,-0.8927685,-1.4239485,0.43654123,-0.4820444,0.054855723,0.5629477,1.1486022,0.13618645,-0.66948813,1.7435411,0.16198058,0.42154098,369,4.0
0.12509683,-0.44366008,0.11436795,1.4544744,-0.16615713,-0.40243682,0.36715648,-0.033763263,1.0640774,-0.9405407,0.26668793,-1.0266974,0.34406656,1.7999123,0.7590109,1.6767503,0.70941293,0.47920498,-0.25143564,0.9804468,-0.8646709,-0.5495506,2.4341457,1.065271,0.41534546,2.0606024,1.9140817,0.8843526,0.3879211,2.8488398,1.0748999,1.5483489,369,3.0
0.098950446,-0.3104883,0.1029716,1.3925772,-0.2410694,-0.38107833,0.43315697,-0.2545883,0.89670473,-0.6124467,0.5951005,-1.0225753,0.22395213,1.9400208,0.5231132,1.8004926,0.47565955,0.83616877,0.44280872,1.2140677,-0.48809078,-0.15641265,2.1319351,1.2443429,0.8441465,1.9420394,2.0595791,0.87934554,0.8023128,2.9527266,1.3206792,1.7617576,369,1.0
0.14524825,-0.61520267,0.2243752,0.6849419,0.71311367,-0.5300605,-0.08110312,-0.4977687,0.49327424,-1.1393601,0.36330372,-1.3136672,-1.1668053,0.07319641,0.7473798,0.4143446,0.22481683,0.38087457,-1.4631009,-0.4578252,-0.9088892,-1.4651437,0.60549164,-0.42673907,0.10789758,0.66018325,1.2825121,0.20477457,-0.65887797,1.8905513,0.22644871,0.53150076,369,4.0
0.105549335,-0.40137228,0.08896469,1.4725769,-0.23508707,-0.3478405,0.36775324,0.09738801,1.0757493,-0.888231,0.1582273,-0.87658554,0.5470288,1.9062319,0.7219933,1.644941,0.7699053,0.3652464,-0.17876099,1.094949,-0.8736518,-0.43027008,2.5356896,1.1358067,0.32064188,2.1114705,1.781903,0.8398637,0.4208079,2.6793485,1.0846183,1.564652,369,2.0
0.09644653,-0.26954627,0.11904217,1.3537142,-0.21043152,-0.41889217,0.4091965,-0.49507087,0.82114327,-0.48750734,0.82683957,-1.117487,-0.002101291,1.8852262,0.40061235,1.8649654,0.27993003,1.1876124,0.74049205,1.2032684,-0.2511089,-0.088439524,1.8701702,1.1882479,1.1082716,1.8114226,2.2300549,0.8595317,0.9402402,3.135082,1.4731239,1.8905269,369,1.0
0.120867595,-0.39115787,0.1186329,1.4899402,-0.16539638,-0.41792062,0.38197714,-0.19177166,1.0162568,-0.7899847,0.43606985,-1.101958,0.21580303,1.8848467,0.66322696,1.8016748,0.5863543,0.6886188,0.023017826,1.0795146,-0.7304118,-0.4321528,2.3639815,1.1896316,0.62643296,2.0557773,2.0351367,0.869272,0.57479864,3.003734,1.2427738,1.7392173,369,2.0
0.11202739,-0.35919774,0.10945915,1.4449769,-0.18475802,-0.3852773,0.39513654,-0.14663737,0.9858668,-0.7769236,0.39495885,-1.0369633,0.27430722,1.8521982,0.63593936,1.7624832,0.5769862,0.63111013,0.08077323,1.0893453,-0.69868135,-0.37173218,2.3356316,1.1545023,0.5821011,2.0348246,1.9662728,0.83381987,0.56840456,2.842268,1.2025521,1.6320933,369,2.0
0.14692084,-0.6298771,0.2246654,0.7108128,0.70806843,-0.5362824,-0.0784306,-0.49417138,0.5166028,-1.1668576,0.37022322,-1.3392649,-1.1527838,0.07186601,0.76138276,0.46476334,0.23843762,0.3955334,-1.4674252,-0.42409283,-0.943371,-1.4823246,0.6501088,-0.41301587,0.10679507,0.66871214,1.3037181,0.20520552,-0.658152,1.934382,0.27151015,0.5577948,369,4.0
0.10742825,-0.3996254,0.09917292,1.5467459,-0.26220143,-0.4024634,0.40062284,0.030966736,1.16793,-0.86613464,0.19618693,-0.89589334,0.49963605,2.1346092,0.714126,1.8139957,0.70891017,0.48154107,-0.11003755,1.178827,-0.84298193,-0.36167628,2.6469932,1.2797045,0.354015,2.3848112,1.80245,0.8485774,0.5331233,2.9066358,1.1428986,1.6600614,369,2.0
0.0973845,-0.26793805,0.111446485,1.3869004,-0.24570996,-0.40627602,0.4256625,-0.39838392,0.84488773,-0.53620714,0.7316699,-1.0738698,0.08142586,1.9561017,0.44449416,1.9557667,0.32720423,1.0449499,0.66589683,1.2598002,-0.36068153,-0.059391174,2.0262775,1.28731,0.9751746,1.9305063,2.2173197,0.8155988,0.91953593,3.1629105,1.4901452,1.9050127,369,1.0
0.12068544,-0.38545352,0.123312354,1.513381,-0.21554586,-0.43879098,0.4213941,-0.2602582,1.0275722,-0.7529998,0.5613555,-1.1662372,0.22026737,2.0262911,0.6256102,1.9943378,0.5281328,0.8573518,0.2743762,1.2147874,-0.62006044,-0.305124,2.3538883,1.2598717,0.76726025,2.1147683,2.2312057,0.9106757,0.73301333,3.219355,1.4122834,1.8972178,369,2.0
0.08868362,-0.3575947,0.11212176,1.4254745,-0.2179026,-0.38467067,0.41328737,-0.14906815,0.9893562,-0.7502835,0.41342506,-0.97859794,0.35081035,1.9488194,0.6176477,1.8120813,0.57884145,0.6867367,0.18376106,1.1546273,-0.6216021,-0.31322244,2.443818,1.2321632,0.5771574,2.1273422,1.9982138,0.8598013,0.6456861,2.939351,1.2665603,1.7213544,369,2.0
0.10715546,-0.34265062,0.11832924,1.4578421,-0.235769,-0.41723627,0.4178992,-0.30847657,0.9446576,-0.66412646,0.6188816,-1.1496319,0.18398495,1.9941274,0.55163085,1.9518913,0.4669938,0.8987294,0.40713477,1.2544566,-0.52225196,-0.23213914,2.190832,1.2611326,0.8397666,2.0095332,2.170414,0.87573296,0.80878955,3.0887277,1.4083959,1.9358773,369,3.0
0.111211225,-0.33981037,0.11408487,1.410069,-0.21876425,-0.40700594,0.3905078,-0.28625256,0.9382479,-0.65673935,0.57095385,-1.0812165,0.17191277,1.9510604,0.55328417,1.7854743,0.4841894,0.84030855,0.28238374,1.110294,-0.5891581,-0.2556517,2.1349223,1.2089652,0.7743837,1.9417644,2.0606623,0.84722316,0.7066176,2.9548,1.3321548,1.7798069,369,1.0
0.10264453,-0.2830496,0.12869889,1.3945997,-0.22420019,-0.44649145,0.46214157,-0.5835881,0.82186496,-0.4718527,0.93414426,-1.2255211,-0.0976838,1.9992527,0.4291924,2.039654,0.23192506,1.2821578,0.85666305,1.3007424,-0.24408051,-0.06963551,1.8549145,1.2636583,1.1885955,1.845613,2.359174,0.8720537,1.0247643,3.266085,1.5475844,2.038084,369,1.0
0.11764175,-0.462092,0.09597744,1.5158001,-0.19795687,-0.35699657,0.33798462,0.1860933,1.1582737,-1.0038229,0.024574911,-0.86710584,0.58639365,1.8123789,0.818418,1.5862899,0.87638533,0.23051812,-0.4374472,1.0107342,-1.0038302,-0.58532757,2.671032,1.062818,0.17168167,2.1482065,1.7866296,0.86820185,0.27959436,2.6616514,0.9537282,1.4030457,369,3.0
0.11825992,-0.44359434,0.11910242,1.3069391,-0.028356384,-0.39329416,0.27459347,-0.095884115,0.9655347,-0.93100244,0.2587226,-1.0262032,0.13388747,1.5186613,0.74088705,1.4362042,0.6315752,0.452082,-0.34180695,0.7859937,-0.81050366,-0.58646774,2.0494773,0.7723608,0.33150524,1.7973073,1.755303,0.71414995,0.22951819,2.5655198,0.89410615,1.3455979,369,3.0
0.10943797,-0.37674835,0.11953521,1.475066,-0.18789662,-0.421541,0.3828334,-0.24586347,1.0133063,-0.7342293,0.53378475,-1.1278763,0.18071552,1.9340168,0.6411365,1.8076862,0.5435439,0.79068065,0.16084266,1.108621,-0.6475081,-0.36580807,2.2978902,1.1926214,0.7143067,2.0400527,2.1068206,0.88600296,0.6473238,3.0373669,1.3102208,1.7666603,369,1.0
0.102872655,-0.27348632,0.13288683,1.304211,-0.19966595,-0.43758765,0.4614049,-0.5673483,0.7563243,-0.49424654,0.8591471,-1.261813,-0.144257,1.8154964,0.4365945,1.8636944,0.23908354,1.2029715,0.67546326,1.1778429,-0.30346236,-0.11736511,1.6609886,1.0968972,1.1610402,1.7177333,2.2334878,0.8213295,0.91156167,3.0774758,1.4503442,1.929117,369,1.0
0.14223443,-0.61036855,0.22228608,0.69435656,0.69137055,-0.51667017,-0.0750853,-0.47508988,0.4851616,-1.1394717,0.35630077,-1.3073727,-1.1632751,0.05699017,0.76710016,0.42488974,0.23278996,0.36025646,-1.460994,-0.43961456,-0.9161366,-1.4400176,0.60769784,-0.388311,0.09299854,0.67438495,1.2571594,0.21249767,-0.6542582,1.8958979,0.2348941,0.55946964,369,4.0
0.09297501,-0.3038874,0.12213874,1.3524499,-0.21320128,-0.40817362,0.40960145,-0.35392123,0.8944649,-0.57843435,0.68127453,-1.0397937,0.13381875,1.880813,0.4929716,1.8743492,0.38155526,0.95079625,0.4927761,1.148973,-0.41497672,-0.19353227,2.105087,1.1879967,0.8996609,1.9183581,2.1594453,0.81794584,0.8353198,2.974564,1.422513,1.7694981,369,1.0
0.111870304,-0.3638388,0.12950827,1.4485654,-0.14444381,-0.45200706,0.38432443,-0.37354687,0.9567371,-0.6785805,0.6425139,-1.1979494,0.04121429,1.9170005,0.580276,1.7857713,0.44763678,0.93688476,0.25153193,1.0607756,-0.57701254,-0.34150374,2.1042252,1.1562302,0.82982963,1.9456683,2.174151,0.8556693,0.68967927,3.0626283,1.3526982,1.8291984,369,2.0
0.114922255,-0.35816148,0.11914419,1.4888831,-0.2079077,-0.42922625,0.41274503,-0.3048525,0.9915649,-0.7179332,0.6105149,-1.1847446,0.17502812,1.9858963,0.605839,1.9498128,0.48031855,0.9067926,0.33209157,1.2006749,-0.5644337,-0.29220897,2.2974265,1.2321838,0.818197,2.0894597,2.214419,0.8773338,0.7515096,3.1903617,1.412428,1.9090922,369,1.0
0.109555274,-0.39874256,0.10104069,1.5257112,-0.25919947,-0.41496778,0.42088288,-0.026684545,1.1350135,-0.88343334,0.34468633,-1.0097972,0.44943872,2.0450268,0.77806157,1.8787379,0.72676325,0.5895633,-0.045244493,1.1352079,-0.7538702,-0.40994957,2.6574607,1.239188,0.4530844,2.3181553,2.0336363,0.90647274,0.5327407,2.9446838,1.193727,1.7205104,369,3.0
0.101350605,-0.31761748,0.09778842,1.4260641,-0.26650587,-0.37704012,0.4083955,-0.19115184,0.9472427,-0.6696669,0.51954436,-0.9925692,0.29485592,1.9724842,0.55557066,1.8533862,0.5205862,0.78027254,0.36502698,1.2405198,-0.5650985,-0.1831967,2.288572,1.2559525,0.7568245,2.0401046,2.05005,0.8351146,0.76306254,2.9889045,1.3558439,1.793995,369,2.0
0.103506744,-0.33015525,0.103007376,1.4265248,-0.26920536,-0.3973651,0.40749684,-0.182343,0.97313076,-0.6663379,0.5102178,-1.0723411,0.31215537,1.969821,0.56709135,1.9071894,0.529127,0.77679724,0.34611812,1.190643,-0.5502458,-0.22957651,2.2553425,1.2911549,0.72417694,2.038732,1.9877454,0.86208713,0.7592359,2.9963217,1.3316767,1.837187,369,2.0
0.119841576,-0.42605796,0.110331506,1.5093288,-0.18864308,-0.40095842,0.35750258,-0.025483739,1.0893897,-0.90616167,0.2669905,-1.0361811,0.36015645,1.8684793,0.76342434,1.6912752,0.7150689,0.4702996,-0.1934563,1.0337373,-0.8530317,-0.5025271,2.46457,1.0983529,0.4127483,2.1403646,1.9139178,0.85551435,0.42767918,2.8518586,1.1293714,1.6047114,369,3.0
0.12837592,-0.4731558,0.10926399,1.4989423,-0.14042228,-0.39451578,0.3403387,0.050631665,1.1287558,-1.0231555,0.14369006,-1.0233825,0.39778495,1.8155988,0.8285474,1.6371657,0.7920823,0.34964398,-0.44303215,0.9804036,-0.9786642,-0.61739665,2.5222657,1.0184854,0.26403454,2.156972,1.8489088,0.8525733,0.2710542,2.8125906,0.98936623,1.4822365,369,3.0
0.109608546,-0.47227505,0.090396196,1.535317,-0.21376204,-0.33864483,0.3467564,0.27204755,1.1683983,-1.0651449,-0.07518792,-0.853502,0.7136034,1.8559453,0.8435961,1.5708082,0.93563986,0.10390148,-0.5387641,1.0416461,-1.0981526,-0.62166184,2.8055968,1.0987843,0.041705802,2.2486281,1.691885,0.8695847,0.21783966,2.6409955,0.9044475,1.3882866,369,3.0
0.13889682,-0.5907996,0.21226738,0.62489706,0.71098405,-0.5094764,-0.08295527,-0.48509556,0.45469305,-1.0911433,0.3398273,-1.249013,-1.1444291,0.03441032,0.7147263,0.32467225,0.20675364,0.3547142,-1.4064692,-0.46993452,-0.8760168,-1.4027221,0.49300975,-0.47123542,0.07569668,0.5557758,1.203101,0.1557875,-0.63976866,1.7669365,0.18837143,0.45674974,369,4.0
0.10738015,-0.29469702,0.11761834,1.4341244,-0.26216665,-0.41474953,0.44957957,-0.38874492,0.90590376,-0.55492604,0.75316,-1.1122812,0.10654192,2.0624382,0.46894357,2.032062,0.37311578,1.01993,0.67975235,1.3109648,-0.40141913,-0.095970124,2.1419895,1.3281003,0.9832176,1.9906101,2.2640028,0.83315855,0.97261375,3.2118256,1.5307628,1.9599874,369,2.0
0.11749163,-0.36477464,0.11891402,1.4993675,-0.20433466,-0.42889604,0.4117538,-0.28858832,1.0132579,-0.7396486,0.57245696,-1.1691364,0.19908468,1.9837619,0.61607426,1.9698098,0.48807156,0.8749207,0.30552542,1.2057985,-0.5930638,-0.31353953,2.3494062,1.2380954,0.78553677,2.1219852,2.2012343,0.8851295,0.72290915,3.208576,1.410156,1.8758736,369,2.0
0.10799837,-0.30088076,0.1377878,1.4165955,-0.22371227,-0.46072897,0.48227823,-0.5977443,0.83001035,-0.48829123,0.94951534,-1.3116226,-0.11638549,1.9525406,0.45896474,2.047314,0.26001137,1.279918,0.8287965,1.2736713,-0.25367528,-0.1053568,1.9339621,1.2578909,1.1797891,1.9005684,2.4094784,0.865527,0.9922059,3.3629274,1.5844728,2.0371408,369,1.0
0.15225872,-0.62418157,0.22274743,0.6882178,0.7057711,-0.5256998,-0.07903555,-0.49543774,0.5159306,-1.1478403,0.3585701,-1.3179669,-1.1659889,0.07367121,0.7537156,0.4323796,0.21750313,0.38732794,-1.4614762,-0.4430537,-0.9421701,-1.4595909,0.5861206,-0.43179598,0.091698214,0.6705142,1.2821906,0.21694064,-0.6559467,1.918943,0.23562607,0.51565236,369,4.0
0.1165652,-0.38838786,0.130829,1.3826183,-0.13687545,-0.44749376,0.4141166,-0.33295757,0.92975336,-0.7723257,0.5642861,-1.181929,0.041873705,1.7702067,0.6597154,1.737462,0.5029572,0.8410764,0.093656175,1.0117569,-0.6262318,-0.42302456,2.078648,1.0271701,0.7472817,1.9265414,2.0674915,0.8289307,0.57959116,2.9985604,1.240724,1.7606982,369,2.0
0.14221041,-0.5863614,0.2173107,0.60095733,0.7069829,-0.50745016,-0.0850411,-0.50566095,0.4426789,-1.1099362,0.34439343,-1.2402326,-1.1738887,0.008833796,0.6979182,0.35328105,0.2117574,0.36043862,-1.4017339,-0.4621198,-0.88569325,-1.4363793,0.54688764,-0.45124653,0.077781364,0.59235144,1.2463667,0.1663963,-0.65468806,1.7972431,0.19822064,0.48583078,369,4.0
0.101976395,-0.30876678,0.13175054,1.5142155,-0.2519154,-0.45952892,0.4627321,-0.5814063,0.8736997,-0.50613356,0.9980993,-1.3414063,-0.10075967,2.056551,0.4825983,2.144727,0.31519145,1.3073975,0.9036938,1.2694943,-0.22054264,-0.095122054,1.9948465,1.3310755,1.2433317,1.9324431,2.4972715,1.0066988,1.0726354,3.4490838,1.5968678,2.1462407,369,1.0
0.10873318,-0.26757458,0.117452934,1.406639,-0.28520787,-0.4117571,0.47433257,-0.43865395,0.8649213,-0.5009948,0.8170463,-1.2150792,0.055978466,1.9167155,0.43578324,2.0808141,0.3303069,1.0496348,0.78907466,1.330073,-0.32810995,-0.036239713,2.0018935,1.3288647,1.0483179,1.9661883,2.1915414,0.7914871,1.007057,3.1022723,1.5582316,1.9290862,369,1.0
0.101154655,-0.3141895,0.11756784,1.3359592,-0.17919223,-0.3965596,0.36796373,-0.20809713,0.94338655,-0.6621673,0.50238717,-0.93486774,0.24251924,1.7883035,0.53615844,1.6986783,0.48144662,0.7270405,0.27915394,1.0300515,-0.57735753,-0.2752187,2.0767465,1.0868855,0.7142081,1.8786288,1.9907472,0.7215562,0.68373305,2.70967,1.285895,1.6221303,369,2.0
0.09405295,-0.3172018,0.09196764,1.3965701,-0.27942833,-0.36064196,0.41275713,-0.07108713,0.9574496,-0.67331696,0.3885007,-0.84395593,0.39935294,1.9332403,0.57714856,1.7296659,0.5534292,0.62143785,0.25824448,1.1883434,-0.5854748,-0.21860543,2.2282102,1.2276703,0.6247721,2.0026615,1.8761053,0.8237249,0.6716295,2.7734675,1.2273345,1.6616827,369,2.0
0.1391071,-0.59948164,0.22041509,0.6048141,0.723065,-0.5122394,-0.09668846,-0.49611318,0.4368507,-1.1238086,0.3324467,-1.2465495,-1.1947559,0.006692335,0.7057371,0.31139353,0.20390105,0.34845063,-1.4705235,-0.5007497,-0.8918046,-1.460471,0.4920293,-0.49493665,0.06243116,0.5844929,1.2395777,0.15318224,-0.69795126,1.7686957,0.15577906,0.4377485,369,4.0
0.09254118,-0.2821207,0.11165388,1.3811707,-0.25844315,-0.4156772,0.43496266,-0.43305668,0.86485577,-0.5290501,0.7910167,-1.1064144,0.062947586,1.9961835,0.47080466,2.000064,0.36884177,1.0409038,0.69659793,1.2805611,-0.32812914,-0.049182042,1.9823704,1.266444,1.0027956,1.8421675,2.2553868,0.85046774,0.9396033,3.0459585,1.4452311,1.9621186,369,2.0
0.11417857,-0.36862105,0.122774586,1.5471312,-0.25383395,-0.43132654,0.4361144,-0.29895827,1.0261933,-0.71212167,0.6145781,-1.1728183,0.245351,2.0973642,0.597598,2.0506837,0.5220706,0.8848817,0.41157386,1.3291047,-0.5841756,-0.258615,2.3913193,1.3647933,0.8628442,2.1633923,2.2961113,0.93355215,0.8421316,3.2923982,1.4725685,2.027653,369,1.0
0.11105992,-0.4297982,0.088725224,1.4008304,-0.20733377,-0.33159238,0.3250043,0.16543847,1.0587498,-0.94958925,0.027868617,-0.82784975,0.57740015,1.7244642,0.7712619,1.4489579,0.8312404,0.210337,-0.4110126,0.92930233,-0.9318056,-0.5515501,2.5161116,1.0045543,0.16600406,1.9747343,1.6801763,0.85333675,0.2834643,2.4493096,0.88707817,1.3553259,369,3.0
0.14437342,-0.6007698,0.20034559,0.88642436,0.5417393,-0.5047376,0.005914524,-0.39991057,0.63464874,-1.154391,0.29967597,-1.3197837,-0.85221267,0.39154813,0.7933775,0.6281915,0.34985435,0.36747777,-1.2700044,-0.1808054,-0.97831535,-1.3257226,0.9870217,-0.1487894,0.12008525,0.93992037,1.3995045,0.35182968,-0.49400795,2.0848253,0.38619483,0.73755544,369,4.0
0.14442898,-0.59701914,0.21896319,0.6421728,0.6994247,-0.51126873,-0.0874126,-0.47277188,0.4637799,-1.120882,0.35275188,-1.2403842,-1.179872,0.024062105,0.7332092,0.38023466,0.21356443,0.35949436,-1.4547601,-0.46861997,-0.9109097,-1.4338666,0.50893635,-0.4388585,0.07464333,0.6229045,1.220514,0.1825347,-0.6616597,1.824714,0.19711608,0.4899444,369,4.0
0.14715742,-0.62140465,0.22553168,0.67951083,0.70330644,-0.53079176,-0.07729706,-0.507246,0.49229625,-1.1516562,0.37699264,-1.3116273,-1.1757421,0.061738677,0.7487008,0.42790914,0.21676403,0.38690498,-1.462047,-0.45298514,-0.93037856,-1.4818301,0.58474135,-0.43013495,0.1040935,0.67183787,1.2878537,0.20269142,-0.6684327,1.8934284,0.2211375,0.51579726,369,4.0
0.103770554,-0.27862245,0.13223475,1.4020076,-0.21822104,-0.44817904,0.45930192,-0.56811786,0.842074,-0.45011622,0.94543505,-1.2361318,-0.090239726,2.0220907,0.4260144,2.1005816,0.23772451,1.2670168,0.8462843,1.2956816,-0.2160973,-0.079004124,1.934289,1.2798036,1.2192069,1.8612391,2.4179537,0.8909114,1.0713068,3.245379,1.5943974,2.0598752,369,1.0
0.11672133,-0.33456767,0.108285114,1.5026405,-0.2711814,-0.40125337,0.429196,-0.23442695,1.0091932,-0.68359923,0.56051004,-1.0864607,0.278317,2.0481198,0.5625547,1.9710586,0.5021894,0.8527281,0.4137669,1.2944658,-0.60390615,-0.20043173,2.3467395,1.3110459,0.8003322,2.1149542,2.1481068,0.8584961,0.8092809,3.095366,1.4305806,1.897264,369,2.0
0.11168173,-0.37356326,0.118122354,1.5120877,-0.22539839,-0.40768868,0.41573104,-0.1768205,1.0201558,-0.7519111,0.47071666,-1.0470707,0.31931266,1.984739,0.6153894,1.886895,0.589746,0.7258864,0.24455898,1.1942348,-0.6406399,-0.29034123,2.414,1.2527772,0.68146414,2.097823,2.1451678,0.9079897,0.6961148,3.0492532,1.29411,1.7808983,369,3.0
0.10634279,-0.3305052,0.11137959,1.4786289,-0.25762224,-0.39649075,0.4233988,-0.25980783,0.96114856,-0.67425674,0.61644626,-1.0520034,0.21755806,2.0318294,0.5173948,1.9792343,0.46950638,0.8453284,0.48141545,1.2800746,-0.5408689,-0.17150885,2.2973602,1.3249427,0.8474578,2.0742936,2.191694,0.8255622,0.8499414,3.1526997,1.4111577,1.8594356,369,2.0
0.11565724,-0.36414775,0.13876925,1.5532023,-0.21086174,-0.46645612,0.42652053,-0.37016106,1.0064074,-0.6932296,0.68660176,-1.1932896,0.14673541,2.0184748,0.58010006,2.0014431,0.45610207,0.94727886,0.4724747,1.2734892,-0.55544716,-0.27443072,2.3049316,1.2712203,0.90069485,2.0950868,2.3218088,0.85602564,0.8561843,3.3005843,1.5007701,2.0261075,369,1.0
0.12027514,-0.44097197,0.11087915,1.409863,-0.12693416,-0.38824376,0.32338732,-0.016041122,1.0387657,-0.93966496,0.21213749,-1.0146029,0.30242553,1.7024878,0.7640816,1.584676,0.6949926,0.42030784,-0.31811062,0.9289521,-0.8826282,-0.5900646,2.3683481,0.9744326,0.35880238,2.0084655,1.8206269,0.8111288,0.3185134,2.7241862,1.022589,1.469947,369,3.0
0.079637066,-0.22327627,0.12780778,1.2972506,-0.23458144,-0.44251707,0.42572698,-0.668369,0.7127954,-0.33580953,1.0681235,-1.2354692,-0.21469663,1.9033501,0.3462525,2.030665,0.13844714,1.4194481,1.0840364,1.2213585,-0.042672306,0.076965705,1.5741084,1.1757379,1.3543731,1.6018382,2.407839,0.8631445,1.130743,3.212215,1.6035857,2.0487149,369,1.0
0.08339295,-0.25879684,0.11932939,1.3129878,-0.2450234,-0.43496883,0.4425129,-0.5210226,0.76978,-0.46726155,0.8855189,-1.1743834,-0.0195693,1.9641668,0.42051414,1.9421843,0.28631532,1.1701227,0.8479788,1.2019333,-0.2053589,-0.012637942,1.8007704,1.2495565,1.1185875,1.7849516,2.3229935,0.85159105,0.9773211,3.182241,1.4925103,2.018042,369,1.0
0.11468445,-0.3947152,0.09827857,1.5708643,-0.26114815,-0.37789097,0.42147067,-0.040147424,1.0971427,-0.83553994,0.32993945,-1.0031797,0.47172022,2.065503,0.7096287,1.859356,0.7200312,0.58866084,0.14480376,1.230675,-0.7832091,-0.3285663,2.5841067,1.3153769,0.5406797,2.2486327,2.0328014,0.92163664,0.6177951,3.0152428,1.2664242,1.790879,369,3.0
0.09661801,-0.2920006,0.122282,1.4011812,-0.22454065,-0.4359155,0.4309782,-0.5176364,0.8503628,-0.5146722,0.8633691,-1.2314233,-0.019278254,1.9282422,0.44375175,1.9766259,0.28173706,1.1975164,0.7358085,1.2072986,-0.28606874,-0.08798997,1.940702,1.2301476,1.1047592,1.8744494,2.336905,0.8850863,0.9680161,3.2445383,1.5255464,1.9648806,369,1.0
0.14790934,-0.60984206,0.21716975,0.6657342,0.69736046,-0.510913,-0.086601935,-0.47171447,0.49863234,-1.1308094,0.34086537,-1.2853343,-1.1363902,0.033256248,0.73760015,0.39756426,0.22100261,0.36408827,-1.4512875,-0.46246862,-0.9343516,-1.4247057,0.55374503,-0.43015465,0.07447043,0.62117016,1.2389618,0.1986181,-0.6552272,1.8438053,0.23152992,0.49351698,369,4.0
0.10246292,-0.3560689,0.106405154,1.4370866,-0.24468324,-0.37715772,0.39396155,-0.13571362,1.0016227,-0.7338122,0.4382334,-0.9865987,0.3316307,1.9576288,0.6215307,1.7989943,0.5872286,0.660036,0.1744545,1.1740289,-0.6764416,-0.29400828,2.3417552,1.2423481,0.61712754,2.039071,2.0085163,0.85496473,0.6705398,2.8773568,1.2749914,1.7148925,369,2.0
0.100223586,-0.30006906,0.11788736,1.2940357,-0.1900349,-0.38762516,0.36498597,-0.33373806,0.81900233,-0.6209206,0.5730467,-1.0596834,0.10572636,1.7625657,0.4971403,1.7104803,0.3861009,0.8082568,0.42188954,1.1033235,-0.48568445,-0.13499191,1.959715,1.107768,0.7834549,1.7945944,1.9739363,0.71301293,0.7385699,2.888321,1.2547086,1.661314,369,2.0
0.084951036,-0.2816022,0.130543,1.3492563,-0.20879576,-0.440146,0.42680886,-0.5228444,0.80079323,-0.4916961,0.8534949,-1.1246403,-0.04950222,1.8460041,0.4424327,1.9318696,0.27690038,1.1596805,0.7111053,1.1722707,-0.24484116,-0.12023415,1.8775373,1.1657296,1.0805805,1.8248798,2.270878,0.83833367,0.9463829,3.136128,1.4897411,1.8485464,369,1.0
0.09434739,-0.30891538,0.11054686,1.2439051,-0.15102294,-0.3623694,0.31714547,-0.09777813,0.8622852,-0.6741882,0.3306871,-0.8557596,0.2654715,1.6717504,0.5568645,1.4984964,0.515648,0.5271168,0.08327483,0.95238614,-0.6341144,-0.29504365,1.9939159,0.98898214,0.55740434,1.7313596,1.7521921,0.65662175,0.56050843,2.4812236,1.0841737,1.428123,369,3.0
0.11241226,-0.39731967,0.092030495,1.4477549,-0.22799048,-0.34941223,0.37870887,0.063787214,1.0697514,-0.876987,0.1717938,-0.89190304,0.48524547,1.8422037,0.7569437,1.6805146,0.7666097,0.3812783,-0.16866276,1.0660013,-0.843267,-0.45728132,2.5291047,1.1613607,0.3277131,2.108452,1.7850263,0.89696836,0.43241864,2.6794152,1.0863338,1.4966471,369,2.0
0.14025623,-0.59869075,0.21563663,0.6555862,0.69592696,-0.5097033,-0.08400681,-0.47095695,0.48011082,-1.0949504,0.3390505,-1.2614852,-1.1315807,0.06457482,0.73397404,0.36670128,0.2238286,0.36266756,-1.4039235,-0.42710164,-0.87999004,-1.4091895,0.5611073,-0.41038325,0.089748725,0.6382635,1.2324686,0.18713616,-0.62233925,1.839788,0.22346215,0.5273466,369,4.0
0.12488821,-0.54803634,0.20780647,0.5613316,0.67597395,-0.48440862,-0.088650696,-0.46981207,0.38030034,-1.0371423,0.31759298,-1.166732,-1.1326605,0.019068062,0.678491,0.25700572,0.19809824,0.33412552,-1.3615441,-0.46441543,-0.80390733,-1.3431271,0.4105312,-0.44620937,0.083592825,0.56652653,1.1360588,0.14161545,-0.6328054,1.6314875,0.13581748,0.43703008,369,4.0
0.10285075,-0.3652335,0.09314506,1.4719057,-0.25802797,-0.35446867,0.38166338,-0.05231499,1.0226384,-0.785589,0.3130505,-0.9211878,0.42743394,1.9518512,0.6574797,1.7592249,0.67409676,0.54750115,0.06994167,1.1526817,-0.70437026,-0.2955371,2.388551,1.2392989,0.50236785,2.1259005,1.8601872,0.8597902,0.6093605,2.8901348,1.1619447,1.6688079,369,2.0
0.12547418,-0.40679827,0.13187604,1.4008162,-0.060994584,-0.43028516,0.33932397,-0.28138074,0.92264444,-0.8203639,0.52518606,-1.1723733,0.010877438,1.6972244,0.6414143,1.6506271,0.5128134,0.76061773,0.025791017,0.9415042,-0.67948204,-0.5187167,2.0293772,0.97431153,0.6703774,1.8734769,2.0172873,0.7962519,0.4700774,2.8970163,1.1707445,1.6606214,369,2.0
0.113364086,-0.33791688,0.12776074,1.4313128,-0.23637038,-0.45924774,0.4442832,-0.4763791,0.9596588,-0.6119664,0.79163074,-1.2777929,0.05297738,2.0600553,0.5420002,2.1019957,0.39281142,1.1079446,0.62408215,1.3080469,-0.45995766,-0.14905974,2.0969806,1.2861446,1.0473322,1.9385848,2.3092911,0.891851,0.892252,3.2425938,1.5641408,2.069304,369,1.0
0.108354986,-0.322745,0.12190896,1.4398283,-0.22363469,-0.44721922,0.44130787,-0.4135279,0.9321346,-0.59769344,0.7376888,-1.2206304,0.087895334,2.0095615,0.51849234,2.0553648,0.4111324,1.0536473,0.57679844,1.2316324,-0.39573246,-0.1770653,2.102976,1.2782224,0.99369943,1.9532497,2.2804077,0.8989371,0.89606297,3.2523437,1.4866529,1.9791107,369,2.0
0.13590646,-0.57837236,0.21320522,0.5843183,0.6883879,-0.49599794,-0.10096782,-0.48541403,0.41429362,-1.0804101,0.31898126,-1.208717,-1.1609398,0.018146858,0.7144995,0.26631424,0.20682478,0.36341092,-1.4073989,-0.4632328,-0.8667386,-1.3980385,0.44319984,-0.45575997,0.07504197,0.59940165,1.1585878,0.15029623,-0.6381861,1.7589654,0.1753748,0.48549962,369,4.0
0.16086757,-0.6198436,0.22228059,0.7652329,0.6951329,-0.5405494,-0.04748618,-0.5251125,0.5324773,-1.1348209,0.412312,-1.3786278,-1.1599861,0.13497153,0.77314764,0.5187983,0.22778325,0.41748205,-1.3883139,-0.39433232,-0.92176837,-1.4335184,0.68929565,-0.37100124,0.16308671,0.7272583,1.362392,0.25207472,-0.57057035,2.0307887,0.30385795,0.602941,369,4.0
0.10819471,-0.4386317,0.087626845,1.4341507,-0.2057597,-0.3274824,0.31820503,0.27746642,1.1214052,-0.9871216,-0.05532863,-0.8021842,0.64324033,1.7437682,0.84496164,1.4303782,0.93338037,0.12144406,-0.526208,0.90955055,-0.96192586,-0.58560866,2.556538,0.9854172,0.056172054,2.0487263,1.5569961,0.86314803,0.1965473,2.402193,0.84704536,1.2558827,369,3.0
0.106706634,-0.38367036,0.11049369,1.4978182,-0.26103386,-0.42636245,0.4372066,-0.18470967,1.0395938,-0.7754659,0.5115901,-1.0804019,0.3137515,2.0544689,0.66182834,1.9498225,0.62073725,0.77438164,0.22567022,1.1816249,-0.6164839,-0.3140578,2.4337163,1.2693802,0.6910173,2.1664886,2.128735,0.92814434,0.69196147,3.1374571,1.3471621,1.8906468,369,2.0
0.13401127,-0.5801815,0.21021394,0.6341016,0.6922992,-0.49225098,-0.09719176,-0.43823934,0.45170087,-1.1015365,0.3058599,-1.1947078,-1.1452452,0.025317676,0.7236521,0.3249052,0.23129031,0.33332837,-1.446354,-0.4544632,-0.89141,-1.3790609,0.4976505,-0.43464267,0.053490292,0.58879983,1.181617,0.15215503,-0.6488496,1.7476176,0.18651226,0.47439933,369,4.0
0.09624038,-0.37971613,0.078469366,1.3714175,-0.25635907,-0.31252158,0.363928,0.1678621,1.0431103,-0.8336527,0.06867351,-0.7495234,0.635562,1.8006306,0.7089469,1.6073695,0.78952974,0.25413236,-0.17857777,1.0729995,-0.8107272,-0.4136456,2.5179832,1.1301187,0.23908912,2.0484898,1.6406208,0.8531017,0.44082034,2.5629976,1.0086839,1.3825338,369,3.0
0.103995115,-0.30760795,0.12504159,1.465243,-0.22825727,-0.44772455,0.4417217,-0.4188658,0.89161074,-0.5963276,0.79954624,-1.1782719,0.05488609,1.909541,0.5110299,2.0030417,0.3757912,1.0833095,0.5408056,1.1747844,-0.34764192,-0.1845309,2.1114364,1.2785285,1.0081141,1.9982381,2.3014479,0.93946934,0.85359424,3.1181095,1.4120811,1.8664147,369,1.0
0.095225066,-0.29147136,0.11180541,1.4420468,-0.29720873,-0.4089038,0.45998862,-0.35450172,0.9126768,-0.5281149,0.72504413,-1.058286,0.17283174,2.081135,0.47142005,1.9876535,0.38099128,1.034803,0.71865237,1.3478388,-0.36719403,-0.07231026,2.0923128,1.3419375,0.9994314,1.9906605,2.2005825,0.88888305,0.9340352,3.126454,1.5111173,1.974652,369,2.0
0.105494425,-0.23690896,0.11928564,1.3237659,-0.24015003,-0.43115836,0.43126807,-0.6127225,0.7774919,-0.4189239,0.9849348,-1.2098963,-0.11664437,1.912881,0.38373587,1.9659276,0.21219653,1.3888222,0.9006865,1.2920521,-0.119656816,0.023568999,1.72453,1.2266986,1.3031571,1.8086228,2.446924,0.90398216,1.0537487,3.285988,1.5343173,1.9909695,369,1.0
0.12390104,-0.4727288,0.09981188,1.5415937,-0.18764621,-0.3667114,0.34677386,0.16985573,1.1690444,-1.039283,0.024420414,-0.9284129,0.5692802,1.8640233,0.84324104,1.6208557,0.873974,0.23067068,-0.49272457,1.0195335,-1.031611,-0.6213546,2.7074256,1.074942,0.16946971,2.2113273,1.7864016,0.8903759,0.25577074,2.7202773,0.9825277,1.44465,369,3.0
0.10248302,-0.33584297,0.111116946,1.4886733,-0.26590395,-0.40490913,0.41648024,-0.25588137,1.012341,-0.65960014,0.6103802,-1.0728409,0.25272086,2.0593235,0.5504174,2.0354586,0.5077409,0.85854846,0.4871333,1.2891693,-0.53273743,-0.19473797,2.3337939,1.3335216,0.83129567,2.1387193,2.188325,0.8579124,0.89253026,3.2117693,1.4425694,1.9094616,369,2.0
0.107088536,-0.4064548,0.10045911,1.4374278,-0.1942278,-0.3743297,0.35226795,0.012279541,1.0506879,-0.87174165,0.22195475,-0.9289421,0.39524877,1.8147929,0.7269197,1.629206,0.70209885,0.435108,-0.17268723,1.0115288,-0.8130303,-0.4680972,2.3974955,1.0573746,0.38977915,2.0342832,1.8373759,0.8381459,0.41523737,2.7266932,1.0598611,1.519454,369,3.0
0.10849458,-0.36154604,0.10438451,1.5166191,-0.26765183,-0.39382634,0.40746832,-0.13529068,1.0486763,-0.7388039,0.45773888,-1.0282625,0.35595733,2.0226576,0.6442135,1.8778143,0.6110664,0.69802773,0.24512707,1.219003,-0.65420645,-0.27499992,2.4045105,1.2687212,0.66865164,2.139553,2.0845733,0.8838692,0.7147388,3.0105596,1.3229258,1.8127627,369,2.0
0.09420477,-0.3272223,0.10334669,1.365154,-0.19303769,-0.3542903,0.35355967,-0.07763526,0.95662665,-0.71460336,0.34045225,-0.8801469,0.35625416,1.7635144,0.5873851,1.6002855,0.5752454,0.54459757,0.11977193,1.0468705,-0.67519164,-0.2962009,2.2100332,1.0944016,0.58102036,1.9038461,1.8433702,0.76021516,0.6332223,2.5945814,1.1665612,1.5075387,369,1.0
0.102066204,-0.3146032,0.11813344,1.4780757,-0.27525866,-0.42393216,0.45369354,-0.3707219,0.9418259,-0.5844227,0.717077,-1.1458026,0.14999297,2.0698981,0.5056293,2.0500655,0.4131235,1.0041937,0.66711843,1.353918,-0.41367617,-0.11340317,2.1469963,1.32754,0.95989835,2.0361722,2.2907696,0.8968822,0.89803016,3.149382,1.5130562,1.9966284,369,1.0
0.13343379,-0.58070153,0.21335635,0.6306689,0.6852015,-0.49498588,-0.09281183,-0.46096897,0.4334627,-1.0866268,0.3146396,-1.224714,-1.1505598,0.042874195,0.73293,0.3312513,0.22727236,0.34149206,-1.4145848,-0.43460214,-0.8713283,-1.38302,0.4998775,-0.42434967,0.06954391,0.6219102,1.1639991,0.15752651,-0.6256804,1.7744346,0.1985247,0.51864696,369,4.0
0.10067502,-0.41723138,0.08126547,1.4658648,-0.24636772,-0.32633382,0.35056135,0.21914555,1.1196231,-0.94018096,0.02561954,-0.76794523,0.6681283,1.8431692,0.758939,1.5867558,0.87038475,0.20136362,-0.33093905,1.0631348,-0.9428858,-0.48624536,2.612538,1.1124994,0.16105309,2.1122756,1.7056389,0.8376693,0.3540684,2.5766,0.9536414,1.4510367,369,3.0
0.10557841,-0.36031008,0.1029558,1.4971037,-0.28883284,-0.38861647,0.41252363,-0.1630628,1.0569865,-0.72615016,0.4814695,-1.0411057,0.36600813,2.0583124,0.6367048,1.9137924,0.6126539,0.7248272,0.2882556,1.2517456,-0.6453108,-0.23777056,2.3875163,1.3225876,0.7002298,2.1373258,2.0802212,0.8999841,0.7555084,3.0627537,1.3537593,1.8462675,369,2.0
0.09416637,-0.308964,0.09926814,1.4016316,-0.2509691,-0.3701809,0.42464477,-0.20156358,0.9252266,-0.65046847,0.5384836,-0.96035135,0.28880712,1.9491931,0.5103484,1.8070174,0.5012256,0.8021526,0.39600742,1.244537,-0.5571089,-0.16847563,2.198159,1.2427257,0.7498527,1.9867849,2.0173192,0.81074923,0.75991535,2.9768493,1.3336434,1.76737,369,2.0
0.1075318,-0.31354463,0.10175417,1.3987035,-0.26135245,-0.379223,0.4172145,-0.17896318,0.92412233,-0.6480731,0.5319227,-1.0081743,0.29589346,1.9326047,0.5543312,1.8224531,0.5229232,0.7723683,0.3561408,1.1817818,-0.52978957,-0.2260561,2.2098875,1.2512704,0.77865404,1.9547006,1.9959953,0.8778592,0.7358246,2.8934546,1.2866701,1.7688259,369,2.0
0.10072464,-0.30048475,0.12336938,1.4787465,-0.2734576,-0.4381147,0.46383575,-0.47178105,0.9045563,-0.5056313,0.8483758,-1.183877,0.045059916,2.0838656,0.4556506,2.051994,0.33049121,1.1864651,0.8226269,1.3367028,-0.30098704,-0.08463563,2.0581317,1.3407887,1.1330286,1.983696,2.3323095,0.94347095,1.0004008,3.3031263,1.5854207,2.0633607,369,1.0
0.08568709,-0.28990784,0.11099166,1.3424287,-0.25475538,-0.4134121,0.42651775,-0.3502128,0.8744885,-0.5788959,0.6971352,-1.0759948,0.14322813,1.984088,0.5190878,1.8808168,0.42028314,0.9654999,0.58955395,1.1603802,-0.35407168,-0.12591346,2.094731,1.2379782,0.8589263,1.9697752,2.1399987,0.8585499,0.84768516,3.0360408,1.4053665,1.8753743,369,2.0
0.10470958,-0.33968922,0.10203007,1.4312272,-0.23264894,-0.3784049,0.38324714,-0.13028847,0.98135424,-0.7193438,0.44022104,-0.93970764,0.32517573,1.8962913,0.59097475,1.7508748,0.5556363,0.69384813,0.23002478,1.1660328,-0.6258106,-0.26505214,2.3243055,1.1930512,0.6585787,1.9967917,2.0002477,0.8333551,0.64808553,2.8243525,1.2308849,1.686571,369,2.0
0.087244794,-0.31781894,0.0970245,1.3978994,-0.27693385,-0.38904527,0.4138061,-0.15295798,0.9826033,-0.6883499,0.49053976,-0.96829486,0.35260808,2.0253904,0.62747025,1.8338169,0.5718087,0.73977625,0.33701783,1.179999,-0.54573923,-0.20897692,2.3680487,1.292119,0.6281261,2.1774237,1.9841957,0.8418543,0.7230907,2.8767574,1.2683744,1.8194706,369,2.0
0.14667706,-0.61962825,0.22496039,0.67447877,0.7201769,-0.5342225,-0.08435332,-0.50846976,0.48651364,-1.1444893,0.3702974,-1.3157454,-1.1947962,0.07392837,0.7394246,0.40178826,0.21718979,0.3877133,-1.4715014,-0.45895097,-0.9151602,-1.477296,0.5631497,-0.45089108,0.10447401,0.64863217,1.2861675,0.18620135,-0.6640482,1.9156616,0.21457654,0.52281046,369,4.0
0.10891284,-0.38833767,0.09769912,1.4658327,-0.24042356,-0.3602761,0.3801775,0.007137727,1.0586289,-0.83168757,0.25157386,-0.8894289,0.4442688,1.9061373,0.6972943,1.7217011,0.70625883,0.4616735,-0.07726197,1.125746,-0.79836124,-0.38193205,2.4352307,1.1828012,0.4212257,2.1129503,1.860524,0.85789824,0.5191975,2.7901545,1.1288252,1.5565081,369,3.0
0.105642095,-0.37331885,0.096797824,1.4376637,-0.25031114,-0.35936385,0.3817609,-0.0055691097,1.0437948,-0.8098882,0.26699802,-0.90930814,0.4413588,1.9083942,0.7038425,1.7093554,0.693031,0.4820504,-0.04566562,1.1206731,-0.7765552,-0.37497604,2.450687,1.1870911,0.4337481,2.0827374,1.8531932,0.86751145,0.5414187,2.7382054,1.164208,1.5944479,369,3.0
0.11525418,-0.31849793,0.12378669,1.505764,-0.24146444,-0.43682858,0.44691026,-0.40528,0.95509416,-0.59456295,0.8066416,-1.2003133,0.07356863,2.1007347,0.49458298,2.156371,0.3842873,1.0606165,0.68664134,1.3363048,-0.40589854,-0.14894947,2.24367,1.362867,1.0443355,2.0799003,2.377919,0.8830753,0.9993506,3.3196268,1.5588609,2.0314798,369,1.0
0.09887473,-0.30268493,0.1229552,1.4758193,-0.2605811,-0.43992797,0.45604885,-0.52507794,0.86443794,-0.5212209,0.9216261,-1.2724102,-0.03440602,2.0337691,0.4778314,2.0907757,0.33637214,1.2192844,0.8338589,1.2687157,-0.24966788,-0.08644359,1.984236,1.3143992,1.1601365,1.9231547,2.4251447,0.97347856,1.0334901,3.3394766,1.5391158,2.0923731,369,2.0
0.11112554,-0.49227265,0.09265402,1.5521513,-0.20146593,-0.3400588,0.3427922,0.32225886,1.1915705,-1.1138551,-0.12375699,-0.8138314,0.75353473,1.8233036,0.8542962,1.4999484,1.0040405,0.049640812,-0.6169759,0.9808752,-1.1404119,-0.66711265,2.8538125,1.0583447,-0.021860713,2.2329013,1.7206879,0.88085264,0.15170649,2.608651,0.84587705,1.3601866,369,3.0
0.08359468,-0.2721415,0.1188796,1.3191007,-0.25836375,-0.4250721,0.45186183,-0.5033971,0.7486784,-0.42781517,0.8333825,-1.1575031,-0.06674559,1.9077317,0.4221451,1.931871,0.23696655,1.182683,0.6457212,1.1901056,-0.17849278,-0.060551543,1.8002431,1.1475557,1.0521057,1.7670319,2.2369306,0.8909267,0.9900632,3.089972,1.4510701,1.8781163,369,2.0
0.105593204,-0.3385306,0.115697935,1.4578048,-0.14359918,-0.3976607,0.3790395,-0.20461266,0.9344321,-0.77344155,0.43284002,-1.0426329,0.21600518,1.8023133,0.56296074,1.7602097,0.49830168,0.68674713,0.20011555,1.0984032,-0.59617114,-0.34028253,2.1891825,1.1266084,0.62005293,2.0118637,1.9700407,0.753878,0.63242525,2.936402,1.1277455,1.6162049,369,2.0
0.14455384,-0.6111264,0.22021611,0.7549797,0.66033113,-0.5246853,-0.057314545,-0.48058242,0.5334415,-1.1716847,0.33463436,-1.3338549,-1.097088,0.12693143,0.7797434,0.46152312,0.26330477,0.3517229,-1.4188081,-0.38664505,-0.9644085,-1.4412292,0.6895596,-0.34444326,0.09683218,0.7394977,1.3081195,0.23962973,-0.60430026,1.9478902,0.25321898,0.57606864,369,4.0
0.10383773,-0.36050987,0.116665065,1.4319531,-0.21339533,-0.4110644,0.39418018,-0.2615138,0.9733649,-0.697693,0.5493729,-1.1268702,0.20221987,1.9362555,0.58799255,1.867058,0.4987597,0.7996718,0.30339804,1.1871998,-0.6002728,-0.29036063,2.230434,1.2200853,0.73420745,2.0051963,2.126833,0.85036904,0.717226,2.97576,1.3570385,1.8131119,369,2.0
0.11555292,-0.42502663,0.10303515,1.4343939,-0.16238555,-0.3765537,0.33650833,0.015007902,1.0493616,-0.91692483,0.2082783,-0.98101985,0.37934354,1.7526405,0.7591055,1.581763,0.71658826,0.4209452,-0.2563144,0.96739304,-0.85754323,-0.5419648,2.434035,1.0354469,0.36716586,2.0121427,1.8175397,0.8462682,0.3641281,2.6788902,1.0326544,1.4691845,369,3.0
0.0804035,-0.24407756,0.11085668,1.3341274,-0.23665226,-0.40803152,0.43309703,-0.47785115,0.7391537,-0.43813872,0.83651257,-1.0823958,0.005118087,1.8344923,0.40996256,1.9263384,0.28607416,1.0850427,0.7616636,1.2236278,-0.18161297,0.031736802,1.7365016,1.197874,1.0682801,1.7628849,2.1022453,0.77066743,0.9367849,2.9733524,1.4171991,1.7774261,369,1.0
0.10839154,-0.2856313,0.13680029,1.4203691,-0.22568846,-0.4626697,0.46291855,-0.6025724,0.8420058,-0.4948711,0.97736144,-1.3165275,-0.12040995,1.997821,0.44465023,2.0915797,0.22994514,1.335857,0.8433763,1.280593,-0.24786356,-0.058469687,1.8258704,1.2361723,1.2685789,1.8849753,2.4304132,0.9070796,1.054064,3.3220623,1.6080521,2.131603,369,1.0
0.09575771,-0.28716686,0.11133438,1.3657799,-0.23049134,-0.4010265,0.4157819,-0.37383208,0.8680926,-0.5426918,0.7021842,-1.0425617,0.11468099,1.9478335,0.44296724,1.8270426,0.36232132,1.0519909,0.61879534,1.2064686,-0.37719396,-0.12744458,1.9819407,1.2203072,0.9713115,1.8706783,2.1090293,0.8460132,0.85731936,3.021924,1.4302855,1.8847415,369,2.0
0.113601804,-0.33281898,0.11712074,1.5053229,-0.25284064,-0.42144033,0.4351366,-0.3134235,0.9906887,-0.65372026,0.658682,-1.1224991,0.19326004,2.090306,0.54216576,2.04682,0.45549113,0.91094697,0.520385,1.2932044,-0.5224514,-0.18406972,2.321516,1.3345912,0.89328706,2.133017,2.264637,0.8636445,0.89841044,3.2434456,1.4903013,1.9412767,369,2.0
0.14681074,-0.58684623,0.19592719,0.9443758,0.4877619,-0.50246835,0.0457524,-0.3863883,0.693671,-1.128901,0.32240993,-1.2937148,-0.7725496,0.5729067,0.80151576,0.7501793,0.37676877,0.40269744,-1.181934,-0.04597793,-0.9417963,-1.2465556,1.153081,-0.037795246,0.17619778,1.1017233,1.5092434,0.41691023,-0.40382463,2.226134,0.45140052,0.8394772,369,4.0
0.12787277,-0.5625913,0.19837642,0.73583347,0.57104987,-0.48605353,-0.018019833,-0.40791932,0.55815196,-1.0935881,0.28621483,-1.1964883,-0.9045926,0.27385977,0.7243948,0.48639616,0.28548187,0.35168612,-1.2793607,-0.26245573,-0.9016382,-1.295104,0.7585844,-0.24716386,0.086492874,0.8085415,1.2867002,0.26827297,-0.5257572,1.8987825,0.28745753,0.58098066,369,4.0
0.09202932,-0.29038823,0.123099566,1.3702083,-0.2342434,-0.423482,0.42927825,-0.49878144,0.8134302,-0.5055446,0.8372139,-1.1555375,-0.031502627,1.9464613,0.42251134,1.9303961,0.30098403,1.1345633,0.7417239,1.1820896,-0.27558866,-0.066428564,1.865785,1.2240964,1.0349865,1.8157233,2.3223717,0.8790099,0.98131263,3.2033212,1.4808786,1.9270308,369,2.0
0.097705975,-0.28919894,0.12261085,1.4566643,-0.2495201,-0.46271205,0.459093,-0.5224775,0.8259052,-0.529286,0.9618647,-1.2400502,-0.05709697,1.9750351,0.4963556,2.0857887,0.28297696,1.2119951,0.73236704,1.3307387,-0.21196172,-0.037411913,1.8539361,1.256883,1.1256859,1.9553512,2.3162758,0.8287272,0.981238,3.2129462,1.5125556,1.9481086,369,1.0
0.13842098,-0.6039244,0.21985467,0.66825145,0.7049841,-0.5089799,-0.092464946,-0.47183812,0.46920916,-1.1270927,0.3365212,-1.2752597,-1.1596334,0.028080955,0.7561859,0.35061452,0.22946769,0.35837623,-1.4636183,-0.45946205,-0.9120026,-1.431731,0.5726795,-0.4283955,0.07684785,0.6266717,1.2147676,0.17957097,-0.6546191,1.82256,0.22152576,0.5367651,369,4.0
0.106461,-0.4288007,0.0947067,1.5142772,-0.24068502,-0.3556405,0.34996474,0.14098257,1.1479919,-0.9237199,0.099899754,-0.8432504,0.5842668,1.8700073,0.7739809,1.6665703,0.83813804,0.30202264,-0.27808505,1.0679227,-0.91193783,-0.49031565,2.638413,1.1426739,0.2602933,2.2222219,1.813639,0.86997235,0.41392964,2.8386333,1.0408853,1.4869587,369,3.0
0.10148011,-0.28613597,0.12911546,1.3613776,-0.22722825,-0.43856433,0.4374937,-0.5619983,0.77722305,-0.48445824,0.8751594,-1.1837316,-0.10993157,1.9528033,0.3999422,1.9788065,0.25158185,1.1823955,0.7862478,1.1988279,-0.24610597,-0.059132244,1.7766968,1.2229748,1.0971863,1.7600776,2.3854783,0.8774113,1.0028821,3.2624822,1.5225817,1.931697,369,1.0
0.11908175,-0.41921026,0.10699019,1.4887985,-0.17841052,-0.38423815,0.36016408,-0.020366073,1.0569551,-0.8832688,0.25325757,-0.979108,0.36570317,1.8192142,0.7314132,1.6684376,0.71387815,0.4688658,-0.14426167,1.0141828,-0.8242237,-0.46577376,2.3530617,1.0887283,0.41665438,2.091783,1.8876635,0.857802,0.43786252,2.8063629,1.0752332,1.5421679,369,3.0
0.09829672,-0.31571802,0.11889848,1.4801289,-0.27762708,-0.42268375,0.4474623,-0.38909194,0.9087924,-0.58266115,0.7557045,-1.173784,0.11013609,2.0597658,0.50799847,2.0288863,0.4119588,1.0408292,0.64484346,1.3003567,-0.38575247,-0.13153358,2.1138806,1.3094639,0.994102,2.0013297,2.307685,0.93009216,0.9261778,3.1842039,1.4882622,1.9968162,369,2.0
0.15158696,-0.6069565,0.21467522,0.69845724,0.67127335,-0.5094875,-0.06615385,-0.51148266,0.514483,-1.1026309,0.36809698,-1.3341281,-1.11642,0.13426022,0.7434968,0.4351453,0.22289032,0.3844221,-1.3610013,-0.3927129,-0.9072258,-1.3996507,0.64706373,-0.38449693,0.12039993,0.70267767,1.3062,0.24382113,-0.60809076,1.8786163,0.25327986,0.54169464,369,4.0
0.106941804,-0.3663595,0.1200719,1.440767,-0.19467914,-0.4158893,0.38382483,-0.24057034,0.977689,-0.72199786,0.5109897,-1.1125998,0.18635668,1.9175862,0.61379033,1.8195802,0.5121279,0.7619114,0.2061312,1.1263003,-0.63851243,-0.34210724,2.2329776,1.1816856,0.6876914,2.0169826,2.0887136,0.8489021,0.65615135,2.982827,1.3013854,1.7468562,369,1.0
0.10250783,-0.30768472,0.12851982,1.4114959,-0.22658432,-0.44468495,0.437006,-0.5129109,0.8925902,-0.50180423,0.8718102,-1.2511127,-0.007599771,2.0276735,0.47464737,2.11845,0.29507706,1.173967,0.76566905,1.2749076,-0.28365138,-0.12265414,2.0039217,1.294741,1.1341647,1.9233876,2.3620672,0.90501374,1.0377228,3.1917713,1.5750047,2.061463,369,1.0
0.116239265,-0.38201055,0.11412373,1.4045079,-0.17759208,-0.4041947,0.38605508,-0.19602111,0.98476166,-0.78407955,0.46784562,-1.1067766,0.23868959,1.8789762,0.65894777,1.7454813,0.55955994,0.7094901,0.107264474,1.0759057,-0.66574126,-0.39105886,2.2677114,1.1088322,0.63912207,2.013591,2.0366764,0.86583483,0.5908531,2.9353032,1.2412188,1.705552,369,2.0
0.105113655,-0.28646973,0.13034843,1.4162948,-0.22677067,-0.46379238,0.44365802,-0.5997999,0.90931314,-0.49916855,0.94554055,-1.284425,-0.053252257,2.0248308,0.43427277,2.1542742,0.27364072,1.2962002,0.8543928,1.3057016,-0.1939613,-0.060286496,1.937701,1.2852051,1.230693,1.8875479,2.5830863,0.91908926,1.0535526,3.4469912,1.5566906,2.0581017,369,1.0
0.11675739,-0.36611474,0.11431657,1.4485415,-0.16217467,-0.39395666,0.38331833,-0.11281338,0.9825816,-0.8272926,0.36479133,-1.020293,0.29187036,1.8440326,0.6267631,1.808496,0.5692541,0.5729433,0.053490736,1.1250077,-0.6729358,-0.40127188,2.329128,1.1789997,0.51822704,2.102624,1.9189152,0.8000914,0.566599,2.874242,1.1202796,1.6333423,369,3.0
0.114602804,-0.3812294,0.114387885,1.5052477,-0.214268,-0.39632046,0.39694938,-0.1783696,1.0082687,-0.7771699,0.4231588,-1.0471313,0.3104186,1.9838542,0.6566138,1.8464109,0.6081291,0.67702717,0.16335706,1.1830033,-0.69056314,-0.33362532,2.4113233,1.2467531,0.6368832,2.0728512,2.0737045,0.89572203,0.67432415,3.033545,1.3042514,1.8042498,369,2.0
0.09966241,-0.30442825,0.115036786,1.4335032,-0.2626225,-0.4169718,0.439497,-0.4334018,0.86179066,-0.56115067,0.79543126,-1.194322,0.05810151,1.9846143,0.48562077,1.9996893,0.36611035,1.0805619,0.6811661,1.2565159,-0.3288147,-0.10819182,2.0146854,1.2758797,1.0310497,1.9316697,2.3101609,0.9233696,0.9455629,3.2133393,1.4669591,1.9832098,369,3.0
0.14461344,-0.6224141,0.22121991,0.6628628,0.72193784,-0.52440333,-0.08816426,-0.49360597,0.48459592,-1.162979,0.34273607,-1.30272,-1.1674247,0.039427236,0.7491489,0.3827921,0.23105735,0.38504353,-1.4878267,-0.46216092,-0.94298494,-1.4839123,0.6122323,-0.45061865,0.0851787,0.6703254,1.2650173,0.17908522,-0.68988705,1.8935751,0.2230475,0.5024198,369,4.0
0.09278153,-0.30509853,0.1067238,1.4284855,-0.28617162,-0.4033586,0.44462374,-0.2650163,0.91177225,-0.5672469,0.6433759,-1.003787,0.23540308,2.0469384,0.5176958,1.9485495,0.425242,0.87814415,0.56272924,1.3319705,-0.4394648,-0.115107566,2.1051805,1.3064505,0.8634244,1.9984134,2.072191,0.8282905,0.83693767,2.9804275,1.4307549,1.8921741,369,3.0
0.1005258,-0.35228583,0.08354427,1.4184184,-0.2671143,-0.36517686,0.39544114,0.039149098,1.0416694,-0.7741461,0.29727313,-0.91130865,0.4884829,1.8454717,0.7064118,1.7818401,0.69715536,0.5007572,0.00052313786,1.0890924,-0.7165971,-0.355124,2.4570794,1.2257191,0.44138643,2.127402,1.8020664,0.8657589,0.5515751,2.7405643,1.1330172,1.6151068,369,3.0
0.11114295,-0.36340708,0.09706549,1.4061466,-0.24196067,-0.35525212,0.36974043,-0.072514616,0.9992964,-0.7642522,0.3368769,-0.9124968,0.38566905,1.8974756,0.627676,1.7204728,0.64054674,0.52622265,0.036928743,1.1440896,-0.7065284,-0.30647764,2.3194497,1.210297,0.50468534,2.0523026,1.8387043,0.8237384,0.5987033,2.8081057,1.1629186,1.6887906,369,2.0
0.097514555,-0.31429717,0.102731645,1.3855821,-0.25624132,-0.37394506,0.4066642,-0.23556647,0.90255255,-0.6505387,0.55223525,-1.033288,0.23694842,1.9038439,0.54032034,1.8609023,0.498249,0.7637998,0.39917478,1.2161098,-0.51676327,-0.16185687,2.1642354,1.239024,0.7690672,1.9083701,2.0322804,0.82795244,0.77930963,2.9495,1.3094732,1.7976,369,3.0
0.10945055,-0.35789618,0.10920797,1.4648066,-0.2327871,-0.39232904,0.38919145,-0.20330329,0.9867902,-0.73188996,0.50475657,-1.059953,0.250331,1.9496143,0.6059022,1.8402277,0.5697717,0.770719,0.22459242,1.150303,-0.6257215,-0.29861346,2.2968428,1.2356924,0.7056092,2.0651724,2.0098615,0.8847407,0.68917805,3.0223017,1.2772197,1.7523791,369,1.0
0.107629016,-0.32323572,0.1349121,1.2772014,-0.10753062,-0.4472018,0.35860005,-0.48916984,0.7789541,-0.5922923,0.78739417,-1.1912471,-0.19790234,1.5770962,0.4939145,1.7515268,0.28592354,1.0294269,0.34687313,0.89782035,-0.31505737,-0.3370625,1.7026279,0.923329,0.93444735,1.712605,2.152234,0.811983,0.6775424,2.8428903,1.2270117,1.6146281,369,1.0
0.11940886,-0.40777212,0.12120359,1.406473,-0.13801542,-0.41464812,0.35251942,-0.15885979,0.97752297,-0.8397297,0.4039977,-1.078772,0.1685569,1.8008332,0.6888964,1.6347461,0.5768407,0.64639854,-0.06557227,0.9803149,-0.7151525,-0.47662446,2.2260783,1.0143092,0.5921658,1.9265707,1.9295063,0.84678566,0.43549997,2.8363938,1.1458138,1.6439697,369,2.0
0.13397087,-0.57856476,0.21274318,0.601925,0.6959097,-0.50220954,-0.09658698,-0.47535557,0.4177965,-1.0860043,0.30650362,-1.2057269,-1.1645653,0.030280411,0.71330607,0.2768472,0.21837206,0.3443004,-1.4272758,-0.45881876,-0.86581594,-1.3977153,0.4473636,-0.46415737,0.06348125,0.59775895,1.1690139,0.14238991,-0.6451685,1.7552861,0.1576898,0.47228748,369,4.0
0.07670108,-0.22868627,0.08589891,1.318048,-0.29361087,-0.34578282,0.44805974,-0.28604516,0.77541137,-0.46806437,0.59476924,-0.9195326,0.25190616,1.8192557,0.42123824,1.7740701,0.37752128,0.81705815,0.5737153,1.2389642,-0.34009808,0.011612508,1.8905948,1.2043272,0.8492983,1.7224253,1.8967731,0.7106633,0.8920073,2.730128,1.336522,1.6736928,369,1.0
0.09866056,-0.35439143,0.10036045,1.4921844,-0.25115892,-0.37474227,0.40790537,-0.07879012,1.0363714,-0.7398129,0.38375634,-0.9597788,0.42923614,1.9844362,0.6279695,1.8282888,0.6524531,0.627954,0.22783601,1.2157072,-0.6531006,-0.25140432,2.4211328,1.2608925,0.59693414,2.0861306,2.0075011,0.88413715,0.67642933,2.8931,1.2282822,1.7217286,369,2.0
0.1550996,-0.61252904,0.21158439,0.7514505,0.65860087,-0.5103841,-0.056379117,-0.454833,0.565703,-1.1410775,0.31861863,-1.3152938,-1.049083,0.1856232,0.7803834,0.46140438,0.27094585,0.37282467,-1.3856046,-0.35505775,-0.94400615,-1.3978,0.70980823,-0.3578714,0.09743804,0.74426025,1.3212888,0.27354056,-0.59528756,1.9678707,0.26464334,0.59433204,369,4.0
0.083355024,-0.24486566,0.112835616,1.3441159,-0.26256093,-0.414637,0.4631493,-0.54969394,0.7287381,-0.41247627,0.86542404,-1.1691959,-0.010658139,1.8971554,0.37827644,1.9614624,0.23748022,1.1503943,0.8160313,1.2727469,-0.12815039,0.0364507,1.8010986,1.2200334,1.1607045,1.8083849,2.1763957,0.8137671,1.0321276,3.1549222,1.5078807,1.8548025,369,1.0
0.10275084,-0.37297192,0.09306724,1.3702041,-0.21577415,-0.3590708,0.35283706,0.06050201,1.022543,-0.8326924,0.13908362,-0.77494437,0.43667012,1.8395399,0.6744818,1.5869808,0.6977776,0.38140714,-0.17009957,1.0285307,-0.8081143,-0.40054098,2.392089,1.1121907,0.2877669,2.0950258,1.6233045,0.821946,0.41197115,2.5829968,1.0151862,1.3909013,369,1.0
0.15087846,-0.61268073,0.21865678,0.724286,0.67469317,-0.5205654,-0.05397676,-0.4885713,0.52672255,-1.1254797,0.3664181,-1.3164029,-1.1229472,0.14298555,0.7636922,0.47019342,0.23548973,0.38199532,-1.4034084,-0.387922,-0.91840667,-1.4094244,0.6636313,-0.37852335,0.11074488,0.71596277,1.3188974,0.25048777,-0.62207526,1.9456805,0.2671365,0.5784988,369,4.0
0.101880714,-0.29626203,0.10348201,1.4330015,-0.28482488,-0.38077056,0.43334472,-0.20304798,0.9415983,-0.6590024,0.5038861,-0.9884418,0.31390426,1.9956306,0.53774655,1.9029554,0.46870047,0.7551892,0.39112705,1.2583568,-0.5766042,-0.16769046,2.306767,1.3124044,0.7120814,2.0733864,2.0333133,0.820344,0.774942,3.030701,1.3807456,1.7243755,369,2.0
0.12987977,-0.53080475,0.20270456,0.6095846,0.6309837,-0.47818863,-0.044365875,-0.5107613,0.43690768,-1.009387,0.39205694,-1.2482486,-1.0507084,0.13978234,0.64789546,0.42683703,0.19098413,0.40377864,-1.1683685,-0.33395317,-0.7795057,-1.279956,0.6115798,-0.3080191,0.19583829,0.69078135,1.2518811,0.22570182,-0.50822425,1.7730844,0.25925577,0.5432027,369,4.0
0.08774716,-0.3156225,0.10239793,1.3762562,-0.22710127,-0.3803837,0.40306786,-0.2072164,0.9433467,-0.64903015,0.5492251,-0.95618117,0.26785594,1.9353572,0.52545524,1.8043541,0.5025155,0.8170396,0.38006496,1.2338984,-0.5296028,-0.17394347,2.2008555,1.1979767,0.76117164,1.9434128,2.0428915,0.8225323,0.7405566,2.9315848,1.27686,1.7418278,369,1.0
0.13437232,-0.5638348,0.20419197,0.72651243,0.5849361,-0.4943951,-0.011563916,-0.45580977,0.5327067,-1.0776389,0.33488145,-1.2417526,-0.96272635,0.25983417,0.703978,0.5131133,0.26715243,0.38931668,-1.2411749,-0.25764033,-0.884356,-1.3105285,0.7463273,-0.25281245,0.13573922,0.81088775,1.348517,0.27198923,-0.5086874,1.941978,0.32186586,0.6152229,369,4.0
0.10255252,-0.3488513,0.118441954,1.439191,-0.2275053,-0.4142697,0.40864363,-0.2840315,0.9486011,-0.67223525,0.588506,-1.128205,0.17949422,1.9652926,0.5608537,1.9009876,0.4711693,0.8452571,0.38543433,1.2127097,-0.5506264,-0.25497246,2.192388,1.2268536,0.7821984,2.004764,2.1537871,0.8596423,0.7547248,2.9978688,1.388124,1.8444058,369,1.0
0.09908746,-0.36966348,0.10227001,1.3283262,-0.16038692,-0.35426584,0.33047414,-0.05132883,0.93442756,-0.77979255,0.28272527,-0.8799191,0.29771304,1.6749108,0.6356499,1.5331577,0.5954655,0.46929696,-0.051395312,0.9568261,-0.7021163,-0.3920192,2.1921225,1.0170523,0.43808633,1.8710431,1.7724137,0.76834667,0.4415543,2.546456,1.0382824,1.4358536,369,1.0
0.11405714,-0.3818475,0.11466563,1.4687535,-0.1964554,-0.40164423,0.38249463,-0.14976487,1.018519,-0.7879003,0.40618065,-1.0665275,0.2757517,1.885026,0.675761,1.7669693,0.60389656,0.65353745,0.04545062,1.0746645,-0.7202083,-0.41116655,2.355,1.1719601,0.58420885,2.0660412,2.0418622,0.88736784,0.56146795,2.9220479,1.2271714,1.6619046,369,2.0
0.11670452,-0.39195773,0.11031711,1.4429684,-0.18801132,-0.40113792,0.36878252,-0.12423709,1.0232298,-0.823965,0.36970848,-1.0432618,0.2943368,1.8709643,0.67486167,1.7162335,0.60366684,0.6329641,0.0030288044,1.0693079,-0.729999,-0.41330734,2.3450072,1.0996867,0.58020985,2.0244603,1.9612446,0.8488829,0.51482403,2.9033148,1.1977967,1.6662172,369,2.0
0.1085231,-0.33989146,0.10685864,1.3892945,-0.24803492,-0.3800556,0.39825892,-0.21885219,0.93800414,-0.6857379,0.49675077,-1.0702822,0.26138765,1.8979189,0.5929781,1.8554653,0.5173497,0.7363365,0.32030445,1.2148535,-0.5965118,-0.24009816,2.2333376,1.2410963,0.723369,1.9677365,2.0561213,0.84767306,0.73024875,2.9097145,1.3154619,1.8214631,369,3.0
0.09705423,-0.3299739,0.12361312,1.4547484,-0.22959054,-0.42711326,0.43447262,-0.31066346,0.9388759,-0.6517991,0.63665986,-1.0926365,0.19992259,1.9497576,0.5413751,1.9425565,0.4657154,0.9315633,0.43559107,1.1711304,-0.46226737,-0.20628399,2.2934675,1.2667505,0.8489483,2.0170264,2.2252147,0.91683036,0.7931469,3.0594585,1.3825613,1.7973771,369,2.0
0.09585959,-0.3279582,0.09653622,1.4176071,-0.28560427,-0.36886588,0.4144307,-0.12868944,0.9759176,-0.6797371,0.44049892,-0.9491296,0.3803209,1.9876956,0.58506656,1.83121,0.55928326,0.6976326,0.30935338,1.2336338,-0.5805765,-0.2087528,2.281204,1.2537458,0.67915416,2.03985,1.9805937,0.8686276,0.73574346,2.8998456,1.2893386,1.7490623,369,2.0
0.13802537,-0.5655401,0.20755632,0.6948795,0.6226912,-0.49263364,-0.048976786,-0.4742971,0.48239172,-1.074066,0.3386834,-1.2631359,-1.0119766,0.16779964,0.7061252,0.40882534,0.23171264,0.3926728,-1.300661,-0.36970186,-0.8464335,-1.3299402,0.65407753,-0.31223124,0.1489967,0.70411044,1.306795,0.25510228,-0.5645477,1.8695896,0.27269036,0.582004,369,4.0
0.10681252,-0.36260837,0.10854456,1.4883263,-0.2619807,-0.3963203,0.40748146,-0.19120157,1.033392,-0.7173947,0.51689243,-1.0744581,0.3025915,2.0224905,0.63404864,1.8929362,0.5726864,0.7435071,0.2937822,1.2195867,-0.6317228,-0.25844416,2.3291903,1.2631958,0.71698105,2.106623,2.1338563,0.8898616,0.754173,3.0310266,1.3627455,1.832672,369,1.0
0.1245338,-0.45271167,0.10250114,1.4895382,-0.19019708,-0.37589958,0.36412612,0.08223851,1.117656,-0.9716176,0.13409606,-0.96263057,0.49728066,1.8658115,0.7938876,1.6707478,0.8037863,0.3662003,-0.33966357,1.033359,-0.93012345,-0.5707095,2.6127574,1.0840976,0.30203176,2.1168919,1.8318554,0.9158482,0.33888304,2.7645688,1.0551033,1.5108368,369,3.0
0.14735162,-0.62203985,0.22226411,0.7154974,0.69070446,-0.528831,-0.0755378,-0.48864877,0.5165183,-1.1567485,0.36795118,-1.3376832,-1.1352729,0.08801934,0.75435245,0.44985163,0.24097319,0.38537732,-1.4451593,-0.42448762,-0.9396309,-1.4560256,0.6140355,-0.40302092,0.101806216,0.6738503,1.2967551,0.21278514,-0.6404482,1.9336051,0.25782663,0.5668953,369,4.0
0.1576367,-0.6063566,0.21752384,0.81336033,0.6474262,-0.5262015,-0.026367024,-0.5310254,0.5580521,-1.1157796,0.3957494,-1.3744076,-1.0728287,0.2577026,0.7543366,0.5512273,0.24742007,0.43190178,-1.292317,-0.31084755,-0.90524524,-1.3663113,0.7731422,-0.26869157,0.20299481,0.80822724,1.4327863,0.30492398,-0.49714744,2.088855,0.3368463,0.700008,369,4.0
0.1025783,-0.3320927,0.09947516,1.4354343,-0.26814473,-0.3811498,0.4197934,-0.18457794,0.9932452,-0.70292586,0.4582045,-0.9986434,0.34727484,2.0085545,0.5695778,1.8752887,0.53157324,0.7360952,0.2869707,1.2601905,-0.6062356,-0.20985298,2.3359103,1.2428551,0.7064327,2.0664852,2.0797238,0.84721285,0.7434176,2.9749267,1.3399819,1.7541957,369,1.0
0.13898736,-0.5999314,0.21903294,0.6435264,0.7034493,-0.51436085,-0.08340307,-0.47270453,0.47087222,-1.1304889,0.3455773,-1.248283,-1.1440284,0.043917835,0.7330709,0.38952422,0.22171895,0.37560827,-1.4667009,-0.46209303,-0.9116059,-1.4444231,0.5689553,-0.42654923,0.08897143,0.65354234,1.233061,0.18541035,-0.6720725,1.8100548,0.20832276,0.49818027,369,4.0
0.11566314,-0.38126305,0.12668702,1.4753548,-0.15830036,-0.43925735,0.38136578,-0.2915894,0.996543,-0.74405897,0.5544479,-1.1781075,0.12245409,1.9067187,0.634956,1.7922372,0.51972586,0.8368735,0.15780868,1.0525595,-0.6464052,-0.394068,2.2352562,1.1605107,0.73601836,2.0234845,2.1489353,0.8848185,0.61784035,3.0425625,1.2977626,1.7561749,369,2.0
0.097306624,-0.30750453,0.12584537,1.5084206,-0.2793438,-0.44443223,0.4663251,-0.48487914,0.9014554,-0.529006,0.88032603,-1.2387854,0.023172699,2.092703,0.4873669,2.102117,0.36142296,1.1864395,0.8067466,1.3198541,-0.28860116,-0.09592217,2.0735207,1.3404448,1.137453,1.9918345,2.4072237,0.9718166,1.0217924,3.3445542,1.5620246,2.08374,369,1.0
0.11231688,-0.3062416,0.10945882,1.5256038,-0.26990312,-0.40860885,0.4547108,-0.2663625,0.9794953,-0.65992105,0.6558851,-1.0680796,0.21527503,2.0933342,0.5229939,2.0440595,0.4824232,0.9144596,0.5058642,1.3510689,-0.53327453,-0.15368178,2.3546638,1.3722024,0.89667964,2.1381996,2.2143235,0.8521068,0.8872571,3.2607932,1.4751749,1.924058,369,1.0
0.089926675,-0.3101427,0.08792937,1.3571186,-0.27679917,-0.33894452,0.395276,-0.054518484,0.9538109,-0.6897955,0.37567338,-0.7952552,0.43244144,1.9385105,0.55951285,1.672731,0.572005,0.59380484,0.2376935,1.1662722,-0.5939128,-0.19987938,2.2439008,1.2218533,0.6100883,1.9729319,1.8677588,0.8012687,0.66483074,2.6979773,1.2060676,1.646754,369,2.0
0.14706095,-0.6182752,0.2232883,0.6720904,0.71208566,-0.5274396,-0.08174026,-0.5126807,0.47309273,-1.1403482,0.37906504,-1.3182569,-1.1904795,0.054172494,0.74285406,0.42389876,0.21713915,0.38617864,-1.4537058,-0.45778432,-0.917464,-1.4698974,0.58201814,-0.43734443,0.10433797,0.6491707,1.2835994,0.18314546,-0.66813856,1.9145355,0.22508514,0.5149482,369,4.0
0.11289418,-0.28737068,0.14807299,1.420877,-0.18517527,-0.47429928,0.5009261,-0.7046392,0.79033387,-0.46042243,1.0575303,-1.3658842,-0.2681091,1.9502436,0.41204697,2.126958,0.1836022,1.3983291,0.8880711,1.2863326,-0.1963568,-0.116374955,1.8428016,1.2648847,1.2862556,1.8185194,2.4779556,0.89772296,1.0307305,3.4731214,1.6427255,2.0518348,369,1.0
0.11590397,-0.43736506,0.11235103,1.349068,-0.08431071,-0.37715042,0.29351187,0.023015078,0.9975243,-0.9413716,0.16021407,-0.94900435,0.2680847,1.5489911,0.7763818,1.3959074,0.71199995,0.33018628,-0.44127315,0.7953597,-0.85870844,-0.6295994,2.223757,0.8644179,0.25434658,1.8853365,1.6863425,0.7636429,0.20007733,2.4786618,0.88917965,1.2938688,369,3.0
0.10352796,-0.27277032,0.13222496,1.4127396,-0.23614034,-0.44955415,0.48740345,-0.63816786,0.7811934,-0.44478995,0.9870012,-1.3311621,-0.16318329,1.9359758,0.41629156,2.083582,0.20641416,1.2883643,0.898629,1.2834132,-0.19193798,-0.051166832,1.7937192,1.2483249,1.1852722,1.8175626,2.383031,0.86474067,1.0455124,3.3111656,1.5749444,2.0035615,369,1.0
0.060626492,-0.28466678,0.084995896,1.3482264,-0.293511,-0.34029397,0.4074907,-0.10896307,0.869116,-0.61506003,0.42626444,-0.86994654,0.3713111,1.8490887,0.55383897,1.6862324,0.5369377,0.66389465,0.3353355,1.2207419,-0.4956112,-0.09880486,2.1148686,1.1848847,0.6348018,1.8418878,1.8420814,0.7437746,0.71112615,2.6437876,1.19198,1.5707816,369,3.0
0.10569528,-0.34088108,0.12843625,1.4376493,-0.20470984,-0.43816113,0.4086774,-0.31384763,0.9743649,-0.6511782,0.6231084,-1.076872,0.20351714,1.9122305,0.5591739,1.8966391,0.4553662,0.9021533,0.44153875,1.1666427,-0.52520967,-0.25589275,2.2480187,1.2009821,0.847681,1.9687424,2.2334096,0.8618719,0.78793585,3.0268981,1.3881824,1.8154378,369,1.0
0.118370906,-0.3682552,0.13178709,1.4765716,-0.16096283,-0.45689198,0.3904176,-0.41316238,0.98427045,-0.6600478,0.6855111,-1.2553254,0.02623517,1.9688151,0.57098114,1.9164912,0.42568785,0.9809709,0.31296736,1.1396092,-0.5661358,-0.3191725,2.1862593,1.239609,0.9147867,1.9911786,2.2273505,0.8776348,0.751849,3.2631812,1.424845,1.8962697,369,1.0
0.16000561,-0.61510944,0.22195823,0.80232865,0.6685046,-0.53968084,-0.033431917,-0.53191364,0.5614642,-1.1350701,0.4066213,-1.3782036,-1.1119981,0.24212621,0.76141244,0.5570066,0.2440779,0.4402733,-1.339051,-0.34112012,-0.91298765,-1.4165946,0.7747004,-0.31391716,0.19626641,0.8081413,1.4317629,0.29718962,-0.53248787,2.110564,0.32596612,0.6832901,369,4.0
0.10734174,-0.27580988,0.118035585,1.4052479,-0.252554,-0.4104446,0.44676563,-0.42661944,0.8638207,-0.5262356,0.8069042,-1.1229602,0.038351346,2.0091586,0.41912693,2.0303338,0.31097218,1.1211293,0.7249288,1.308171,-0.34538922,-0.068275526,2.0276546,1.3001599,1.0627866,1.9035869,2.3086922,0.8390087,0.98509514,3.204088,1.5273299,1.9384606,369,1.0
0.090617366,-0.30136964,0.098304346,1.4032412,-0.28013545,-0.37941778,0.3979157,-0.15931007,0.94480866,-0.666518,0.49089655,-0.990739,0.33753902,1.9781635,0.5851306,1.7983418,0.52505964,0.7333714,0.39867452,1.196225,-0.52655905,-0.19065371,2.3179605,1.2848595,0.6499263,2.157223,1.9661708,0.83324087,0.7483613,2.9335754,1.2696671,1.7612737,369,3.0
0.10701752,-0.35909823,0.09616406,1.477132,-0.23869249,-0.37183154,0.38896245,-0.035509877,1.0518141,-0.7916667,0.3266714,-0.9037977,0.41870713,1.9389193,0.6367542,1.7694423,0.6497627,0.5701806,0.084686,1.1741285,-0.7553974,-0.31981915,2.4406939,1.1989851,0.51618904,2.0824084,1.9320211,0.820662,0.59000444,2.8129628,1.1926978,1.6598654,369,3.0
0.11067875,-0.35965645,0.10482256,1.4547038,-0.2471677,-0.38471127,0.40350354,-0.08775085,0.9886867,-0.76395994,0.39953175,-0.9746725,0.348446,1.910363,0.63940984,1.7835324,0.61165637,0.6394136,0.110410355,1.1146317,-0.6554436,-0.33647844,2.3334703,1.2056152,0.6075268,2.042034,1.969591,0.8971084,0.60844135,2.9003723,1.200467,1.7024248,369,3.0
0.11929411,-0.41515818,0.10632524,1.4398836,-0.15694575,-0.37620237,0.35590115,-0.008429255,1.0434927,-0.90459347,0.20454167,-0.9465099,0.33777303,1.7666422,0.7332418,1.6810751,0.6981931,0.4148343,-0.25304744,1.0145701,-0.85850775,-0.53691953,2.4249306,1.0938755,0.346838,2.0802941,1.790145,0.8470966,0.38251883,2.7463958,1.0407335,1.4795932,369,3.0
0.11025827,-0.340391,0.12681161,1.4303412,-0.22352543,-0.45074126,0.42378595,-0.44828558,0.95225924,-0.6132869,0.7405163,-1.251722,0.07578607,2.0355694,0.5307866,2.032031,0.39702654,1.052944,0.5553835,1.2893407,-0.4779429,-0.1792009,2.106143,1.2739719,0.9795563,1.9384868,2.272479,0.8536303,0.86159146,3.19648,1.5183673,2.0250356,369,1.0
0.09646627,-0.37572822,0.08701939,1.4442493,-0.25881928,-0.34613994,0.36241814,0.030135378,1.0502194,-0.82226586,0.22420478,-0.88907,0.5015685,1.9152955,0.6987515,1.7213314,0.7224754,0.45026392,-0.03980244,1.1265838,-0.7620868,-0.32728896,2.4072325,1.1836513,0.39479503,2.1334333,1.8004177,0.8358658,0.5327818,2.7998443,1.0932125,1.5896349,369,3.0
0.09453452,-0.28515792,0.12607254,1.3651835,-0.23643473,-0.44961038,0.46539807,-0.5244406,0.85579646,-0.508312,0.8900044,-1.1757581,-0.02066136,2.0389745,0.47741553,2.0282898,0.3021719,1.1957965,0.7106866,1.3242606,-0.28238752,-0.09106973,1.9478863,1.2832656,1.135795,1.8787184,2.3455367,0.8634414,0.98277825,3.1454759,1.5172799,2.0488205,369,1.0
0.13348475,-0.5733381,0.21249086,0.57765806,0.6856856,-0.49281213,-0.102936216,-0.49114788,0.4003486,-1.0614008,0.3087037,-1.205214,-1.1628159,0.013630763,0.7047137,0.24487384,0.20482072,0.35701942,-1.378141,-0.4565715,-0.8431332,-1.383908,0.40580055,-0.4554571,0.07168512,0.5731796,1.1464707,0.13475664,-0.62525403,1.7515693,0.16210921,0.48934984,369,4.0
0.103288725,-0.3464662,0.10666044,1.4808042,-0.27451295,-0.3948908,0.4073286,-0.20799671,1.031193,-0.68723524,0.5514395,-1.0486683,0.3039404,2.0524774,0.59436023,1.9334024,0.5603051,0.7953392,0.3838173,1.2577018,-0.58312786,-0.21664953,2.3273895,1.2950271,0.757978,2.1104794,2.1237216,0.8666252,0.8047328,3.0876226,1.3840055,1.8737721,369,3.0
0.12474316,-0.4495734,0.13888554,1.3811965,0.005705867,-0.44598547,0.2903306,-0.23914781,0.94477785,-0.9008119,0.40319258,-1.147788,-0.04764042,1.5583292,0.72101027,1.4564879,0.555462,0.62121385,-0.3116107,0.7564518,-0.80664444,-0.6584833,2.0464501,0.84330815,0.49910483,1.8388433,1.9349562,0.78391445,0.29877394,2.7888496,1.0171573,1.4747729,369,3.0
0.13225916,-0.42021507,0.12865779,1.510202,-0.10795434,-0.42959195,0.36769947,-0.24700165,1.0054333,-0.8469366,0.5008487,-1.1815041,0.12411997,1.8601036,0.67500824,1.7610508,0.5722969,0.7657938,0.08739782,1.0517148,-0.73691136,-0.4887976,2.2567418,1.0892454,0.6824205,2.042089,2.096754,0.85939556,0.5255621,3.0294614,1.2586815,1.7626373,369,3.0
0.126516,-0.42026228,0.12118782,1.5082434,-0.18202499,-0.4306925,0.39337358,-0.17478658,1.035761,-0.85410744,0.46560642,-1.1730976,0.20224237,1.9757428,0.72645193,1.8433125,0.6058446,0.72433233,-0.006343465,1.109101,-0.69107974,-0.45305645,2.398518,1.1411092,0.67765415,2.1062708,2.0769105,0.9507972,0.5199022,3.1091444,1.2713708,1.7931831,369,1.0
0.11688782,-0.38623425,0.10524163,1.5688385,-0.25760713,-0.3933933,0.40924373,-0.104745656,1.0756435,-0.8013556,0.39590317,-1.0469952,0.38490328,2.0322273,0.68366635,1.8886592,0.6802563,0.66730684,0.13417953,1.1930988,-0.7106069,-0.33175898,2.4731927,1.2877218,0.60334575,2.2081454,2.0590384,0.9363253,0.6603687,3.1019697,1.2833929,1.8078637,369,3.0
0.11002919,-0.42325085,0.101216435,1.5179007,-0.2248674,-0.36492813,0.36762115,0.07026704,1.1075544,-0.9264221,0.16239917,-0.94108754,0.51535505,1.9116544,0.74134344,1.7005715,0.768111,0.35676464,-0.21440348,1.0932813,-0.90890825,-0.46949235,2.603918,1.1518416,0.3407041,2.19629,1.8474091,0.8453841,0.42967433,2.8173587,1.1025997,1.5387402,369,3.0
0.13387206,-0.55981386,0.20959365,0.6465568,0.65892714,-0.49400246,-0.060905382,-0.48758227,0.45449638,-1.0371581,0.35416725,-1.2170882,-1.0932075,0.110597976,0.68498015,0.36579314,0.21024546,0.3781901,-1.3035675,-0.40141138,-0.8093674,-1.3276602,0.5728406,-0.3763504,0.13227193,0.6473024,1.2871301,0.20454347,-0.5844615,1.7864659,0.23360741,0.5408121,369,4.0
0.12641594,-0.41581294,0.11018632,1.5178512,-0.19773304,-0.40576684,0.3859332,-0.08243997,1.0820372,-0.88899934,0.31517243,-1.0927624,0.35050225,1.9340839,0.72406733,1.806869,0.64579195,0.56373507,-0.08502764,1.1421992,-0.8361411,-0.44505626,2.4715874,1.1437582,0.5055109,2.1774597,1.9923573,0.85474616,0.49287075,2.9696007,1.2173238,1.6640005,369,3.0
0.11548008,-0.3646189,0.10166991,1.508134,-0.24761686,-0.38788205,0.4050631,-0.10361175,1.0338331,-0.7851228,0.39939213,-0.9980006,0.38139188,2.0148027,0.64595586,1.8247705,0.61532694,0.6649035,0.13861199,1.211647,-0.72300756,-0.31673586,2.4605598,1.244048,0.6135001,2.13948,2.015466,0.8651472,0.6233359,3.0059354,1.3112646,1.759175,369,1.0
0.13110605,-0.5426194,0.20651424,0.6551731,0.60034144,-0.498641,-0.028179169,-0.4887975,0.44895974,-1.0199513,0.39084506,-1.2090144,-1.0420063,0.17933221,0.6514063,0.4619441,0.20307174,0.4564385,-1.2044175,-0.3140433,-0.8095134,-1.2816815,0.5202421,-0.2954878,0.20092061,0.64370817,1.3066378,0.20679007,-0.5130704,1.8718252,0.32160488,0.66458696,369,4.0
0.13090333,-0.46403408,0.1457816,1.319937,0.021152724,-0.4542929,0.28045124,-0.26399383,0.92600256,-0.9359769,0.4311079,-1.2058004,-0.09460473,1.5385339,0.73541766,1.4688351,0.51911294,0.6456792,-0.3387415,0.74933964,-0.76366055,-0.689376,1.996072,0.75867474,0.5370667,1.7711642,1.9184065,0.7662419,0.23757607,2.8066745,1.0118904,1.5067995,369,1.0
0.10262893,-0.34651977,0.09769954,1.4701444,-0.27436405,-0.37622023,0.41382575,-0.10419689,1.0272686,-0.7300603,0.41172993,-0.9724775,0.39932296,2.026597,0.6305679,1.8461006,0.6023261,0.64547426,0.20421062,1.2281928,-0.67062825,-0.25777835,2.412457,1.2556418,0.6089161,2.1177065,1.9830412,0.85610294,0.6916923,2.9249067,1.3091772,1.7503206,369,3.0
0.12038733,-0.42803043,0.10073745,1.5187862,-0.23099071,-0.37657636,0.38307154,0.05317798,1.1155468,-0.92284966,0.17205253,-0.94301695,0.49483585,1.9387476,0.75784224,1.7359688,0.774499,0.4135039,-0.2260884,1.1278514,-0.90259236,-0.46468434,2.57493,1.1777442,0.34429988,2.218602,1.879672,0.888617,0.43672848,2.8754406,1.1098539,1.5464253,369,2.0
0.089849085,-0.3406623,0.114139974,1.3573346,-0.19928429,-0.38139287,0.3761094,-0.16405515,0.949624,-0.72164905,0.43039235,-0.9546866,0.3012442,1.8447983,0.58959675,1.7524427,0.5239432,0.6576286,0.2129572,1.0982525,-0.6084838,-0.29854128,2.2409823,1.1642984,0.5750598,2.020255,1.8951952,0.7698553,0.65556747,2.8509026,1.2548772,1.6671008,369,3.0
0.13068235,-0.56567454,0.20481944,0.5655046,0.683462,-0.47698084,-0.09749482,-0.42731363,0.42478728,-1.050897,0.27987108,-1.1184127,-1.1066128,-0.011502013,0.6971535,0.2721996,0.21958809,0.3001,-1.3972851,-0.46671963,-0.85581887,-1.3451304,0.42517498,-0.43295163,0.018264256,0.542896,1.1373855,0.14385638,-0.6409737,1.6467019,0.14897057,0.4285602,369,4.0
0.10620618,-0.31306103,0.12283753,1.4262275,-0.16363186,-0.40452325,0.39411512,-0.36201462,0.877151,-0.65913814,0.5996213,-1.0919266,0.08621043,1.8221021,0.49607566,1.8050574,0.38923174,0.8827039,0.4655327,1.1212562,-0.5303055,-0.20889857,2.048256,1.1316763,0.844172,1.9029466,2.0794077,0.7516698,0.75533026,3.0459983,1.2844304,1.6909511,369,1.0
0.10306884,-0.38320583,0.091241464,1.4702369,-0.25558203,-0.35748112,0.38335577,0.05074199,1.0809904,-0.8293742,0.21311235,-0.8626708,0.5223891,1.9429303,0.6989654,1.7316766,0.7235602,0.4278258,-0.06891301,1.1360182,-0.7937144,-0.372802,2.505039,1.1756124,0.40799335,2.1276178,1.846031,0.858099,0.5172505,2.7818472,1.1351354,1.5789623,369,3.0
0.12173888,-0.32763484,0.1356107,1.4287412,-0.23294345,-0.46980262,0.4489031,-0.53573686,0.9394608,-0.5952655,0.8449203,-1.2726566,-0.013208982,2.0672698,0.52986115,2.0928438,0.36088443,1.1381572,0.643364,1.2946736,-0.41661778,-0.11104539,2.0891302,1.289355,1.0959597,1.9254906,2.3719196,0.8504488,0.93369067,3.371391,1.5881721,2.0704057,369,1.0
0.1447087,-0.6012674,0.221787,0.6701684,0.7005022,-0.5135474,-0.07483866,-0.49442738,0.47242573,-1.1125627,0.35977042,-1.285942,-1.1637993,0.082569696,0.74224085,0.42244864,0.2202757,0.36765411,-1.426367,-0.46274957,-0.8939121,-1.4297538,0.6017362,-0.42167798,0.0964712,0.6324818,1.2586758,0.20665662,-0.67302376,1.8400855,0.21482664,0.53077596,369,4.0
0.097577274,-0.30700952,0.11102332,1.416295,-0.26923168,-0.3971205,0.42656106,-0.31590906,0.8996278,-0.5942749,0.66084456,-1.0659289,0.1706265,1.9745784,0.502933,1.8955963,0.42889667,0.92634684,0.5372193,1.2514297,-0.41861656,-0.14075026,2.1168942,1.2451621,0.88818216,1.9585031,2.1708822,0.87660694,0.84540313,3.0022244,1.4002609,1.8707626,369,2.0
0.11405644,-0.3918232,0.117126,1.4458103,-0.18687883,-0.4003414,0.3762888,-0.15380864,0.9975749,-0.7952281,0.4115619,-1.0864949,0.2638599,1.8353312,0.6396212,1.8018795,0.59695965,0.6504928,0.08074522,1.0847492,-0.70370877,-0.41394436,2.3403783,1.1720998,0.581175,2.0489347,2.031195,0.87970316,0.5808833,2.950066,1.2402846,1.6751661,369,2.0
0.105024874,-0.34033802,0.116686374,1.4793621,-0.26513866,-0.41136834,0.4319181,-0.30311403,0.9438763,-0.6614645,0.6451142,-1.1507974,0.18244384,2.025049,0.55352783,1.9738301,0.47588873,0.91667724,0.4697577,1.2604384,-0.4933632,-0.20619929,2.2293093,1.2865996,0.87539244,2.0466702,2.2484212,0.92004675,0.82638144,3.143707,1.4289582,1.9250145,369,3.0
0.12134801,-0.4088794,0.14206511,1.2841078,-0.01069136,-0.44507247,0.30617067,-0.30945995,0.85952574,-0.8445528,0.5223911,-1.1710362,-0.10684128,1.5127474,0.64813757,1.5409575,0.46757042,0.71564937,-0.15338725,0.76575935,-0.66047204,-0.6113019,1.8789566,0.8591272,0.5946626,1.777555,1.9578347,0.7439207,0.34889138,2.7921588,1.0497346,1.520333,369,2.0
0.1205883,-0.43199304,0.119757965,1.457583,-0.16027826,-0.42689076,0.403713,-0.16607031,1.0423344,-0.8801114,0.40484932,-1.1131457,0.23370303,1.8442839,0.72539026,1.7764952,0.6444565,0.65185666,-0.07715643,1.034342,-0.7944667,-0.48701817,2.3225434,1.0975592,0.5620594,2.0735023,1.998796,0.86340773,0.4978323,2.9978404,1.1933802,1.7200176,369,3.0
0.15003335,-0.5899683,0.21633704,0.6701947,0.68383217,-0.51275307,-0.07162794,-0.52212507,0.4698985,-1.0660338,0.38671446,-1.2983932,-1.1411477,0.11030699,0.71352065,0.3815905,0.20162342,0.40273282,-1.3194321,-0.40712264,-0.84433645,-1.3761503,0.530779,-0.4047334,0.14953211,0.6489655,1.2775234,0.21734658,-0.55679494,1.8962765,0.23381245,0.54725933,369,4.0
0.102437764,-0.3181517,0.10667609,1.3283405,-0.1675708,-0.35805938,0.35693607,-0.14228258,0.8719081,-0.7188467,0.37154958,-0.98179287,0.26362312,1.7153851,0.579859,1.6638914,0.507344,0.5603779,0.15015413,1.0600754,-0.6012509,-0.28934884,2.1272607,1.1105082,0.54258204,1.8907075,1.8274002,0.72730356,0.6023442,2.6934547,1.0989496,1.561309,369,3.0
0.1087099,-0.3752458,0.117565975,1.3283019,-0.11380884,-0.3953012,0.33398163,-0.1755666,0.89399415,-0.76603186,0.4196608,-1.0196029,0.11917336,1.5885831,0.6215774,1.555698,0.52851176,0.63011557,-0.033024095,0.85466135,-0.6023832,-0.46010265,2.0328908,0.92910796,0.56498575,1.793982,1.8902029,0.8129539,0.44871622,2.6017869,1.0291631,1.4213374,369,2.0
0.1171865,-0.3976934,0.10462259,1.4494748,-0.2111781,-0.38051218,0.37969348,-0.07702954,1.0325251,-0.84559333,0.31683075,-1.0146235,0.38796553,1.9147093,0.68593526,1.7064399,0.6608881,0.56426495,-0.042879485,1.0839604,-0.7601523,-0.4113029,2.4356015,1.130915,0.5092954,2.0750246,1.9172056,0.88236845,0.5158394,2.847136,1.1754951,1.6574943,369,2.0
0.11331335,-0.29701346,0.1321443,1.4314141,-0.22116068,-0.4581829,0.4560898,-0.56285864,0.88973236,-0.52952695,0.922528,-1.2996745,-0.055838995,2.0007045,0.47389954,2.095848,0.27945206,1.2711251,0.77020276,1.2865981,-0.28337058,-0.10455185,1.9448829,1.2508578,1.1868614,1.9365028,2.4676232,0.9054366,1.008156,3.3478382,1.5819955,2.093239,369,2.0
0.08984664,-0.28848675,0.10484363,1.3786589,-0.28571156,-0.38794544,0.43328664,-0.315435,0.88620853,-0.54913926,0.6690748,-1.0083904,0.19324827,2.0037909,0.47290388,1.8875959,0.40107453,0.93825,0.61883235,1.2777969,-0.38273236,-0.08312966,2.0398257,1.2681323,0.9047833,1.9144088,2.122483,0.8557774,0.8695461,2.9549859,1.4116849,1.8632798,369,3.0
0.11866203,-0.37268877,0.13637523,1.4942441,-0.17260982,-0.4714415,0.40237358,-0.43231153,1.0065272,-0.6705947,0.7248956,-1.2988868,0.02066772,2.0311027,0.57423574,1.9684432,0.41975784,1.0427005,0.3847089,1.1756372,-0.5549717,-0.31221643,2.1989405,1.2540534,0.9370768,2.0418236,2.2953365,0.90318525,0.7693714,3.308357,1.470367,1.9280518,369,1.0
0.0947432,-0.31430456,0.09384958,1.3883957,-0.27290827,-0.35487282,0.3994626,-0.15245925,0.9263139,-0.6630687,0.47188205,-0.9138383,0.34104237,1.9705019,0.53559434,1.7283251,0.5221302,0.7057794,0.329008,1.171855,-0.53430957,-0.17759733,2.1933637,1.2210532,0.7211867,1.9704771,1.9419758,0.8465385,0.71772635,2.82021,1.2837377,1.7389054,369,1.0
0.118402705,-0.54619193,0.21085495,0.589209,0.6669932,-0.47430262,-0.0868186,-0.47117117,0.3926529,-1.0349324,0.33675975,-1.2120641,-1.0927616,0.032842077,0.6754743,0.2820969,0.18876703,0.34251216,-1.3607426,-0.46063757,-0.81692374,-1.3229356,0.4604259,-0.41330743,0.09179917,0.5325629,1.158483,0.15289266,-0.64725995,1.6182194,0.16210593,0.45855117,369,4.0
0.105296075,-0.34552547,0.120363,1.4048047,-0.21677133,-0.41777402,0.40300792,-0.28470564,0.9602932,-0.67614084,0.5969175,-1.0601376,0.1941432,1.8708115,0.56822354,1.8722235,0.4963656,0.8694338,0.34781367,1.154901,-0.50865173,-0.27545133,2.2567325,1.1794704,0.81646144,1.9504043,2.2006068,0.8987382,0.747363,2.9800308,1.3438402,1.7532423,369,2.0
0.11619975,-0.38034874,0.096406445,1.3845955,-0.22613677,-0.35145238,0.35574383,-0.021040693,1.0255926,-0.8274834,0.26361072,-0.9235229,0.4234805,1.826668,0.68739605,1.6887327,0.6972504,0.45458058,-0.06630243,1.1110353,-0.76746136,-0.3689779,2.336567,1.1272432,0.4091632,2.0615382,1.7998428,0.81631225,0.50303966,2.72641,1.0826001,1.6010493,369,3.0
0.104190394,-0.36978278,0.10505909,1.4867742,-0.24880955,-0.38539222,0.42076758,-0.08474186,1.0352222,-0.7892546,0.38046604,-0.99790704,0.40558314,2.0028024,0.6605613,1.8528353,0.649063,0.6244158,0.15493241,1.1725184,-0.6888322,-0.33760318,2.4887497,1.2799094,0.56384075,2.218906,2.015445,0.90439945,0.6310047,2.9792993,1.2387102,1.7301469,369,1.0
0.10762681,-0.39338675,0.098473504,1.4125079,-0.20916578,-0.38200268,0.35974905,-0.03847146,1.0015002,-0.7753489,0.29257807,-1.0107516,0.3274105,1.8090959,0.6957532,1.6955066,0.65323883,0.59339947,-0.033959717,0.9709651,-0.64887846,-0.40018365,2.268102,1.0248029,0.47021383,1.9200625,1.879137,0.9556813,0.5191996,2.6920228,1.0472908,1.4940401,369,2.0
0.102257386,-0.2869955,0.12949859,1.432298,-0.232521,-0.45487154,0.44867557,-0.5945955,0.8935448,-0.4868509,0.9657879,-1.2793111,-0.073399484,1.98225,0.43903545,2.1473224,0.2532339,1.336448,0.85914725,1.3095984,-0.21540517,-0.050091684,1.9288476,1.2787198,1.2402703,1.9270035,2.5220418,0.9057095,1.0732101,3.3815587,1.5995202,2.1117916,369,1.0
0.13760628,-0.5872545,0.20522684,0.7233878,0.620136,-0.49507216,-0.043877386,-0.43244237,0.55604106,-1.1110492,0.2838868,-1.2440585,-0.9765507,0.22031039,0.7515273,0.43224028,0.28427118,0.34168312,-1.3520883,-0.31881264,-0.9082946,-1.3440082,0.730803,-0.31619367,0.07492739,0.7582394,1.293179,0.2604253,-0.57223475,1.8995874,0.24354964,0.5622362,369,4.0
0.14208236,-0.58236367,0.20936164,0.6875281,0.6773982,-0.51293576,-0.06430911,-0.46928844,0.46089926,-1.1064558,0.35582596,-1.2445335,-1.118487,0.06848041,0.74139285,0.40105432,0.23200631,0.38637477,-1.3978274,-0.41465318,-0.900405,-1.3926096,0.61135733,-0.3774556,0.11012275,0.6666777,1.2303754,0.18495193,-0.6137663,1.8858683,0.25727624,0.5153585,369,4.0
0.13899547,-0.51939034,0.17102663,1.1318331,0.26061666,-0.48548612,0.16393225,-0.3515748,0.7973753,-1.0206795,0.40452412,-1.2833564,-0.4592472,1.0354755,0.7682024,1.1204846,0.4239223,0.53958094,-0.73256606,0.35185853,-0.8556076,-0.97820807,1.5628636,0.37312135,0.3721736,1.4348439,1.7226901,0.55615973,-0.0774121,2.5396671,0.7635354,1.1938431,369,4.0
0.12194884,-0.52804744,0.20426285,0.55523235,0.65445656,-0.46704528,-0.074293174,-0.46388057,0.3681584,-1.01296,0.326713,-1.14805,-1.0774661,0.06703333,0.6507,0.28561044,0.18039401,0.35627487,-1.3195368,-0.43587822,-0.79662097,-1.2937884,0.4156007,-0.39140612,0.10744112,0.57793546,1.1294918,0.14870863,-0.61539555,1.6250591,0.16572331,0.4489388,369,4.0
0.11214216,-0.3911541,0.10446693,1.447349,-0.19489616,-0.3675199,0.36570004,-0.03930311,1.0150038,-0.83606434,0.29044724,-0.95823324,0.35100886,1.8081207,0.6986645,1.6798736,0.68544513,0.5070964,-0.06344882,1.0375553,-0.7522221,-0.41569355,2.325529,1.1035976,0.4578512,2.0574727,1.872417,0.8611606,0.47909302,2.7916923,1.0922904,1.5227485,369,1.0
0.14463249,-0.62403107,0.2248807,0.6624143,0.715056,-0.5284251,-0.08984452,-0.5151552,0.4703055,-1.1493742,0.36379108,-1.3249536,-1.1870244,0.05349353,0.7414968,0.3754831,0.2189039,0.39370653,-1.4688971,-0.44926888,-0.9286349,-1.4805412,0.5627309,-0.44238687,0.10501282,0.65151685,1.2667546,0.1747977,-0.675651,1.9102311,0.2159448,0.5229373,369,4.0
0.11376092,-0.3690066,0.11572784,1.5364754,-0.23365238,-0.41186747,0.41918176,-0.206636,1.01197,-0.7328112,0.5066937,-1.0825567,0.28272215,1.9915569,0.6217306,1.9091762,0.5674825,0.7526684,0.28348073,1.2090119,-0.6277731,-0.28263086,2.3368187,1.272522,0.727252,2.1305656,2.1445265,0.9044598,0.73667824,3.0799365,1.3279693,1.8571028,369,2.0
0.15634593,-0.608361,0.21502937,0.83413994,0.61684865,-0.52126086,-0.010873657,-0.48871583,0.58598405,-1.1430194,0.3650086,-1.3499991,-1.0102413,0.33382982,0.7659146,0.58413285,0.28546327,0.4284792,-1.3182881,-0.2699693,-0.9331354,-1.3771086,0.84422505,-0.26021948,0.17799437,0.8793218,1.45657,0.33808425,-0.5484995,2.1048374,0.34234834,0.7148755,369,4.0
0.11454505,-0.41337806,0.10280153,1.4912742,-0.22003543,-0.37538368,0.37152907,0.038597688,1.0890056,-0.8895274,0.20136225,-0.910654,0.45839435,1.8966517,0.7384614,1.6846248,0.7521654,0.4287107,-0.21637619,1.0827705,-0.85670125,-0.46399143,2.5218565,1.1495575,0.36583892,2.158451,1.8724519,0.8873359,0.44522518,2.834441,1.1026113,1.5135486,369,1.0
0.12093663,-0.3385401,0.1273024,1.4461493,-0.19821006,-0.44076103,0.4025778,-0.40831286,0.93088615,-0.66207635,0.7055851,-1.1883969,0.060280856,1.9259534,0.55743,1.9111575,0.38390416,1.0276102,0.4557258,1.1823196,-0.47456625,-0.24623485,2.104946,1.1822022,0.9663316,1.9771839,2.2524998,0.8704342,0.806457,3.2157547,1.4332815,1.8895141,369,1.0
0.14016116,-0.59974134,0.21902959,0.6326075,0.7075895,-0.50640965,-0.09484594,-0.4707212,0.4621947,-1.1196237,0.339044,-1.2585251,-1.1582664,0.011181429,0.7253326,0.35689682,0.21287447,0.3543046,-1.4631019,-0.4912902,-0.9105991,-1.4349974,0.5126504,-0.4498674,0.06771942,0.5882546,1.2055278,0.1724264,-0.6938564,1.7587781,0.18524036,0.47818977,369,4.0
0.109962896,-0.3945624,0.10404396,1.4034809,-0.16243084,-0.36668935,0.34562352,-0.043470852,1.0039321,-0.84765553,0.27264333,-0.94926566,0.3258478,1.7453878,0.7036817,1.607499,0.67742133,0.4849119,-0.10302121,0.99430346,-0.75133234,-0.4234673,2.2368991,1.0148203,0.41193807,1.9774473,1.8216461,0.80847394,0.42370856,2.6933153,1.0282832,1.4730859,369,2.0
0.10073972,-0.33562765,0.11130664,1.4111235,-0.2575262,-0.39727384,0.41410142,-0.27142116,0.9554822,-0.6615741,0.5747341,-1.0874634,0.22803538,1.959236,0.5523578,1.919802,0.48342228,0.82740355,0.4384868,1.2606457,-0.5385978,-0.19340815,2.2004368,1.2623017,0.77999175,2.010278,2.1411488,0.8456895,0.7709804,2.978197,1.382962,1.8507538,369,2.0
0.12816998,-0.4282495,0.123888016,1.477295,-0.14346427,-0.43925676,0.37478507,-0.18450172,1.0271508,-0.8634907,0.4435409,-1.1844714,0.18524,1.8629161,0.6913161,1.8217796,0.6076291,0.68846023,-0.028598765,1.0531642,-0.7493732,-0.48823792,2.284659,1.1053693,0.59655255,2.030707,2.046808,0.8604937,0.5176858,3.027327,1.2360609,1.7375944,369,3.0
0.14201775,-0.598716,0.21827362,0.65753263,0.6978255,-0.5085294,-0.085573174,-0.4816199,0.4653866,-1.1101608,0.34033728,-1.2801619,-1.1415447,0.04412505,0.7295177,0.34943604,0.21320099,0.36546385,-1.4322646,-0.45492545,-0.8913883,-1.4251593,0.54150176,-0.41741666,0.1006448,0.62097275,1.223322,0.19151433,-0.65002966,1.8143194,0.20552473,0.5146189,369,4.0
0.0930689,-0.3020333,0.0987218,1.4009389,-0.29371572,-0.3690062,0.42575797,-0.1859729,0.9344785,-0.61322963,0.5145811,-0.9319673,0.32697505,1.9930375,0.5209223,1.835035,0.48867607,0.78548634,0.449457,1.2519627,-0.49646425,-0.14130163,2.2027295,1.2760502,0.77030355,1.9883983,2.0163898,0.85161525,0.7863045,2.9024422,1.34042,1.7849015,369,3.0
0.10300897,-0.40475136,0.09386082,1.528827,-0.24335924,-0.39020157,0.39799222,0.052866407,1.168653,-0.88315976,0.17942713,-0.9014293,0.5094011,2.0582724,0.7481901,1.8060708,0.74384445,0.45340484,-0.14487998,1.1471984,-0.86777425,-0.4001505,2.6485639,1.2493466,0.3368058,2.3329027,1.7746143,0.8611209,0.50167304,2.8359401,1.1102545,1.621172,369,3.0
0.1018742,-0.3079736,0.11197738,1.420378,-0.2625206,-0.40341768,0.42554176,-0.29244676,0.9248042,-0.60805154,0.61939406,-1.0443958,0.19958356,1.9907315,0.51588774,1.8648931,0.434524,0.92550373,0.50231487,1.2439865,-0.4614781,-0.16351591,2.1484864,1.2396264,0.88422996,1.9726074,2.1198401,0.8595307,0.810811,3.0094743,1.3992352,1.8665617,369,3.0
0.10639781,-0.34107322,0.11873835,1.2773064,-0.11595996,-0.38208017,0.33442742,-0.2406798,0.8154051,-0.6832627,0.4569296,-1.0190593,0.092316955,1.5598637,0.5116149,1.5945457,0.44444996,0.6722393,0.13080849,0.86888194,-0.54662865,-0.39419413,1.9466449,0.966372,0.61896604,1.7406092,1.893827,0.78926843,0.54951304,2.661569,1.1051792,1.4536647,369,1.0
0.122791454,-0.37728897,0.12156084,1.442804,-0.19114086,-0.42930058,0.41284227,-0.25954813,0.987932,-0.764786,0.5435498,-1.1581212,0.19556318,1.9430692,0.6404872,1.861716,0.5283836,0.8126339,0.19436522,1.1371536,-0.6359991,-0.3561966,2.2595117,1.1688969,0.7357937,2.0343478,2.132244,0.88494235,0.65506136,3.08021,1.3333896,1.8093096,369,3.0
0.14840637,-0.59857684,0.19654289,0.9388948,0.5132868,-0.50334615,0.024140712,-0.37582237,0.69002473,-1.1567874,0.29780498,-1.3056265,-0.78531927,0.50843096,0.816501,0.71017784,0.37893522,0.3858999,-1.2313292,-0.09086262,-0.97156334,-1.2966262,1.1156348,-0.07918444,0.14098345,1.0578104,1.4577326,0.40621105,-0.44149905,2.187539,0.42284304,0.7963141,369,4.0
