0,1,2,3,4,5,6,7,8,9,10,11,12,13,14,15,16,17,18,19,20,21,22,23,24,25,26,27,28,29,30,31,Chip,Class
-0.17819218,0.13056739,0.1139251,0.16421534,0.85763216,0.050825473,-0.06422591,-0.110556744,-0.035489343,-0.0074161217,-0.31717107,-0.07272131,0.16619712,-0.16279504,-0.060257286,-0.0020089187,-0.16326888,0.2014426,-0.08281625,-0.0984761,0.027061835,0.13413146,-0.17826697,-0.2063191,-0.043960586,-0.100765824,-0.05905054,0.07785025,-0.12629515,-0.22464645,-0.09335835,-0.071532205,51,1.0
-0.086534545,0.15029967,0.111402035,0.17254876,1.0583106,0.077649236,-0.072813585,-0.06039352,-0.117348455,-0.095901795,-0.22671618,-0.008190826,-0.07333749,-0.029717626,0.14485714,0.04693421,-0.21310954,0.058908556,-0.10552965,-0.03617752,-0.018391883,0.019103546,-0.34885225,-0.22275084,-0.19684291,-0.20512934,-0.045843232,-0.09634063,-0.118051454,-0.15657839,-0.04329659,-0.107543096,51,1.0
-0.045505628,0.13564172,0.114335775,0.20297317,0.78437775,0.014577493,-0.10577102,-0.11954487,-0.06063697,-0.22640546,-0.33399916,-0.11606908,-0.05375702,-0.14170004,-0.043840267,-0.03828059,-0.07732697,-0.105969526,-0.102725536,-0.114265755,-0.14084724,-0.051568,-0.27351898,-0.11938906,-0.21588406,-0.21507679,-0.10730936,-0.17358166,-0.07469758,-0.14488144,-0.05110433,-0.022041695,51,4.0
-0.20329565,0.10850461,0.10449518,0.12063704,0.9324911,0.08303575,-0.07508634,0.05695718,0.047370013,0.005434662,-0.42912543,-0.10321442,0.19690171,-0.19256787,-0.086639166,-0.051536344,-0.047317512,0.1714533,-0.024059974,-0.09462186,0.040960953,0.10425811,-0.11810402,-0.2386874,0.06951367,-0.06640623,-0.09206733,0.064941734,-0.08643891,-0.17990354,-0.12771434,-0.10383394,51,4.0
-0.18865043,0.12862243,0.10489836,0.14596656,0.9252235,0.08604598,-0.0736687,-0.015709229,0.031976372,0.008403823,-0.42177406,-0.08639364,0.20077217,-0.18608749,-0.11557156,-0.037826452,-0.08830689,0.19099858,-0.049468633,-0.10890034,0.040392525,0.10528623,-0.12194025,-0.23787582,0.029547833,-0.075334854,-0.0696602,0.08299747,-0.09908225,-0.21107048,-0.11369111,-0.09236857,51,1.0
-0.08925295,0.12958717,0.060400642,0.18051252,0.8787737,0.028012652,-0.113329016,-0.03972049,-0.04104085,-0.16409013,-0.2981307,-0.07954951,-0.09720659,-0.09872168,-0.047600217,-0.04907585,-0.2215594,-0.035679728,-0.13416727,-0.052155074,-0.1575285,-0.026296526,-0.31061468,-0.15281151,-0.22062671,-0.21497633,-0.102473244,-0.123935334,-0.07574536,-0.17754793,-0.08331269,-0.018490454,51,4.0
-0.09380962,0.14791428,0.08146028,0.17341056,1.0504273,0.06875394,-0.08244188,-0.055856943,-0.09922,-0.08675564,-0.24765289,-0.03299204,-0.08755711,-0.04115773,0.10159959,0.015301725,-0.24830599,0.051824626,-0.10817329,-0.013402071,-0.04892607,0.01908324,-0.35616532,-0.22577205,-0.22986227,-0.21195713,-0.07031305,-0.09538512,-0.10840638,-0.16844651,-0.07403272,-0.08458966,51,1.0
0.05177331,0.14995693,0.23033975,0.15776493,0.30863103,0.11347711,-0.06139164,-0.05805894,-0.043283593,-0.067158654,-0.038606174,-0.13297644,0.022882342,-0.098355606,-0.026480537,-0.10854254,0.052642796,0.0026425608,-0.18635824,-0.00458093,0.059060052,-0.0009733746,-0.03688264,-0.04684302,-0.06196744,0.17474134,-0.06162833,-0.14698577,-0.05161482,-0.13894497,-0.07625608,0.07163589,51,4.0
-0.11445309,0.06903091,0.011857277,0.06979575,0.903478,0.07651533,-0.0011891425,0.03527148,-0.11947661,0.037608467,-0.14953193,-0.0065986216,-0.0020343922,-0.081369236,0.11089748,0.019407066,-0.31930187,0.05178932,-0.10783852,-0.0159475,0.080126576,0.069000185,-0.15950528,-0.19529803,-0.1869927,-0.25996977,-0.085832834,0.0049514025,-0.111177996,-0.17124036,-0.06676812,0.032365542,51,3.0
-0.08600726,0.15812905,0.08175321,0.18156554,0.9998198,0.052038934,-0.0911658,-0.07700872,-0.07727543,-0.11384393,-0.27374262,-0.041966636,-0.08968292,-0.05278892,0.0577089,0.011447752,-0.21933447,0.037952892,-0.11174062,-0.025172468,-0.09027416,0.011007087,-0.35215765,-0.21746106,-0.23065409,-0.1991676,-0.08158989,-0.113338605,-0.08878214,-0.18246211,-0.07652535,-0.08840743,51,4.0
-0.0999744,0.13893922,0.10139522,0.17247674,1.0690464,0.08526008,-0.064290464,-0.05597584,-0.11980927,-0.08197676,-0.23674531,-0.019053668,-0.060125083,-0.043630887,0.13397664,0.033463463,-0.2498274,0.0564574,-0.10724701,-0.031940266,-0.01439297,0.024810769,-0.35329175,-0.22306675,-0.20328894,-0.22014037,-0.04253159,-0.07950127,-0.12804803,-0.15775472,-0.062717274,-0.088036165,51,4.0
-0.07736282,0.16106527,0.11242773,0.18974167,1.0706059,0.058068413,-0.069050446,-0.08785119,-0.11982522,-0.1059583,-0.26101142,-0.0044663996,-0.07506581,-0.03323771,0.15328205,0.055915773,-0.20104785,0.066462725,-0.093949996,-0.030908996,-0.026885035,0.013177487,-0.38188112,-0.23952836,-0.19872841,-0.18695803,-0.045656506,-0.09605679,-0.117212765,-0.18722138,-0.06756801,-0.13926521,51,2.0
0.05341749,0.14784312,0.20116498,0.18136282,0.39961228,0.15752424,-0.08944119,-0.111108355,-0.09982237,-0.12599032,-0.040670406,-0.23405293,0.06277438,-0.09371918,0.021314938,-0.1117636,0.04974584,0.047231544,-0.20655683,-0.038260266,0.050453275,0.020151822,-0.0726986,-0.1707585,-0.08189559,0.15879826,-0.07653421,-0.07850834,-0.06801944,-0.10508278,-0.09200813,0.094137475,51,3.0
-0.17191827,0.0970281,0.06461966,0.14753236,0.89714617,0.0449184,-0.02994696,-0.089904346,-0.102399185,0.016512685,-0.2543766,-0.11435796,0.118598744,-0.15252703,0.04817864,0.025187867,-0.31872657,0.12124711,-0.11135118,-0.061272345,0.053180575,0.12332977,-0.20408204,-0.21619262,-0.1523925,-0.20500565,-0.054704305,0.026000857,-0.14218849,-0.15628056,-0.08380647,0.016275015,51,3.0
-0.08717319,0.14891928,0.082531095,0.17776304,1.0438772,0.06820972,-0.078562245,-0.06299353,-0.09590067,-0.092537865,-0.24779761,-0.03342766,-0.08292289,-0.044058107,0.0994474,0.020256275,-0.23614937,0.050586686,-0.10759394,-0.023631932,-0.050774746,0.014117785,-0.3599282,-0.22794256,-0.22295353,-0.2139319,-0.06910133,-0.09684124,-0.10557976,-0.1676802,-0.07114158,-0.086970806,51,3.0
0.008336782,0.16839196,0.15208676,0.17959885,0.6636634,-0.0024666637,-0.1392511,-0.3879245,-0.061925665,-0.33251834,-0.4620998,-0.29966867,0.042213313,-0.20636925,0.031319737,-0.048125383,0.12672657,-0.23014212,-0.05048952,-0.212376,-0.037550658,0.016868908,-0.15134642,-0.112945974,-0.15999384,-0.12517852,-0.17573668,-0.19837266,-0.17991596,-0.06797895,-0.0869991,0.07862365,51,2.0
-0.13923775,0.12585464,0.10730806,0.17679021,0.96662736,0.07522145,-0.05358098,-0.08534307,-0.11143502,-0.042416148,-0.2564503,-0.058668986,0.031233542,-0.08879487,0.089854494,0.034504034,-0.28275186,0.09779673,-0.1048114,-0.07138705,-0.0068427697,0.07560525,-0.30678725,-0.19344091,-0.15859663,-0.20617491,-0.02143547,-0.01534719,-0.14681295,-0.1778858,-0.072067045,-0.06965445,51,4.0
-0.012100525,0.13667282,0.14015265,0.19775833,0.7343184,-0.026509922,-0.11496309,-0.19092065,-0.086896345,-0.27030522,-0.3532821,-0.17079659,-0.037663125,-0.18179733,0.005216321,-0.04141108,0.041307677,-0.16804492,-0.07422294,-0.15744932,-0.09703182,-0.05422672,-0.21612552,-0.07862434,-0.19029698,-0.18436907,-0.11851686,-0.18346241,-0.10574681,-0.11433716,-0.044338897,0.026854143,51,3.0
-0.019617151,0.14875422,0.14429736,0.19340847,0.67038155,0.017666917,-0.12512995,-0.3924589,-0.061870992,-0.3257004,-0.4896973,-0.29416454,0.085475475,-0.18629359,-0.0312714,-0.05492922,0.086789824,-0.2381612,-0.04266161,-0.21665467,-0.09383163,-0.0036690617,-0.15579104,-0.10112691,-0.16241802,-0.11869186,-0.11278103,-0.19277129,-0.14639622,-0.08381782,-0.07316212,-0.0016401149,51,3.0
0.044928163,0.14256603,0.20378149,0.1734166,0.3724769,0.15906164,-0.085310474,-0.09797045,-0.08708444,-0.12598962,-0.060109913,-0.22543582,0.056315787,-0.10025182,0.025734328,-0.12748246,0.037537523,0.025563873,-0.18604672,-0.030073283,0.06980246,0.014059495,-0.06505979,-0.13413347,-0.06875281,0.15544301,-0.088337034,-0.09591825,-0.06564228,-0.10773668,-0.081452996,0.09786525,51,1.0
-0.32663876,0.04843555,-0.14543556,-0.28124863,0.44970822,-0.13818465,0.12136352,0.4806785,0.01806132,0.054201767,-0.15662108,-0.10833278,0.23893663,-0.010747854,0.06279047,-0.16629213,-0.051941343,-0.006406449,-0.020477876,-0.03044264,-0.03309165,0.12436498,0.068186745,-0.06731717,0.111521535,0.025451656,-0.24236877,0.22404826,-0.028950565,-0.07947486,-0.22144856,-0.061647322,51,1.0
-0.04932688,0.13969351,0.1206882,0.19260329,0.75307137,0.010612581,-0.08519731,-0.21125951,-0.05329199,-0.24705905,-0.40490308,-0.16312572,0.010697288,-0.14514968,-0.0633063,-0.03391772,-0.05365154,-0.14823908,-0.0683053,-0.15466312,-0.1527211,-0.04035256,-0.25648668,-0.111536846,-0.18697271,-0.18451433,-0.07693264,-0.17127764,-0.09899212,-0.1575852,-0.06171882,-0.06446893,51,4.0
-0.25951687,0.031788852,0.048301384,-0.03397072,0.7434487,-0.03278756,-0.039189696,0.2503582,0.033572085,-0.02419665,-0.28924322,-0.16000785,0.17303285,-0.15464918,0.021933306,-0.09966427,0.045470864,0.15393887,0.03430906,-0.024893222,0.000527706,0.12906556,-0.10186609,-0.20930858,0.14325583,-0.0080118105,-0.19178466,0.044121027,-0.024714563,-0.12109949,-0.18646587,-0.10917351,51,4.0
-0.06688984,0.16110477,0.113751546,0.19659136,0.8939052,0.035454553,-0.077630155,-0.13938913,-0.05447434,-0.17944384,-0.3428902,-0.053198677,-0.038988866,-0.084324494,0.0018759146,0.008715201,-0.1379623,-0.014188051,-0.10749405,-0.080753,-0.13941064,-0.010101802,-0.339085,-0.19990328,-0.21937603,-0.19653122,-0.07156502,-0.14205158,-0.07639403,-0.18976372,-0.064688176,-0.103074566,51,4.0
0.0056567043,0.1514541,0.2368642,0.20170295,0.3682019,0.1542198,-0.089322634,-0.12087687,-0.068375304,-0.20422414,-0.14694728,-0.27782416,0.0765983,-0.14841115,0.019149307,-0.18269871,-0.004791711,0.0208419,-0.1407623,-0.04217502,0.12595525,0.02351953,-0.069502346,-0.13838361,-0.061495505,0.14964211,-0.120397,-0.106273785,-0.0928749,-0.10777208,-0.08740993,0.1674413,51,4.0
-0.025822096,0.14241125,0.13816306,0.2045957,0.73902667,0.016143493,-0.09321292,-0.22318733,-0.068247676,-0.26609835,-0.41065276,-0.18291639,0.009140091,-0.16465591,-0.029659338,-0.03445834,-0.0021443241,-0.16335493,-0.073977925,-0.16013667,-0.12549254,-0.0388027,-0.23518604,-0.10998508,-0.1931907,-0.19378857,-0.10671385,-0.1865679,-0.09528931,-0.11708777,-0.05639881,-0.027006274,51,3.0
0.032337025,0.14394334,0.22888742,0.19973068,0.38753915,0.15638342,-0.09850696,-0.115053885,-0.08632823,-0.12856543,-0.08660471,-0.24431935,0.06225542,-0.11833823,0.015309643,-0.14039063,0.020821502,0.029772244,-0.19550857,-0.0138233565,0.063446686,0.019017449,-0.07732939,-0.13744728,-0.07651606,0.17415766,-0.097152665,-0.1035786,-0.07855058,-0.11659108,-0.09402558,0.1182192,51,1.0
-0.075433075,0.16508174,0.10158789,0.19666803,0.9479828,0.02381939,-0.068283126,-0.1279898,-0.064637244,-0.15933406,-0.35512677,-0.039114974,-0.050020702,-0.07894316,0.030175708,0.017387515,-0.17948955,0.008245494,-0.08854079,-0.0700102,-0.1270602,0.0007629739,-0.35869527,-0.2142339,-0.19427758,-0.18909335,-0.05479214,-0.107728384,-0.094136775,-0.227646,-0.09172174,-0.12975655,51,2.0
0.05140304,0.14731874,0.20980604,0.18570316,0.39756995,0.14859672,-0.08770566,-0.10708413,-0.09469343,-0.118793495,-0.041608155,-0.22263536,0.061166972,-0.09788084,0.0081451945,-0.11362373,0.048705555,0.04721538,-0.2093781,-0.029548723,0.048604332,0.019581169,-0.07211263,-0.16191304,-0.08663623,0.16535789,-0.07210228,-0.086699866,-0.068294354,-0.11370235,-0.0895569,0.09689383,51,1.0
-0.15078685,0.11963597,0.10471369,0.17088631,0.95226896,0.06463519,-0.047054067,-0.099113904,-0.10980937,-0.027415324,-0.24449077,-0.068645604,0.058850154,-0.1069918,0.081038,0.03711141,-0.2854351,0.11479788,-0.10130436,-0.07182914,0.020387966,0.08900594,-0.28103432,-0.20036833,-0.15842807,-0.20737183,-0.027154006,-0.0065823942,-0.1563562,-0.1813129,-0.07271569,-0.058862656,51,4.0
-0.16139233,0.11463083,0.07491862,0.1701729,0.91329414,0.064531505,-0.050514217,-0.09098295,-0.09322373,-0.004253462,-0.2737459,-0.10312888,0.077520326,-0.1189217,0.04698689,0.026531165,-0.31770512,0.119083606,-0.108215444,-0.07036257,-0.005442001,0.10296672,-0.26445284,-0.20222752,-0.16818446,-0.21293578,-0.029405002,0.012907736,-0.14538445,-0.17330296,-0.08086241,-0.022304099,51,3.0
-0.09438547,0.13360882,0.07237451,0.17409466,0.9744916,0.069594055,-0.10478143,-0.03717356,-0.06022333,-0.1215432,-0.2783072,-0.047118492,-0.09959862,-0.06801458,0.017440252,-0.030389074,-0.25474513,0.015916396,-0.1434519,-0.017830476,-0.113681994,0.0011753459,-0.32660022,-0.20037696,-0.2432628,-0.21953511,-0.091853574,-0.100923605,-0.081636116,-0.1532141,-0.076772034,-0.03252624,51,4.0
-0.20432237,0.098920375,0.059549272,0.12560944,0.7868927,-0.006000109,-0.02811829,-0.07995003,-0.050154913,0.019303732,-0.27712697,-0.12683183,0.18822351,-0.18335025,-0.00796681,0.013104098,-0.19895606,0.18057096,-0.07209633,-0.05595955,0.07547875,0.15895618,-0.1401541,-0.22539932,-0.07011233,-0.12527743,-0.08347748,0.06524758,-0.1311587,-0.16100559,-0.10360867,-0.028903479,51,2.0
0.043349445,0.14843795,0.21762842,0.19485311,0.3942011,0.15553917,-0.095574066,-0.11383071,-0.090759546,-0.13756922,-0.0659382,-0.24316053,0.066039175,-0.10752258,0.017064929,-0.12953979,0.041600857,0.043594927,-0.19831091,-0.028925747,0.060357675,0.019791454,-0.07780673,-0.1565091,-0.081399545,0.16962057,-0.089413986,-0.08966871,-0.07402645,-0.11598782,-0.089202195,0.11234571,51,1.0
-0.022488836,0.056737456,0.12554535,0.13116692,0.66362196,-0.092897296,-0.13118881,-0.06364161,-0.04763863,-0.22894494,-0.2930544,-0.14030021,-0.069822185,-0.17719553,0.010429015,-0.05238639,-0.032916483,-0.114553265,-0.11914794,-0.12708004,-0.107890174,-0.074435234,-0.18594101,-0.050071184,-0.16587296,-0.18683848,-0.11297387,-0.13050148,-0.079865254,-0.09932661,-0.048128963,0.09046,51,3.0
-0.15919629,0.11569903,0.10855304,0.1663029,0.95074797,0.06283221,-0.04340522,-0.09925268,-0.107375056,-0.021953933,-0.24251284,-0.069704846,0.07696009,-0.12335718,0.06781003,0.028259588,-0.2849293,0.12742704,-0.10756214,-0.06938742,0.035437852,0.10464136,-0.25591806,-0.20290117,-0.14790791,-0.1953492,-0.04058749,0.0024121702,-0.15440056,-0.17948669,-0.07899294,-0.043545216,51,4.0
0.039891556,0.1494573,0.23167579,0.19306013,0.36364186,0.1342926,-0.08778834,-0.09285248,-0.066758454,-0.10887683,-0.0666956,-0.2050304,0.05230972,-0.11463104,-0.010208843,-0.13398492,0.040471885,0.028583689,-0.19453493,-0.009854864,0.05871045,0.009219137,-0.06984468,-0.11311807,-0.07871182,0.179823,-0.08467084,-0.11821606,-0.06846626,-0.13354963,-0.08385669,0.108501226,51,1.0
-0.09825767,0.15042348,0.06424626,0.17569768,1.0266697,0.06947231,-0.08139269,-0.057233296,-0.07975503,-0.09157783,-0.26991218,-0.051961437,-0.08604686,-0.057116292,0.06365687,0.0014824197,-0.25923344,0.046722665,-0.115157895,-0.020333044,-0.07994145,0.01904443,-0.356753,-0.22081652,-0.23146445,-0.214012,-0.07462257,-0.089599326,-0.100279346,-0.17074615,-0.091627926,-0.062369153,51,2.0
-0.11894545,0.094881915,0.08353627,0.22691017,0.7787989,0.02667683,-0.08175807,-0.14132312,-0.020576224,-0.093412794,-0.37795854,-0.08100839,0.104563914,-0.092291474,0.02957885,0.024613084,-0.1500247,0.2014209,-0.004206352,-0.09642769,-0.047094654,0.034655355,-0.21511945,-0.253822,0.011859603,-0.106756195,-0.00616201,0.13132298,-0.08892993,-0.32662562,-0.15263015,-0.19936182,51,3.0
-0.1901555,0.12505561,0.089206524,0.15025865,0.8418405,0.042437095,-0.058250137,-0.078116275,-0.005583748,0.012532331,-0.35995176,-0.10946445,0.19835773,-0.18206164,-0.08682962,-0.01043177,-0.16535956,0.1965583,-0.07066458,-0.08696163,0.045523115,0.14012225,-0.14102122,-0.23241475,-0.042451374,-0.10129634,-0.06568749,0.07325865,-0.12491298,-0.193463,-0.10080622,-0.06449484,51,4.0
-0.04890591,0.13838023,0.1221004,0.18297346,0.75201184,0.014858615,-0.083705425,-0.24287897,-0.036262736,-0.263233,-0.43771282,-0.17226389,0.037188165,-0.13750206,-0.075105414,-0.032867584,-0.06949738,-0.14074942,-0.07968976,-0.15436637,-0.18258935,-0.02873787,-0.26157802,-0.12981689,-0.18511793,-0.18199848,-0.062705085,-0.16678655,-0.0972139,-0.17218125,-0.067880094,-0.0770669,51,4.0
-0.02511394,0.13641153,0.13230571,0.20841485,0.75548196,0.008736808,-0.102143236,-0.17209736,-0.06819165,-0.25102082,-0.36829957,-0.15698159,-0.02447848,-0.16344467,-0.027874682,-0.03780717,-0.019870985,-0.14376456,-0.086944506,-0.14230618,-0.12811565,-0.05143094,-0.2481994,-0.10428184,-0.20079497,-0.20482159,-0.1098779,-0.18328044,-0.08697046,-0.12390251,-0.04972001,-0.010974418,51,1.0
-0.22595105,0.05887162,0.09792827,0.04860553,0.8818727,0.050282177,-0.070069894,0.19061711,0.045692794,-0.021027274,-0.37731707,-0.12806712,0.17435251,-0.17233187,-0.015982462,-0.08505137,0.021872316,0.16905999,0.021685675,-0.059560377,0.011185817,0.11798418,-0.121244766,-0.24179259,0.1318886,-0.014450625,-0.15055804,0.042153664,-0.0514811,-0.15642571,-0.1659951,-0.110404804,51,3.0
-0.07489844,0.16056548,0.11797646,0.19995485,1.063478,0.053361814,-0.06774506,-0.09958107,-0.11233401,-0.12183673,-0.28289962,0.011142217,-0.07122659,-0.037240528,0.14256003,0.0586479,-0.18094121,0.06277908,-0.09880531,-0.0360256,-0.042110708,0.0056832633,-0.3845649,-0.24599105,-0.20010868,-0.18452324,-0.040845577,-0.101010695,-0.11216123,-0.19514209,-0.06784918,-0.143318,51,3.0
0.04488419,0.14954713,0.20021729,0.18916796,0.41449934,0.17017742,-0.09446221,-0.1316979,-0.11584742,-0.16005056,-0.06413508,-0.2741567,0.078900926,-0.097298935,0.038202923,-0.11710132,0.042711735,0.05655751,-0.20121387,-0.052579675,0.06438031,0.03005141,-0.07950988,-0.19843802,-0.08035397,0.14782083,-0.0817315,-0.0613627,-0.07914044,-0.0906037,-0.100042745,0.11727746,51,4.0
-0.045767188,0.10819679,0.107210904,0.19499587,0.7753387,0.011002582,-0.115306064,-0.045865335,-0.053681474,-0.21164039,-0.32786405,-0.08933904,-0.07808192,-0.1338931,-0.032790832,-0.06822969,-0.12493183,-0.09429266,-0.11879422,-0.09970125,-0.13822918,-0.06579785,-0.27915683,-0.11578125,-0.21399394,-0.23069659,-0.10983437,-0.14188683,-0.061585512,-0.13156016,-0.06317092,0.0064832773,51,4.0
0.02157794,0.14988324,0.23163281,0.20950836,0.39344162,0.16202156,-0.09963984,-0.128393,-0.08790414,-0.18004182,-0.11283954,-0.2809547,0.07754796,-0.12791413,0.02677736,-0.15582898,0.018526992,0.041678,-0.17558116,-0.035058524,0.088423364,0.02553475,-0.08118854,-0.15883376,-0.075524524,0.16447446,-0.11028683,-0.09228817,-0.08781275,-0.11205208,-0.09171584,0.1481436,51,1.0
-0.021112107,0.18369447,0.13670245,0.15093069,0.57063806,0.010267872,-0.16130514,-0.50175345,-0.026213441,-0.38007358,-0.49389556,-0.3416115,0.101093784,-0.19571203,-0.014543448,-0.04967796,0.17232601,-0.24811941,-0.019233838,-0.25036365,-0.003978111,0.084069155,-0.10956337,-0.12962796,-0.15144168,-0.03751398,-0.1671433,-0.19550923,-0.22600836,-0.06788994,-0.11218913,0.08203459,51,3.0
-0.013330638,0.16965564,0.1268998,0.13953827,0.5625808,0.03293022,-0.18311349,-0.5035322,-0.013496444,-0.37781927,-0.5220659,-0.368055,0.11611162,-0.18340303,-0.011669168,-0.064437136,0.16727859,-0.2520846,-0.030136041,-0.24489872,-0.016563855,0.0698544,-0.115564816,-0.14227132,-0.13672352,-0.045339447,-0.18124712,-0.19755806,-0.22804487,-0.050408788,-0.13390729,0.09768936,51,2.0
-0.06485521,0.16286883,0.15670471,0.2289229,1.0888466,0.014066335,-0.06126395,-0.16391578,-0.15503705,-0.16316393,-0.335159,0.07440199,-0.043730617,-0.030708686,0.2091883,0.12602648,-0.098479435,0.087251306,-0.063551515,-0.057685565,-0.030350693,-0.016140185,-0.39640388,-0.2635326,-0.10405728,-0.13140555,-0.00310985,-0.05225463,-0.13860945,-0.27101606,-0.053323522,-0.23532502,51,2.0
-0.030972421,0.13658153,0.14004876,0.18452731,0.6744276,0.033659402,-0.105179444,-0.35948735,-0.046802234,-0.32235715,-0.5227349,-0.26807493,0.10243142,-0.15863478,-0.050544355,-0.057401992,0.030897202,-0.21442914,-0.055654064,-0.20331626,-0.13833135,-0.024647396,-0.18934554,-0.122185424,-0.16846007,-0.14668413,-0.0932278,-0.17700726,-0.11607341,-0.099521905,-0.084453374,-0.03546741,51,2.0
0.048363984,0.14676523,0.20001091,0.18409368,0.40692365,0.16742362,-0.09235093,-0.123261504,-0.11048594,-0.14351988,-0.05471979,-0.25756538,0.07124008,-0.09575814,0.03377331,-0.11417997,0.04128315,0.049861033,-0.2035555,-0.04512293,0.059225798,0.026816739,-0.07559196,-0.1844741,-0.07941746,0.15037598,-0.07867959,-0.067692816,-0.07503384,-0.0941103,-0.09705122,0.10598861,51,2.0
-0.110701084,0.11767912,0.082519576,0.16178715,1.0736735,0.098676845,-0.063914984,-0.035753258,-0.114121795,-0.06134513,-0.23619029,-0.03142468,-0.05605837,-0.058473427,0.10646008,0.00036836974,-0.298832,0.049659245,-0.122133836,-0.016869009,-0.010858005,0.025719345,-0.33845532,-0.22360635,-0.2261011,-0.24631985,-0.052262794,-0.06252147,-0.13102716,-0.14753383,-0.07613015,-0.04379683,51,3.0
-0.007821746,0.1670456,0.14453258,0.1747917,0.63322514,0.017534949,-0.1384353,-0.44343868,-0.0519684,-0.35232612,-0.49303555,-0.3174131,0.07769671,-0.19560635,-4.7592446e-05,-0.057654813,0.126697,-0.24420565,-0.03837673,-0.2295613,-0.04238403,0.034348518,-0.12751377,-0.11875284,-0.16264546,-0.09375782,-0.16671298,-0.19650526,-0.18079838,-0.06915222,-0.098223835,0.055409405,51,4.0
-0.19856194,0.10158455,0.090130344,0.12484472,0.83663255,0.011284672,-0.023213498,-0.06685414,-0.047304302,0.00866586,-0.28746194,-0.10839,0.2010088,-0.18996067,-0.027797556,-0.011932532,-0.1746139,0.18869755,-0.070544906,-0.048372027,0.08369237,0.17155269,-0.1351515,-0.23870942,-0.041345797,-0.08035586,-0.112509325,0.06827615,-0.116555445,-0.16574496,-0.11405514,-0.02983268,51,3.0
-0.028987553,0.14202924,0.14061055,0.20348795,0.739291,0.030630995,-0.09550154,-0.24459761,-0.05524346,-0.27784127,-0.42943946,-0.2035484,0.039718173,-0.16308333,-0.03509337,-0.04301867,-0.007842317,-0.16061112,-0.08448915,-0.1610102,-0.15399665,-0.034097128,-0.24497011,-0.12905274,-0.18643811,-0.19860554,-0.10336204,-0.18973807,-0.08985574,-0.11989224,-0.057173014,-0.031669058,51,2.0
0.005385272,0.15166922,0.15913588,0.18562521,0.70075536,-0.03427852,-0.11709968,-0.28666425,-0.08699602,-0.29582334,-0.39335856,-0.22008854,-0.010298375,-0.19975916,0.029073011,-0.031062698,0.10030101,-0.19779664,-0.06361727,-0.18509486,-0.055929787,-0.018560354,-0.17251974,-0.078421995,-0.17933819,-0.14641854,-0.13885708,-0.19043902,-0.13971777,-0.086339,-0.054824933,0.05850419,51,2.0
-0.12391956,0.12920567,0.088532545,0.17880015,1.004834,0.07991734,-0.05741209,-0.07097597,-0.11132444,-0.044938955,-0.25607914,-0.05681155,-0.009607997,-0.07205571,0.096413314,0.02760327,-0.29612836,0.07361463,-0.10515347,-0.05236053,-0.02421109,0.050565336,-0.33624643,-0.20437527,-0.18821967,-0.22131856,-0.030424591,-0.033801835,-0.1373532,-0.17190258,-0.07626043,-0.070250824,51,2.0
-0.15818879,0.12807289,0.12457502,0.1845159,0.94168425,0.12260023,-0.087910555,-0.071497165,0.019013235,-0.02271596,-0.420324,-0.044659585,0.17288129,-0.14834495,-0.11301336,-0.047346264,-0.07514158,0.20381206,-0.053691015,-0.1175362,0.018977065,0.07938984,-0.12538606,-0.22595465,0.03495176,-0.04423581,-0.07196294,0.12100153,-0.08853221,-0.25531864,-0.10803777,-0.11159387,51,3.0
0.04116766,0.14784947,0.22787799,0.19738923,0.3886235,0.1445214,-0.09261965,-0.108852796,-0.08409996,-0.12194153,-0.06519593,-0.22569366,0.061274562,-0.11211866,0.0010107327,-0.12929928,0.038422447,0.04019402,-0.202262,-0.016576767,0.05625908,0.018400934,-0.07573793,-0.14215693,-0.08436913,0.17720926,-0.08277163,-0.10190348,-0.07392794,-0.124807075,-0.08854067,0.11200465,51,4.0
-0.095392674,0.14413367,0.065816484,0.16751954,1.0333236,0.07626036,-0.087970406,-0.040952638,-0.08367562,-0.091303736,-0.24849366,-0.04774093,-0.09383357,-0.047190398,0.075219855,-0.0056770705,-0.25784072,0.0434106,-0.120354705,-0.011720283,-0.07053862,0.017177014,-0.34692347,-0.22241035,-0.23255599,-0.21721347,-0.08367759,-0.09377757,-0.09775748,-0.15659441,-0.074432604,-0.05663928,51,1.0
0.027419522,0.13919754,0.19865774,0.18585914,0.40273565,0.17933422,-0.09355151,-0.11893619,-0.103622995,-0.16608152,-0.09665941,-0.28424728,0.07170151,-0.10730782,0.05036411,-0.1396149,0.0075495774,0.028296443,-0.17925403,-0.05285398,0.09111559,0.026170626,-0.07303827,-0.1668034,-0.06883616,0.13195826,-0.09781423,-0.07734387,-0.083346285,-0.08363061,-0.088330835,0.12664083,51,2.0
0.050333634,0.16847426,0.217955,0.10737156,0.17613626,0.084791586,-0.029151866,-0.022960804,-0.004326854,-0.07105605,0.0038609058,-0.083540246,-0.0057504885,-0.07224827,-0.03080535,-0.064894825,0.07609627,-0.01057335,-0.14286436,-0.018152082,0.060762122,0.00090887863,0.01356497,0.05377897,-0.015430927,0.15286687,-0.03816751,-0.1816666,-0.049142685,-0.15017882,-0.07183711,0.020794448,51,4.0
0.022659063,0.14231491,0.21358563,0.21214372,0.43201262,0.1874758,-0.10715075,-0.15524575,-0.12068164,-0.19509609,-0.10864605,-0.3224892,0.09245909,-0.11474238,0.053521875,-0.13792041,0.0075269504,0.053438548,-0.19783354,-0.054807615,0.08056569,0.043941375,-0.08660393,-0.20910048,-0.08232534,0.14532243,-0.1021094,-0.057751626,-0.09755171,-0.07657781,-0.11574729,0.14813522,51,1.0
0.049872488,0.14953695,0.21155222,0.18237986,0.3736052,0.14357068,-0.08415295,-0.09345495,-0.078495756,-0.12246457,-0.04841867,-0.21110606,0.05628282,-0.10139912,0.005635433,-0.124890186,0.054701358,0.037933275,-0.19211581,-0.029692357,0.059894532,0.009819983,-0.06828056,-0.13555652,-0.07966602,0.16747685,-0.08231415,-0.10034283,-0.062128954,-0.12371726,-0.07860634,0.10001142,51,1.0
-0.16208352,0.11579775,0.09404474,0.16654608,0.9249688,0.05550434,-0.040022735,-0.105763815,-0.10609843,-0.010918859,-0.25301123,-0.08584025,0.09264795,-0.12521493,0.06493397,0.044870712,-0.28555527,0.13098878,-0.1020705,-0.07794094,0.026816368,0.10754033,-0.26141566,-0.20345345,-0.14474083,-0.20360106,-0.025718223,0.010690302,-0.1569048,-0.18363877,-0.07889306,-0.043941855,51,4.0
-0.25404733,0.04880822,-0.031944588,-0.08292234,0.50885236,-0.094445065,0.058603987,0.15567583,-0.034225907,0.0051820204,-0.16837315,-0.11648189,0.21716776,-0.12638162,0.07308346,-0.030495558,-0.08458042,0.10001309,-0.0115511045,-0.012078727,0.08263297,0.16326134,0.003688641,-0.18401718,0.07629446,-0.07993027,-0.18095474,0.135225,-0.06027454,-0.10817221,-0.12860672,-0.016202267,51,2.0
-0.21834314,0.09711037,0.06705401,0.08934453,0.8033663,0.0017846562,-0.0267144,0.00049371645,-0.011192118,0.022948496,-0.30938232,-0.12054649,0.21316215,-0.19816394,-0.0378429,-0.027043195,-0.12447278,0.1848318,-0.041432742,-0.04237813,0.07684306,0.16731495,-0.114444144,-0.23459584,0.0064845905,-0.08785306,-0.12114501,0.07539937,-0.10151095,-0.14946477,-0.124472335,-0.033846408,51,4.0
0.05969099,0.15082258,0.17821299,0.16304082,0.40026233,0.16807657,-0.07933833,-0.1111682,-0.109608516,-0.13508278,-0.030192226,-0.2438843,0.063850515,-0.07974985,0.041248865,-0.09965558,0.055138014,0.048037738,-0.19444816,-0.065000065,0.061480753,0.016398124,-0.066588655,-0.1848518,-0.072308764,0.13318104,-0.0703516,-0.0658572,-0.06263261,-0.08727474,-0.086906865,0.08832206,51,4.0
-0.036609814,0.12459529,0.11938885,0.20336598,0.7657375,0.0033218227,-0.11233579,-0.10561571,-0.061083004,-0.23285323,-0.333943,-0.12091212,-0.058642887,-0.14928134,-0.03292926,-0.050249275,-0.06368615,-0.116875626,-0.101739824,-0.119526684,-0.13548881,-0.06290313,-0.26456124,-0.1051404,-0.21132335,-0.21502061,-0.111539334,-0.16585644,-0.073848195,-0.1314708,-0.05228579,0.0006375592,51,3.0
-0.17266922,0.11929913,0.06327844,0.18098103,0.8083918,0.049032677,-0.054519396,-0.11558334,-0.06523964,0.014504902,-0.32245523,-0.13195346,0.13919193,-0.13546844,0.0038554687,0.03713061,-0.2704146,0.15489447,-0.084144056,-0.08853868,-0.008400615,0.123814926,-0.22943848,-0.20722914,-0.10637574,-0.17636766,-0.021397252,0.056708664,-0.1413597,-0.19605693,-0.097645596,-0.058647428,51,4.0
-0.06740177,0.1331827,0.10823235,0.1514007,0.7338987,0.00515303,-0.07996966,-0.28001013,-0.04029057,-0.27185938,-0.45982164,-0.19448142,0.061035115,-0.13127466,-0.10300039,-0.013188343,-0.054592192,-0.16246238,-0.048343893,-0.18211381,-0.18413123,-0.025180649,-0.23215279,-0.12035556,-0.17150208,-0.16028473,-0.04258917,-0.15824714,-0.10819908,-0.17886513,-0.060944445,-0.12650444,51,4.0
-0.013346314,0.14813763,0.1454481,0.19607061,0.6975082,0.03090078,-0.10101096,-0.30754256,-0.059980504,-0.3055746,-0.4801282,-0.25098056,0.06122219,-0.17249773,-0.015916746,-0.046807572,0.04165878,-0.19931337,-0.066334076,-0.18417309,-0.113917805,-0.024144713,-0.20134044,-0.124029264,-0.17459968,-0.17666647,-0.12613453,-0.18921213,-0.11325346,-0.08562786,-0.07275869,-0.009352844,51,1.0
-0.17612125,0.12454769,0.10686049,0.16010357,0.8941202,0.054615762,-0.047437467,-0.09905853,-0.07956512,-0.0138209015,-0.26873574,-0.08031459,0.11680289,-0.13967146,0.017640777,0.020165967,-0.25909817,0.16179213,-0.10490683,-0.08162937,0.022236116,0.13224061,-0.22791103,-0.19506742,-0.11511732,-0.16658479,-0.040496778,0.028978392,-0.14552414,-0.18847361,-0.08281784,-0.038863238,51,4.0
0.051010072,0.14924501,0.18770154,0.17578436,0.4079145,0.17569837,-0.09091982,-0.1267713,-0.11648795,-0.14583229,-0.050092034,-0.26816815,0.070651315,-0.0886247,0.04863776,-0.10878697,0.04236274,0.047866493,-0.19872576,-0.058884904,0.063009374,0.024973575,-0.075131245,-0.19434395,-0.07223588,0.13931254,-0.07789475,-0.061689675,-0.07429185,-0.08151849,-0.10053435,0.100813,51,2.0
-0.04868579,0.15455067,0.13847336,0.19342078,0.7644942,0.028825585,-0.060794573,-0.27234775,-0.041599832,-0.279509,-0.5211578,-0.12496336,0.070362814,-0.10517198,-0.039457962,-0.010281627,-0.039097767,-0.11149401,-0.059904166,-0.15144081,-0.15888199,-0.03634967,-0.2767849,-0.18711326,-0.1734651,-0.16706954,-0.051288452,-0.1407628,-0.09176027,-0.17848507,-0.07535987,-0.12059824,51,3.0
0.046891607,0.14825669,0.20409288,0.18590257,0.4010847,0.16410549,-0.09262787,-0.117844634,-0.102054134,-0.14740615,-0.06124776,-0.25390705,0.06970227,-0.09964986,0.030701403,-0.12232377,0.043768585,0.046831723,-0.19581063,-0.04421606,0.065563455,0.022541279,-0.07572133,-0.17305866,-0.07838063,0.15438297,-0.08531591,-0.07539794,-0.07352079,-0.10244209,-0.089217246,0.11056727,51,3.0
-0.02076307,0.14058338,0.13436407,0.21244201,0.7436112,0.0047543123,-0.112977184,-0.1903559,-0.05995749,-0.26479232,-0.3827662,-0.1736924,-0.016719412,-0.16112499,-0.026641745,-0.048158757,-0.012165319,-0.15744418,-0.08609034,-0.1453047,-0.12791714,-0.05445517,-0.24527135,-0.10633597,-0.2047874,-0.2010225,-0.116942376,-0.17935076,-0.09724733,-0.12453507,-0.061514646,-0.007004072,51,2.0
-0.11834198,0.14450847,0.12116867,0.17349948,1.0425835,0.082625106,-0.06146271,-0.060531206,-0.11986268,-0.08195059,-0.24779321,-0.015597716,-0.037522346,-0.05305917,0.13768929,0.03898862,-0.24708866,0.07676392,-0.103982724,-0.04447884,-0.014814572,0.047818493,-0.33573917,-0.20767285,-0.18200928,-0.20037569,-0.02331739,-0.06600415,-0.13937558,-0.16597492,-0.061049916,-0.09374508,51,1.0
0.04600753,0.14704491,0.22761233,0.1738794,0.3452475,0.12760681,-0.07904447,-0.07666219,-0.058603715,-0.077426516,-0.05131711,-0.17046836,0.034832943,-0.10584834,-0.016961448,-0.12150903,0.040103033,0.011146072,-0.19854486,-0.0020661205,0.052010864,0.005467129,-0.05458256,-0.08694355,-0.06928074,0.1774862,-0.075782895,-0.13139538,-0.06028623,-0.13076831,-0.08393322,0.08383986,51,3.0
-0.098137945,0.14111651,0.04646559,0.1480213,0.8298195,0.011237584,-0.1014787,-0.044668272,-0.058324527,-0.19209251,-0.26465678,-0.09442572,-0.09508889,-0.0973043,-0.034580067,-0.04338116,-0.16553253,-0.05896257,-0.09012397,-0.07634638,-0.14806288,-0.026706394,-0.2930328,-0.14812538,-0.18804947,-0.21629442,-0.11375415,-0.15247744,-0.07886042,-0.19174208,-0.053692922,-0.039139405,51,2.0
-0.065466814,0.13337883,0.116972595,0.15784629,0.6738677,0.00732778,-0.09968803,-0.38697705,-0.04050903,-0.31380436,-0.53196126,-0.26610026,0.11966325,-0.14609781,-0.12571485,-0.021454245,0.010385288,-0.21933055,-0.022576585,-0.21700594,-0.15142685,-0.022927571,-0.16901532,-0.10430634,-0.17082807,-0.109382346,-0.038212296,-0.1598973,-0.13185582,-0.1375081,-0.074802585,-0.12629111,51,2.0
-0.02306936,0.12543607,0.13137548,0.20430443,0.7472245,-0.017888417,-0.12069631,-0.1534333,-0.06888218,-0.25763988,-0.3454153,-0.16015577,-0.044979714,-0.17530195,-0.018436806,-0.051074944,-0.0077992934,-0.14857084,-0.08947283,-0.14568926,-0.11936365,-0.0647128,-0.23434237,-0.08732663,-0.20094323,-0.2003484,-0.1182636,-0.17411536,-0.09454342,-0.12452656,-0.051551268,0.024027012,51,3.0
0.040828444,0.14966765,0.20115906,0.19272782,0.41601434,0.17412992,-0.0980416,-0.13451049,-0.11428764,-0.16934425,-0.07398772,-0.28548414,0.08106294,-0.10020453,0.04351326,-0.12340502,0.038653553,0.0551596,-0.19791575,-0.05483661,0.069274485,0.03098441,-0.081232585,-0.1995092,-0.07845776,0.14740731,-0.08951451,-0.061021872,-0.08193652,-0.08924891,-0.10083489,0.12271826,51,1.0
-0.07628253,0.16153188,0.105700925,0.19290562,1.0406586,0.05681735,-0.073680274,-0.09222443,-0.09733511,-0.11992863,-0.27709857,-0.008413136,-0.07620642,-0.042879947,0.11244227,0.042233936,-0.18944752,0.054945175,-0.10407659,-0.036129117,-0.057703413,0.005572997,-0.37505093,-0.23979032,-0.2126652,-0.19232106,-0.054606277,-0.10817119,-0.10131982,-0.18491998,-0.068683796,-0.12223293,51,2.0
-0.20491642,0.08710661,0.05640746,0.103223436,0.74915344,-0.019616678,-0.0073211957,-0.06399049,-0.05830523,0.010200806,-0.24938948,-0.12229589,0.18384682,-0.17867121,0.02513441,0.015555443,-0.19044869,0.1576168,-0.059779424,-0.039212007,0.099288605,0.16270122,-0.123442985,-0.22592837,-0.051007498,-0.109813526,-0.10534163,0.070603594,-0.12053642,-0.15188923,-0.110021606,-0.02394056,51,4.0
-0.034171302,0.14445601,0.14077155,0.19484712,0.7313698,0.031253684,-0.08497822,-0.26859817,-0.04561943,-0.2828734,-0.4688018,-0.19355914,0.05908484,-0.14653917,-0.04844168,-0.037559777,-0.022695087,-0.15688783,-0.077894725,-0.16415736,-0.15843093,-0.030689467,-0.24786872,-0.13881662,-0.18610117,-0.1859738,-0.085931614,-0.17647175,-0.092699476,-0.13217111,-0.068153195,-0.05839875,51,1.0
-0.106459945,0.15547419,0.07364976,0.18143314,1.0312204,0.067242816,-0.06973303,-0.07368968,-0.096581034,-0.07107824,-0.27131677,-0.052104793,-0.06267355,-0.05758018,0.094351664,0.021120733,-0.27063984,0.06933918,-0.10033842,-0.029500559,-0.05556105,0.03246121,-0.36856595,-0.2236672,-0.21821347,-0.20802344,-0.050120983,-0.06583163,-0.117511705,-0.18357578,-0.09717347,-0.089528635,51,2.0
-0.0045776665,0.14023761,0.14211537,0.20271128,0.723157,-0.0075115636,-0.11390113,-0.22210807,-0.07245189,-0.27575678,-0.39356837,-0.19574946,-0.010797109,-0.17470865,0.003499506,-0.04679779,0.03995248,-0.18391606,-0.072464086,-0.1634073,-0.10356502,-0.046613056,-0.21664366,-0.090424344,-0.1819031,-0.17743218,-0.118253365,-0.18335049,-0.11082928,-0.10034978,-0.05689995,0.016803335,51,4.0
-0.07036582,0.13312432,0.08829601,0.19174752,0.84686387,0.033919755,-0.10842181,-0.07126682,-0.04139709,-0.18845391,-0.31007162,-0.0859469,-0.078640275,-0.11385818,-0.04670202,-0.044956572,-0.1690469,-0.05481246,-0.13043673,-0.076783724,-0.15691096,-0.03512087,-0.3044309,-0.15054356,-0.22400352,-0.22035728,-0.1038592,-0.14567532,-0.070580386,-0.16313627,-0.0671667,-0.025601264,51,4.0
0.037559852,0.15342698,0.2163258,0.1545846,0.2917289,0.13534202,-0.06274253,-0.06602456,-0.05032963,-0.1542736,-0.08801672,-0.19888084,0.05213041,-0.11270045,0.00971414,-0.15312435,0.053074364,0.0046844073,-0.12933405,-0.035261936,0.113752715,0.0029072976,-0.05019407,-0.07067345,-0.047883965,0.15158978,-0.095336154,-0.12947203,-0.06595523,-0.13215154,-0.050835833,0.1166186,51,2.0
-0.0731852,0.13859297,0.08130223,0.18961246,0.8484792,0.025134418,-0.104407154,-0.080704235,-0.041009806,-0.18386523,-0.3107742,-0.090121396,-0.07431577,-0.10942912,-0.050194215,-0.036522094,-0.16964482,-0.053535044,-0.12283628,-0.07698662,-0.16042465,-0.028905503,-0.30713266,-0.14748485,-0.21853,-0.21199603,-0.0987214,-0.14533085,-0.07450261,-0.1767735,-0.0722858,-0.03616673,51,1.0
-0.25717604,0.042592827,-0.024706189,-0.07920454,0.5233437,-0.090419605,0.0441453,0.15390864,-0.020855514,-0.0053692535,-0.18718138,-0.12862453,0.21255572,-0.13284574,0.057800088,-0.046632297,-0.072908,0.11429222,-0.0034020022,-0.0006140992,0.0741893,0.16819485,-0.009615004,-0.1902245,0.07839156,-0.060547244,-0.19162545,0.12823774,-0.059951447,-0.09900051,-0.13958433,-0.031228501,51,3.0
0.054955818,0.15043889,0.19657585,0.1791246,0.40479934,0.1638904,-0.09032931,-0.11622434,-0.10477281,-0.13686553,-0.04442831,-0.24592803,0.06579723,-0.09177351,0.0314519,-0.11188307,0.052076645,0.048768226,-0.20076126,-0.04916296,0.05696678,0.019776547,-0.07496641,-0.17921597,-0.078725845,0.15322825,-0.07952082,-0.07229765,-0.069449425,-0.09954255,-0.09050378,0.09770417,51,3.0
-0.18174836,0.1159628,0.10193066,0.16557005,0.84870344,0.046834726,-0.05122511,-0.10619823,-0.04734677,-0.0010681897,-0.31687316,-0.09214029,0.17573737,-0.16530529,-0.045188382,0.008133965,-0.19282922,0.1862303,-0.086437866,-0.08873317,0.038556784,0.13885024,-0.17574203,-0.21373706,-0.056751348,-0.116374254,-0.057678502,0.06772497,-0.12871754,-0.20421693,-0.098204106,-0.063969895,51,2.0
-0.047667257,0.072379954,0.09625108,0.16358097,0.7274707,-0.038635023,-0.12525672,-0.012283914,-0.036673963,-0.20880958,-0.30086312,-0.095616326,-0.086176395,-0.15145881,-0.033787772,-0.07168213,-0.124748886,-0.08794034,-0.12787315,-0.098083615,-0.12809402,-0.07461768,-0.23969296,-0.08814645,-0.20145226,-0.22086674,-0.11133246,-0.12268393,-0.06640166,-0.12749985,-0.07259719,0.05316117,51,2.0
-0.09715306,0.14356409,0.056825355,0.103147425,0.77865255,-0.009471577,-0.079306215,-0.18323928,-0.057197206,-0.21166559,-0.35250315,-0.14456218,-0.006826289,-0.107365206,-0.091095984,0.03005595,-0.093621984,-0.0983429,-0.046950493,-0.14272927,-0.16375926,0.01706663,-0.24267125,-0.124661475,-0.16564488,-0.18379909,-0.06211206,-0.15854412,-0.105391935,-0.22390592,-0.043287903,-0.15626454,51,3.0
-0.019813534,0.08018432,0.1256597,0.17469917,0.7002756,-0.04754599,-0.12822104,-0.0748096,-0.04857665,-0.23484139,-0.31879947,-0.13565461,-0.06519952,-0.16860509,-0.0042915912,-0.06281431,-0.044040762,-0.1198566,-0.108120166,-0.12595777,-0.11271728,-0.0774416,-0.22386983,-0.07138176,-0.18843722,-0.20430551,-0.115207806,-0.14085105,-0.076545306,-0.110380046,-0.057821035,0.05590522,51,4.0
-0.1650829,0.11921189,0.108544916,0.16414768,0.92863905,0.0554316,-0.04388237,-0.10290096,-0.10285193,-0.01971323,-0.25336972,-0.07759066,0.09841068,-0.13061517,0.05643775,0.03849151,-0.26965022,0.13569784,-0.10230838,-0.0835613,0.027534276,0.11120322,-0.25561848,-0.19891176,-0.12581235,-0.19070934,-0.030570012,0.013034314,-0.1552208,-0.18882647,-0.07960016,-0.048872933,51,2.0
-0.2565718,0.04377329,-0.018541217,-0.07016671,0.53368515,-0.08705208,0.041987494,0.14679617,-0.020044222,-0.004881054,-0.19092824,-0.12910828,0.21291824,-0.13742277,0.055300955,-0.042797945,-0.071948044,0.11528663,-0.0033793822,-0.0027513392,0.075838014,0.16643612,-0.01756388,-0.19172846,0.076204054,-0.062217146,-0.18718685,0.12504128,-0.061034873,-0.102631815,-0.14056878,-0.03273886,51,3.0
0.018796995,0.14257325,0.23105754,0.2144276,0.4138644,0.17134848,-0.103405364,-0.14020056,-0.10118643,-0.17036104,-0.11308162,-0.29144037,0.079833105,-0.12698308,0.03158185,-0.14767481,0.002410372,0.041762866,-0.19112296,-0.0313988,0.078078374,0.032607928,-0.08403363,-0.17080475,-0.08079864,0.16247459,-0.10544363,-0.086376354,-0.09336403,-0.10088326,-0.10411632,0.1458462,51,4.0
0.052147135,0.1472742,0.19403714,0.1766766,0.4073805,0.16697718,-0.08661027,-0.12149251,-0.11509124,-0.14077309,-0.047853723,-0.2539589,0.06978313,-0.09043233,0.03623978,-0.107208304,0.04250153,0.050685808,-0.20249245,-0.051687725,0.061132737,0.02580293,-0.07164159,-0.18749401,-0.07787763,0.14114422,-0.07055716,-0.063842684,-0.07248005,-0.08802655,-0.09407495,0.10257,51,4.0
0.029049046,0.14661698,0.24266835,0.20554596,0.3828381,0.13967216,-0.09265399,-0.11114588,-0.077973016,-0.11805213,-0.0865838,-0.2268443,0.061406128,-0.12489025,-0.008531375,-0.1380109,0.02172149,0.033535503,-0.19892743,-0.0034900457,0.061549857,0.019132819,-0.075107105,-0.12709285,-0.08243159,0.18099289,-0.08637431,-0.114680916,-0.0800194,-0.12942138,-0.09144229,0.12518372,51,3.0
-0.08699767,0.13750157,0.07955804,0.16995978,1.0340959,0.08351621,-0.09140387,-0.038390167,-0.08665645,-0.101529226,-0.24111111,-0.031996842,-0.09587244,-0.0412513,0.083991855,-0.003715586,-0.24124224,0.037944607,-0.12900425,-0.013192041,-0.062645406,0.008764776,-0.34023255,-0.22394985,-0.2359136,-0.22082119,-0.084202215,-0.10317639,-0.09388634,-0.14408803,-0.05793944,-0.05761075,51,1.0
0.00272841,0.086812,0.15187709,0.15666023,0.65647656,-0.073260255,-0.123607874,-0.14525118,-0.06311472,-0.2459767,-0.33278894,-0.16695836,-0.048825175,-0.1772083,0.024144303,-0.040458325,0.026333135,-0.14003491,-0.10318887,-0.14575118,-0.081980884,-0.0586546,-0.18214431,-0.04929514,-0.17651528,-0.17057906,-0.11832234,-0.15061799,-0.09364258,-0.076292746,-0.041758932,0.08197531,51,3.0
-0.051690273,0.12986255,0.1065529,0.20200874,0.7720049,-0.003580641,-0.11821493,-0.104649715,-0.058748566,-0.23688133,-0.32602498,-0.12052978,-0.06348433,-0.14617626,-0.04620047,-0.05689466,-0.07240958,-0.11917197,-0.099436924,-0.11794835,-0.14198643,-0.06392861,-0.267634,-0.10536392,-0.21485204,-0.20939483,-0.10797596,-0.1642735,-0.08423705,-0.15209994,-0.06275415,-0.004913129,51,3.0
0.04045143,0.14942884,0.21662755,0.19809607,0.40808585,0.16001599,-0.09521812,-0.12618673,-0.10333567,-0.15743044,-0.073231384,-0.26193982,0.07598364,-0.10763304,0.023998875,-0.12783577,0.040198114,0.053542484,-0.19737585,-0.039268285,0.06756595,0.026842292,-0.08037058,-0.17783947,-0.08360926,0.16199389,-0.08666806,-0.07722213,-0.07960129,-0.1080221,-0.09147754,0.124956265,51,1.0
0.03727547,0.14757702,0.21660486,0.20317686,0.41067484,0.1680305,-0.10238998,-0.1322265,-0.10445729,-0.16032112,-0.07927791,-0.27597576,0.078211635,-0.10907468,0.031684056,-0.13125575,0.034015052,0.051973075,-0.20053172,-0.037095685,0.06450297,0.029568702,-0.0839689,-0.18196641,-0.08276443,0.16471213,-0.09440766,-0.07491855,-0.083238296,-0.103760466,-0.10037394,0.12471934,51,2.0
-0.06892943,0.1336935,0.08966578,0.19020014,0.84154654,0.031433146,-0.111264214,-0.067497544,-0.048050784,-0.18707633,-0.30359447,-0.07889199,-0.0834497,-0.1088306,-0.043386765,-0.041381475,-0.16113646,-0.0540547,-0.1254118,-0.0749793,-0.14811346,-0.03948972,-0.30251318,-0.1498365,-0.22745568,-0.22063488,-0.10693678,-0.14860335,-0.06714851,-0.15906361,-0.05899301,-0.02976004,51,4.0
-0.13352892,0.12839481,0.09458844,0.17860284,1.0099561,0.081029534,-0.05726566,-0.06493565,-0.10788213,-0.043838613,-0.2705145,-0.053370535,-0.0023251679,-0.07956725,0.08890796,0.027125305,-0.30226448,0.07982786,-0.108362906,-0.052029144,-0.031621695,0.060184747,-0.3300143,-0.20368655,-0.18674171,-0.22244518,-0.022877287,-0.03204079,-0.13881464,-0.17359254,-0.08342628,-0.058748256,51,2.0
-0.18332548,0.13946328,0.118201,0.16810022,0.99961835,0.13644028,-0.08628784,0.03271965,0.06809442,0.00015425682,-0.49221492,-0.063595094,0.18727146,-0.17552139,-0.13260758,-0.05294993,-0.048180073,0.16704962,-0.03770139,-0.14173302,0.038184084,0.040163722,-0.10880705,-0.23799452,0.07390218,-0.080915704,-0.0593423,0.09180121,-0.080710076,-0.22449614,-0.114515185,-0.125632,51,2.0
0.052993193,0.14634521,0.21355265,0.18236007,0.38621914,0.1452799,-0.08766493,-0.09915691,-0.08509277,-0.10385219,-0.038723327,-0.20550992,0.052466843,-0.09936419,0.001917148,-0.1151558,0.04795921,0.03662709,-0.20901528,-0.020993693,0.045551643,0.015590504,-0.068843946,-0.14264596,-0.08325974,0.17239392,-0.073962525,-0.098681405,-0.06540725,-0.11902546,-0.088913426,0.08789396,51,4.0
0.0471733,0.14805382,0.20452751,0.18079288,0.3855809,0.1616548,-0.090062544,-0.1078039,-0.09241571,-0.14545019,-0.06359992,-0.2429629,0.064775124,-0.1009288,0.029693354,-0.12948668,0.046304133,0.03824414,-0.18500279,-0.041720778,0.072902456,0.016172402,-0.07211021,-0.15370536,-0.073532514,0.15625368,-0.090847254,-0.08592553,-0.06907202,-0.10797869,-0.0808391,0.10873945,51,1.0
-0.11531269,0.12543893,0.14243826,0.23813686,0.91587573,0.04099525,-0.07736679,-0.17362669,-0.09506454,-0.09674996,-0.32462,-0.025304075,0.061423227,-0.10179475,0.0829709,0.03763958,-0.16522478,0.17433742,-0.05028806,-0.090287164,-0.01816672,0.065039776,-0.2797835,-0.21942821,-0.04413593,-0.10822073,-0.029382993,0.06690177,-0.12823075,-0.28911838,-0.10445905,-0.17679113,51,3.0
-0.063211106,0.1525558,0.12081064,0.1891696,1.0648189,0.06649515,-0.0716749,-0.0814499,-0.12069022,-0.11307275,-0.23419672,0.017975807,-0.07745808,-0.017814672,0.15881103,0.06759779,-0.16661659,0.06311466,-0.10733673,-0.03948742,-0.017598737,-0.0022750096,-0.37184095,-0.2420938,-0.20030558,-0.1970506,-0.048408333,-0.10804853,-0.10533972,-0.16614522,-0.035681166,-0.13590786,51,3.0
0.031909302,0.15058163,0.23737906,0.1951411,0.3579958,0.14129786,-0.08957482,-0.101007916,-0.06800249,-0.1331096,-0.09326212,-0.22538975,0.05817704,-0.12468265,0.002186682,-0.14761488,0.030451262,0.024993097,-0.17709714,-0.013976937,0.077088185,0.01071078,-0.07265852,-0.111089066,-0.07032888,0.1759337,-0.09844071,-0.11724283,-0.07542868,-0.13074432,-0.08057455,0.12671372,51,2.0
-0.08161804,0.16230257,0.08966269,0.19259357,0.97789377,0.040215436,-0.080851585,-0.095893435,-0.068152785,-0.12893736,-0.310228,-0.044274505,-0.07296669,-0.06853855,0.036980834,0.01281411,-0.209028,0.025812944,-0.10848192,-0.045196027,-0.11387923,0.009130766,-0.35770085,-0.2110359,-0.21461123,-0.19377494,-0.06796017,-0.11114022,-0.08961844,-0.19934231,-0.08855902,-0.09945291,51,4.0
-0.07915721,0.15610823,0.08703015,0.1813329,1.0285506,0.066970885,-0.081165895,-0.07640914,-0.086904466,-0.113282666,-0.2555911,-0.02791541,-0.08466402,-0.043517064,0.09551972,0.02263031,-0.20372416,0.051656045,-0.11103454,-0.030430095,-0.060184136,0.0057775564,-0.36416793,-0.23705265,-0.23058304,-0.20692128,-0.07376766,-0.10933839,-0.09345264,-0.16647637,-0.06631488,-0.09147312,51,1.0
-0.15571687,0.063058704,-0.06350462,-0.09808499,0.57161987,-0.035123195,0.08218596,0.19376844,-0.11549673,0.07234247,-0.053504635,0.023138493,0.115160376,-0.06815331,0.1548845,0.072352074,-0.18820274,0.04602826,-0.05464077,-0.038112823,0.13011405,0.12799893,0.06150682,-0.16412687,-0.020417254,-0.17634147,-0.1013961,0.104588136,-0.06646633,-0.19974941,-0.043140493,0.049813826,51,4.0
-0.16951102,0.09781497,0.0663448,0.11929568,0.88032764,0.026111115,0.005057402,-0.07090064,-0.11210089,0.02043122,-0.21472947,-0.08596066,0.12935196,-0.15858993,0.08263996,0.04003238,-0.28859487,0.11495802,-0.097868636,-0.0573427,0.11085112,0.12899697,-0.16754067,-0.22975665,-0.11641442,-0.18715389,-0.0756969,0.028212681,-0.12682685,-0.16289341,-0.08749704,0.02019092,51,3.0
-0.17731632,0.13384342,0.11585137,0.16096936,0.96584386,0.118546784,-0.083650485,-0.010710105,0.04651426,-0.0024594069,-0.4591213,-0.07248049,0.18882565,-0.16973127,-0.11924146,-0.04527439,-0.06583233,0.19046617,-0.04050702,-0.12099369,0.033059187,0.07809489,-0.11758957,-0.239546,0.045514725,-0.060282994,-0.06535779,0.09471606,-0.094780594,-0.22903688,-0.1152191,-0.115383655,51,2.0
0.055507086,0.14965388,0.19758077,0.17837499,0.39429912,0.1561619,-0.08720799,-0.10393035,-0.093691565,-0.12752056,-0.03911698,-0.22937994,0.060395684,-0.092226036,0.022287153,-0.11428608,0.056131504,0.044666436,-0.19813006,-0.044712447,0.055955186,0.013859667,-0.07164099,-0.16343434,-0.080001,0.15698364,-0.07956527,-0.08339551,-0.0632543,-0.10945719,-0.08483368,0.093421295,51,3.0
-0.04034046,0.14500636,0.13760674,0.19096644,0.71524286,0.026156906,-0.08694404,-0.2993426,-0.05508865,-0.2911055,-0.47746062,-0.21512125,0.06461631,-0.15397853,-0.051754825,-0.037954483,-0.00256891,-0.1845203,-0.055589214,-0.18375586,-0.14093176,-0.028240666,-0.22244385,-0.12225048,-0.18236282,-0.16955188,-0.08822438,-0.17809811,-0.10645628,-0.12541461,-0.070931375,-0.060114507,51,3.0
0.058560647,0.14790104,0.19354759,0.17185909,0.39630258,0.15725942,-0.083063796,-0.10602101,-0.10074493,-0.12187378,-0.030112673,-0.22434771,0.05937304,-0.08760728,0.022970717,-0.104684375,0.054040294,0.046163023,-0.20395489,-0.04424629,0.051322185,0.017382247,-0.0674618,-0.16911699,-0.079910815,0.1514897,-0.071107686,-0.07640343,-0.06293264,-0.101921074,-0.087523624,0.086693436,51,3.0
0.043559067,0.14493728,0.20713231,0.18478358,0.39198336,0.16256413,-0.0921688,-0.112603135,-0.09646888,-0.13585629,-0.06302349,-0.24459855,0.064541705,-0.1028727,0.026352394,-0.12528095,0.036473863,0.0381959,-0.19636881,-0.033496752,0.06271219,0.021279955,-0.073275484,-0.15910588,-0.07576354,0.15805233,-0.087041035,-0.08416844,-0.07308225,-0.10476615,-0.09103347,0.105984405,51,3.0
-0.043574892,0.15290324,0.13873142,0.19497027,0.7561087,0.03275812,-0.07449803,-0.24276295,-0.051326323,-0.26703435,-0.45407322,-0.15839785,0.043260224,-0.13386473,-0.04257282,-0.02019907,-0.0344768,-0.1323745,-0.07450107,-0.15230104,-0.15176244,-0.027137011,-0.2652911,-0.15128873,-0.19492847,-0.1921181,-0.086192325,-0.17465189,-0.085865855,-0.1425577,-0.06465195,-0.07890319,51,4.0
0.043519013,0.14794214,0.21755238,0.18590821,0.37581158,0.15114571,-0.08979108,-0.102921836,-0.08204072,-0.13019702,-0.06640489,-0.22624886,0.05912134,-0.10858947,0.013347449,-0.13291246,0.042338714,0.03308448,-0.18919109,-0.025140913,0.065698005,0.01399772,-0.07183889,-0.1358257,-0.07465784,0.16902465,-0.09079723,-0.100277156,-0.06963794,-0.11931409,-0.08280344,0.10838644,51,1.0
0.012682177,0.1388637,0.21787459,0.2253412,0.4496103,0.19414356,-0.11132912,-0.17546225,-0.13105989,-0.22012477,-0.12330067,-0.3521803,0.107991904,-0.118334875,0.059704218,-0.13951361,-0.0035260268,0.06504147,-0.20425725,-0.060248107,0.08390745,0.05855957,-0.08911345,-0.23310766,-0.088529766,0.14248405,-0.10739407,-0.046962354,-0.10666542,-0.06215439,-0.1315891,0.16696486,51,4.0
0.04021045,0.14979495,0.2397543,0.19192556,0.3584203,0.12426598,-0.08342646,-0.09027115,-0.06296887,-0.095873505,-0.063231714,-0.18707314,0.0490842,-0.11668609,-0.025431613,-0.12793529,0.04040724,0.027537651,-0.19981322,-0.0013523474,0.05606272,0.010276888,-0.065420926,-0.10341515,-0.08093296,0.18457237,-0.07361224,-0.124656655,-0.06906049,-0.13861407,-0.08515726,0.106842875,51,2.0
-0.023663703,0.14192659,0.13674478,0.2072655,0.7421414,0.003914874,-0.10433695,-0.19704893,-0.070099294,-0.26145455,-0.3794,-0.1690638,-0.017271478,-0.1636163,-0.022173848,-0.03661369,-0.00031731185,-0.15745404,-0.07742853,-0.14960504,-0.119131714,-0.04694299,-0.23609498,-0.10221076,-0.20277879,-0.19292861,-0.11430754,-0.18563592,-0.09599691,-0.11857128,-0.053279974,-0.010061511,51,3.0
-0.091161616,0.098365985,0.048713326,0.16372642,0.88354564,0.036233705,-0.10608917,0.007899612,-0.033014335,-0.13563067,-0.28995377,-0.053640857,-0.108831674,-0.100225195,-0.037783694,-0.05943028,-0.27785397,-0.016428702,-0.14610904,-0.030688722,-0.13790429,-0.033480015,-0.29861116,-0.15293653,-0.23476267,-0.23930173,-0.10078718,-0.08466373,-0.08410082,-0.16660146,-0.0988981,0.008892033,51,2.0
-0.07281265,0.14957525,0.09104505,0.18911618,0.8479957,0.028942619,-0.090542264,-0.11482295,-0.04673263,-0.18664947,-0.32586017,-0.088480294,-0.056022763,-0.10704322,-0.042799197,-0.018936995,-0.14788117,-0.0519813,-0.10639006,-0.08973238,-0.15426481,-0.020442195,-0.3137912,-0.15855585,-0.21965289,-0.20825414,-0.089589685,-0.15381396,-0.078065224,-0.18387002,-0.06996825,-0.06556375,51,3.0
-0.084260635,0.1350114,0.08395163,0.12988415,0.74736685,-0.007181708,-0.07609706,-0.23295984,-0.049986538,-0.24263322,-0.41538972,-0.175697,0.032743327,-0.123482436,-0.11391644,0.0067878906,-0.0716706,-0.14512771,-0.044346377,-0.16603361,-0.17869899,-0.015602226,-0.23166788,-0.11222874,-0.16093476,-0.16584638,-0.045990814,-0.15336998,-0.10936289,-0.19786334,-0.050082423,-0.15542747,51,4.0
-0.15063247,0.11785482,0.115478456,0.20349674,0.853768,0.058388915,-0.07274772,-0.14452419,-0.05217534,-0.03199784,-0.34117246,-0.07387392,0.14360973,-0.14089526,-0.019560363,0.01702031,-0.17051712,0.19092578,-0.0663441,-0.102868885,0.0053917244,0.103612944,-0.2101152,-0.21397449,-0.03366571,-0.11062371,-0.037439745,0.08697952,-0.12718868,-0.24862608,-0.10908458,-0.11165172,51,1.0
-0.10425179,0.13392799,0.12593459,0.18907735,1.0239565,0.07010777,-0.056066006,-0.09984621,-0.13502459,-0.07773554,-0.24451233,-0.017830078,-0.011065245,-0.066762745,0.14385654,0.060735933,-0.2342387,0.077244334,-0.09552021,-0.07111931,0.0047344677,0.038464807,-0.34675583,-0.20491497,-0.1481993,-0.20200755,-0.020993758,-0.040678896,-0.14548826,-0.19080672,-0.06785133,-0.124376714,51,2.0
-0.105211556,0.13546856,0.08033793,0.17336722,1.0634462,0.08178407,-0.06837346,-0.051509447,-0.106802836,-0.06993747,-0.25039357,-0.033232387,-0.06705162,-0.05267384,0.10382396,0.01558415,-0.2764856,0.055345703,-0.110452935,-0.018209964,-0.033375498,0.024367694,-0.3559192,-0.2241903,-0.22688404,-0.22813633,-0.052718762,-0.075115465,-0.12407166,-0.1637654,-0.08178358,-0.069138914,51,3.0
-0.25151995,-0.0026707854,-0.16463056,-0.21214347,0.39815095,-0.123931274,0.12399079,0.45819506,-0.14695054,0.09712376,-0.03191499,0.11880204,0.242987,0.0012138598,0.17119095,0.08099303,-0.1199434,0.06072,-0.03657378,-0.0027015172,0.06742792,0.12334839,0.16244349,-0.100498796,0.081978954,-0.08062376,-0.08548394,0.19591111,-0.003917314,-0.16323231,-0.16225985,0.086820304,51,1.0
-0.0018311739,0.158625,0.16404724,0.16743803,0.67125446,-0.05545695,-0.10301621,-0.30024478,-0.09386867,-0.2974044,-0.3755412,-0.20361874,-0.015110757,-0.19670446,0.02631731,-0.013590269,0.11801722,-0.19224155,-0.061980367,-0.18565279,-0.030689787,-0.0003661262,-0.14785028,-0.0659122,-0.17886168,-0.113657266,-0.12859571,-0.18990605,-0.14987178,-0.0910983,-0.049244635,0.06386927,51,1.0
0.019917965,0.14590412,0.22921292,0.21489173,0.4085609,0.17047954,-0.10424489,-0.13905895,-0.097882256,-0.18282625,-0.112804204,-0.29593173,0.08337575,-0.12592758,0.03306681,-0.15087795,0.011598023,0.046874765,-0.18640915,-0.0359988,0.082061216,0.03245505,-0.08416761,-0.17439923,-0.080340266,0.16307038,-0.1093497,-0.08281372,-0.09221463,-0.10331266,-0.10181244,0.14868224,51,2.0
0.06585451,0.14554995,0.1897831,0.15959884,0.3815465,0.15109456,-0.07424998,-0.08780102,-0.08797749,-0.09700195,-0.009760402,-0.19089825,0.043098852,-0.0803868,0.017229024,-0.096921965,0.057826232,0.033417836,-0.20180324,-0.040645782,0.046510473,0.008745465,-0.056596175,-0.14260258,-0.07667981,0.15268974,-0.066605866,-0.09218499,-0.051289592,-0.107480966,-0.08101396,0.06427391,51,1.0
-0.13998325,0.10446543,0.111656845,0.21606591,0.87454516,0.09213583,-0.088557005,-0.12107397,-0.0033855871,-0.048294626,-0.39790776,-0.061330833,0.15990493,-0.12924287,-0.0603633,-0.010075563,-0.09814473,0.2063241,-0.039828885,-0.11541593,0.007995408,0.062134016,-0.15423831,-0.23959786,0.025331736,-0.07571613,-0.052859116,0.13063775,-0.092564315,-0.2682416,-0.12576269,-0.13343896,51,2.0
-0.16796766,0.11555698,0.11491172,0.15354441,0.944885,0.056201015,-0.037379738,-0.11033336,-0.10773671,-0.018967059,-0.2362314,-0.06939804,0.102740735,-0.14098413,0.0545541,0.028113129,-0.26928848,0.14389387,-0.11261988,-0.07209229,0.055668183,0.120796144,-0.23235059,-0.20295402,-0.12815642,-0.17768237,-0.04970816,0.015043952,-0.15275878,-0.1783822,-0.08358945,-0.03089089,51,3.0
-0.18641682,0.12948146,0.11011869,0.1479121,0.92627263,0.08313005,-0.07061972,-0.03021717,0.02180453,0.0070912167,-0.4039567,-0.08225972,0.19536152,-0.18155645,-0.11106847,-0.04776548,-0.09630412,0.2027049,-0.05394394,-0.096694544,0.041989498,0.11859203,-0.12276914,-0.24010575,0.020261124,-0.05738436,-0.08545442,0.089267,-0.10421752,-0.21321648,-0.116234556,-0.08793646,51,1.0
-0.076408505,0.14758572,0.08603408,0.16951343,0.8114983,0.017204825,-0.081667535,-0.14391178,-0.048398934,-0.20653366,-0.33986875,-0.11454606,-0.035064965,-0.11616026,-0.056896575,-0.016335001,-0.12281737,-0.081303485,-0.08147808,-0.11475709,-0.16409552,-0.014392291,-0.293758,-0.14152783,-0.19773847,-0.20278239,-0.08140892,-0.16208169,-0.09011155,-0.1956014,-0.06414798,-0.07989621,51,1.0
-0.21353,0.074985385,-0.00035276078,-0.006349683,0.59418076,-0.050585207,0.0589756,0.056500826,-0.061415147,0.012125403,-0.16655362,-0.078397624,0.16819663,-0.13648179,0.095115215,0.020390788,-0.16304356,0.10634456,-0.03554959,-0.015428135,0.12022727,0.15129021,-0.031681217,-0.21069004,-0.0027366988,-0.10507734,-0.13652053,0.100170925,-0.082773134,-0.15275794,-0.096924245,0.0014937185,51,4.0
0.058687977,0.14375414,0.20576227,0.16143812,0.35423097,0.13433982,-0.071311116,-0.070114665,-0.06668696,-0.073251866,-0.016660344,-0.16113189,0.030854626,-0.08778614,-0.0048910044,-0.10322365,0.05222864,0.016150821,-0.20222828,-0.018823061,0.046147555,0.005926115,-0.04812721,-0.10214278,-0.07336533,0.1649347,-0.06493837,-0.12034316,-0.048767045,-0.121530704,-0.08212279,0.06051943,51,1.0
-0.013667531,0.12208845,0.13563584,0.21060893,0.73861146,-0.010391312,-0.1218537,-0.14225826,-0.057452075,-0.25313705,-0.35997787,-0.15561092,-0.043393195,-0.16418283,-0.020087251,-0.052581474,-0.025125112,-0.13960621,-0.098685086,-0.1343484,-0.11893092,-0.06840115,-0.2456556,-0.095611155,-0.21132326,-0.21309379,-0.1253213,-0.16647118,-0.08747312,-0.11572272,-0.05923917,0.019314762,51,2.0
-0.0982115,0.13779879,0.05060491,0.16504596,0.90347606,0.03682589,-0.11333544,-0.042085133,-0.044657443,-0.15375197,-0.28108805,-0.08033499,-0.10405685,-0.08840488,-0.029664105,-0.040790908,-0.22992118,-0.015539452,-0.13136823,-0.040849034,-0.14958818,-0.010666921,-0.31469497,-0.17354426,-0.22248605,-0.21477567,-0.10898472,-0.12385127,-0.074938536,-0.17771712,-0.0777376,-0.025814705,51,3.0
-0.12726584,0.115921706,0.10236226,0.16702768,1.0523131,0.09406771,-0.049847186,-0.054822393,-0.1214299,-0.047223616,-0.24683909,-0.04080613,-0.008142706,-0.08180514,0.104846165,0.024351975,-0.30572614,0.06486559,-0.1185526,-0.047744248,-0.00144751,0.05098122,-0.3243464,-0.21137586,-0.18869969,-0.2412599,-0.029998045,-0.04126501,-0.14185335,-0.15836231,-0.07935382,-0.043007888,51,2.0
-0.04263203,0.14029641,0.120997414,0.20077318,0.7604774,0.011629108,-0.09532132,-0.18020946,-0.064132206,-0.24530052,-0.36218536,-0.15336946,-0.015772168,-0.15323348,-0.043465227,-0.03617631,-0.03548705,-0.13979244,-0.07815262,-0.14366956,-0.1420768,-0.04357485,-0.25654465,-0.1084694,-0.19495538,-0.19723494,-0.09517433,-0.18341514,-0.09123722,-0.14648701,-0.049177133,-0.03654589,51,3.0
-0.13634066,0.10114645,0.10121329,0.22169001,0.82722247,0.06505093,-0.07918583,-0.14565712,-0.03143365,-0.039184414,-0.37314913,-0.07977507,0.14918333,-0.12157437,-0.019519053,0.018268654,-0.14090997,0.19537896,-0.043851554,-0.10503638,-0.002869118,0.07441218,-0.19729546,-0.23008272,-0.006001305,-0.10421975,-0.031213518,0.11631259,-0.108855,-0.26103008,-0.12522066,-0.14205526,51,1.0
0.043619663,0.14748698,0.20844711,0.19450307,0.41263863,0.16747332,-0.097919144,-0.12929189,-0.10959917,-0.15070163,-0.06517988,-0.26777914,0.075249955,-0.10151124,0.032164585,-0.120633714,0.038383145,0.05280263,-0.205193,-0.04129654,0.059025913,0.029394023,-0.08089193,-0.18716215,-0.08258908,0.1580863,-0.084717005,-0.06948052,-0.07985829,-0.09832945,-0.10008459,0.11471827,51,1.0
-0.052207533,0.13782994,0.10813691,0.19835113,0.7829011,0.009625174,-0.1053864,-0.11903391,-0.06231691,-0.2248479,-0.32870644,-0.11339298,-0.056970395,-0.13926026,-0.04691854,-0.037278034,-0.07908154,-0.106687136,-0.09732269,-0.11451247,-0.1397881,-0.049264673,-0.27114314,-0.116291314,-0.21555048,-0.20930998,-0.104867905,-0.17302936,-0.07810416,-0.15251896,-0.05267307,-0.02488695,51,2.0
-0.0075240806,0.15116881,0.14256778,0.18899459,0.66107404,0.027940359,-0.12839934,-0.38123056,-0.05253539,-0.3307545,-0.50284696,-0.30323476,0.08495202,-0.1809484,-0.012718146,-0.06254378,0.08163467,-0.23299992,-0.055740424,-0.20629646,-0.0911964,-0.009381517,-0.16563109,-0.11895709,-0.16016518,-0.13919775,-0.1365284,-0.1899638,-0.14616714,-0.07174326,-0.08638905,0.020384308,51,2.0
-0.03522481,0.16823335,0.11208817,0.12387396,0.51450473,0.054063212,-0.14666283,-0.52733517,-0.0063551245,-0.39924255,-0.5401223,-0.39013326,0.15117645,-0.16027181,-0.056273047,-0.06687621,0.14513947,-0.26359564,-0.03104863,-0.24335293,-0.031345155,0.0702663,-0.09423115,-0.13085416,-0.1451936,-0.038047586,-0.17338054,-0.18871674,-0.21721074,-0.0542301,-0.1330719,0.07130584,51,4.0
-0.08521213,0.15816437,0.09129561,0.17490588,1.0556575,0.075551674,-0.081050046,-0.06743434,-0.09955838,-0.10554682,-0.24812984,-0.024237186,-0.08575046,-0.036446318,0.122597545,0.029245349,-0.21242005,0.061127394,-0.111077115,-0.022439182,-0.04213721,0.014540646,-0.36229467,-0.23912543,-0.22639239,-0.19926196,-0.064080745,-0.10286619,-0.1024848,-0.15944493,-0.06328142,-0.09345907,51,1.0
-0.14084212,0.08224299,0.015881112,0.048898198,0.81496406,0.034724806,0.027156599,0.018889833,-0.121333405,0.04768417,-0.15673971,-0.03276001,0.081017956,-0.122165665,0.11707646,0.058638006,-0.28214657,0.06476377,-0.089610144,-0.052693516,0.11546359,0.10539855,-0.100318454,-0.20009433,-0.1178036,-0.22117776,-0.080716625,0.0331747,-0.10577762,-0.1745229,-0.05524931,0.041787673,51,2.0
-0.13480532,0.13011457,0.14398831,0.18638675,0.9685792,0.06900112,-0.050053142,-0.10558655,-0.12072142,-0.057935998,-0.240801,-0.025520336,0.039254807,-0.09261365,0.105877236,0.04749398,-0.22686225,0.11633006,-0.08914908,-0.08464655,0.018395547,0.0837367,-0.29036444,-0.18551084,-0.10201426,-0.16894846,-0.032981846,-0.010190882,-0.1520147,-0.20888159,-0.071271025,-0.11391418,51,4.0
-0.18706878,0.1283911,0.14064272,0.1627129,1.1539862,0.2006408,-0.11861332,0.15029052,0.07762255,-0.025397975,-0.5666958,-0.060303874,0.176035,-0.17296016,-0.10991323,-0.0888309,-0.004699305,0.16785616,0.0037390366,-0.16485883,0.018355034,-0.00084909704,-0.094374515,-0.26207963,0.16347933,-0.056229748,-0.060700756,0.07693811,-0.064776845,-0.23983145,-0.14389136,-0.123334765,51,4.0
0.05235634,0.14547071,0.19317026,0.17521788,0.39938977,0.16719635,-0.08815712,-0.114241116,-0.10644703,-0.1310439,-0.04378062,-0.24455124,0.06398766,-0.09071392,0.034652334,-0.1093235,0.04253096,0.043154426,-0.20190886,-0.045675527,0.05709424,0.022217017,-0.07054002,-0.17499296,-0.07562799,0.14669982,-0.07586129,-0.07154304,-0.06919085,-0.093452804,-0.09384267,0.09349224,51,4.0
-0.1867191,0.12016927,0.096095644,0.15066954,0.87065154,0.036054593,-0.044164903,-0.10113897,-0.058218367,0.0035103038,-0.29334474,-0.098636374,0.17070249,-0.17704031,-0.03287421,0.010200782,-0.22061333,0.18758401,-0.09650242,-0.08442956,0.04161337,0.14974332,-0.1855739,-0.21673961,-0.07216018,-0.13465668,-0.059765246,0.058171824,-0.13367267,-0.19554555,-0.101198986,-0.032257974,51,2.0
-0.12735568,0.088338226,0.077985816,0.15075277,1.0441377,0.10018957,-0.04151938,-0.03822709,-0.12118082,-0.016694922,-0.22848669,-0.040277466,-0.0023757871,-0.09830268,0.09422259,-0.0048077162,-0.34330228,0.060891002,-0.13529822,-0.025731808,0.036150083,0.057372745,-0.2750719,-0.21868216,-0.20590386,-0.256626,-0.057609152,-0.022415664,-0.13352966,-0.1491333,-0.089353845,0.0069242716,51,2.0
0.0032396764,0.15045762,0.23317133,0.20861287,0.3870845,0.1626782,-0.097257055,-0.12983793,-0.073034585,-0.2162191,-0.15037896,-0.30141795,0.07982568,-0.14650324,0.030431129,-0.18315302,-0.010330122,0.025586039,-0.14577375,-0.051424675,0.12316897,0.028604053,-0.0738649,-0.15722696,-0.06565042,0.14641082,-0.12701154,-0.09818595,-0.09712522,-0.097883455,-0.09250015,0.16979076,51,1.0
-0.14111336,0.09145385,0.10724521,0.21979842,0.87119,0.09523922,-0.087149575,-0.10696188,0.0003083255,-0.056118295,-0.39962307,-0.06192016,0.16055243,-0.12381379,-0.052756622,-0.009789565,-0.08418677,0.20134926,-0.0329796,-0.11491805,0.012634866,0.047677856,-0.14214844,-0.2455557,0.03805968,-0.07707919,-0.054443832,0.13417548,-0.08269103,-0.26268476,-0.13471717,-0.13921776,51,1.0
-0.005104646,0.14984168,0.15313217,0.1946123,0.71173334,-0.016488835,-0.112319276,-0.2875964,-0.088480584,-0.29338473,-0.4061282,-0.22118205,0.0022534672,-0.19757207,0.009769723,-0.0363491,0.082593,-0.20236567,-0.059888013,-0.18900421,-0.07450992,-0.01900816,-0.17655358,-0.080783784,-0.17828135,-0.14832807,-0.12378006,-0.1925247,-0.13095805,-0.09511628,-0.05433988,0.030775737,51,3.0
-0.13030365,0.12852246,0.09399029,0.17892328,0.9978772,0.079019144,-0.055425163,-0.075570874,-0.11140771,-0.04262983,-0.26042825,-0.057952195,0.003670061,-0.078802094,0.09410502,0.031192197,-0.2965,0.08205031,-0.10507976,-0.057554506,-0.021036163,0.059138622,-0.32964122,-0.20250516,-0.18115842,-0.21882384,-0.024121206,-0.028526906,-0.14189646,-0.17510977,-0.07777213,-0.06824628,51,3.0
-0.12448667,0.13247716,0.1618593,0.19430155,0.93428904,0.05793565,-0.068662256,-0.16238248,-0.12451707,-0.079370104,-0.24330643,-0.0026054457,0.052227378,-0.09833734,0.10055055,0.06012231,-0.1537756,0.15075183,-0.07688465,-0.09952983,0.023220751,0.07991977,-0.26905373,-0.16997296,-0.06005147,-0.12990999,-0.03141715,0.0293625,-0.14681146,-0.2374116,-0.073162474,-0.14870954,51,2.0
-0.17994279,0.13790274,0.112239555,0.15880403,0.892647,0.07430172,-0.06952063,-0.07506893,0.0056182332,0.0031931251,-0.37233588,-0.07039541,0.18492335,-0.17091806,-0.10954785,-0.03301427,-0.12685835,0.20812285,-0.072278544,-0.10177316,0.032784127,0.124770574,-0.14164817,-0.22468603,-0.008648228,-0.07120545,-0.07424824,0.09321953,-0.11037123,-0.22750711,-0.10062565,-0.08085549,51,1.0
-0.054080896,0.14247468,0.1063132,0.18102847,0.7590446,-0.0067833066,-0.096684165,-0.14583716,-0.08367455,-0.24069238,-0.33330077,-0.12786008,-0.046177052,-0.14696923,-0.03667061,-0.038527973,-0.036862046,-0.14201206,-0.07076576,-0.13733919,-0.12806931,-0.045813117,-0.24523202,-0.096128926,-0.1895777,-0.1927828,-0.09523147,-0.18048601,-0.093707494,-0.15790628,-0.04477015,-0.031588435,51,4.0
-0.08178169,0.16214533,0.08771505,0.17299117,0.8757796,0.027009685,-0.07539012,-0.1441705,-0.04939726,-0.18392721,-0.34871763,-0.08399861,-0.04093583,-0.09831503,-0.024979841,0.003105361,-0.15679267,-0.030748114,-0.093536004,-0.0918414,-0.15619335,0.0027513942,-0.32759404,-0.18340601,-0.2118488,-0.20052128,-0.0722322,-0.1443418,-0.08933648,-0.2096603,-0.08255221,-0.09900236,51,3.0
-0.07797221,0.1658812,0.10140596,0.18065879,0.8665839,0.01571567,-0.06416827,-0.17952526,-0.054848492,-0.200286,-0.40095368,-0.08198211,-0.013165925,-0.10039607,-0.028597575,0.013500879,-0.13812265,-0.048584327,-0.07008775,-0.108743355,-0.155992,-0.011465392,-0.32883236,-0.18593806,-0.19612718,-0.18988681,-0.052823987,-0.13458447,-0.09952389,-0.22643994,-0.08695759,-0.1356456,51,2.0
-0.051941693,0.15013103,0.116103545,0.19959567,0.8054305,0.0195513,-0.08550024,-0.16121447,-0.04390041,-0.21697734,-0.37609044,-0.11011532,-0.01989831,-0.1195001,-0.051509243,-0.018189196,-0.102017395,-0.089574076,-0.096169256,-0.11328551,-0.15791523,-0.029782116,-0.2962471,-0.14445813,-0.20916972,-0.19686595,-0.08135435,-0.16138652,-0.08173204,-0.1736721,-0.067354135,-0.07345736,51,2.0
-0.14912298,0.115182556,0.13197036,0.18854968,0.88240963,0.05476268,-0.059620705,-0.1381881,-0.09590917,-0.03661118,-0.27217472,-0.054938518,0.11329022,-0.12946294,0.034253933,0.032853454,-0.19304958,0.15840526,-0.089927174,-0.09850864,0.02254476,0.11006272,-0.2381239,-0.18135786,-0.061503056,-0.13284647,-0.039235484,0.053464547,-0.13885634,-0.21937299,-0.087699205,-0.09963404,51,3.0
-0.08404877,0.15417801,0.09087509,0.17589733,1.0559736,0.07712948,-0.07949336,-0.06502066,-0.100439034,-0.103333406,-0.24465595,-0.023217563,-0.0843771,-0.03603292,0.12124689,0.028169924,-0.21521135,0.058304563,-0.11187333,-0.023501847,-0.03983871,0.01272237,-0.36184305,-0.23772886,-0.22584,-0.20484072,-0.06471664,-0.101449594,-0.102960214,-0.15704083,-0.061698213,-0.09086457,51,1.0
-0.1090502,0.10399825,0.03528607,0.15265048,0.9715061,0.07096407,-0.08915903,0.0025386065,-0.054646954,-0.08904564,-0.2736791,-0.051678706,-0.10324855,-0.08242971,0.003097238,-0.046140496,-0.32015747,0.019277848,-0.14217348,-0.002727747,-0.10714592,0.0017772559,-0.3073922,-0.18433365,-0.24317762,-0.24486317,-0.08959977,-0.061464593,-0.09999361,-0.16304873,-0.10233241,0.007529268,51,2.0
-0.1461953,0.1239708,0.10833287,0.19712342,0.8804755,0.056034822,-0.059482586,-0.12818345,-0.092873104,-0.029972758,-0.2922957,-0.07821874,0.08586313,-0.111272484,0.05237646,0.03657598,-0.24924026,0.14175409,-0.08876402,-0.08802804,-0.008315068,0.0996074,-0.27470082,-0.19093372,-0.106210776,-0.16300923,-0.0200717,0.0322349,-0.14644031,-0.21387284,-0.08846934,-0.099965826,51,1.0
-0.14818347,0.11556515,0.12354241,0.19758736,0.8628372,0.053655285,-0.06567621,-0.14712825,-0.08063992,-0.036253326,-0.29851025,-0.06426231,0.11777899,-0.13058707,0.017501164,0.026459755,-0.18998635,0.16990033,-0.08130908,-0.0971926,0.010407079,0.1066564,-0.23221663,-0.19201495,-0.05768255,-0.12328017,-0.03753217,0.06549613,-0.13614674,-0.23076507,-0.09635417,-0.10879099,51,3.0
0.051794216,0.15551388,0.23402147,0.16562615,0.30736515,0.11276257,-0.07046042,-0.058908544,-0.035811886,-0.07019139,-0.041943587,-0.14457962,0.02294163,-0.102813944,-0.030304035,-0.11254688,0.05447737,0.0041243173,-0.18752556,-0.0062535964,0.05374506,-0.0016242294,-0.044758134,-0.049088787,-0.0615552,0.18121752,-0.06932795,-0.14730176,-0.056112967,-0.14117742,-0.080423,0.07470024,51,2.0
-0.059813116,0.14392151,0.11176771,0.1828377,0.7592121,0.009615988,-0.08555247,-0.17912892,-0.073017955,-0.23892282,-0.37511384,-0.1408898,-0.014718875,-0.14154638,-0.051190007,-0.032488383,-0.052768584,-0.144562,-0.064591095,-0.14806348,-0.14247629,-0.036708444,-0.25618243,-0.108067974,-0.19031316,-0.19243748,-0.08491519,-0.17698772,-0.09602428,-0.1602155,-0.054300837,-0.062817164,51,4.0
-0.103435695,0.17555404,0.09698755,0.20126538,1.0117103,0.028776933,-0.065403774,-0.11514299,-0.09417366,-0.10909881,-0.34177762,-0.030494899,-0.052818142,-0.07375048,0.104836196,0.04323239,-0.23466638,0.07656652,-0.07269501,-0.04872994,-0.07852635,0.033776287,-0.3830778,-0.23355243,-0.18233663,-0.17509633,-0.029751312,-0.054559354,-0.117162526,-0.25143215,-0.121820554,-0.16288623,51,1.0
-0.040167317,0.1297309,0.13073783,0.1837782,0.72274184,-0.03499736,-0.11605363,-0.17182365,-0.08240088,-0.26441532,-0.3173136,-0.15967815,-0.03820025,-0.1685329,-0.006664684,-0.04647488,0.036917165,-0.16124305,-0.055202395,-0.15871379,-0.10439961,-0.055173114,-0.21321389,-0.07399826,-0.18440267,-0.16294333,-0.10396154,-0.18256775,-0.10430761,-0.13497171,-0.027244605,0.0067096,51,1.0
0.05744932,0.14526688,0.21126774,0.17440693,0.38005668,0.14290729,-0.081641175,-0.09103126,-0.08186395,-0.09490512,-0.032387033,-0.19168884,0.045491748,-0.09533854,0.0031641815,-0.1110674,0.049252465,0.03025885,-0.2048052,-0.023076158,0.04922945,0.011384772,-0.06274091,-0.12980324,-0.0803277,0.16841125,-0.069702104,-0.10426356,-0.059903592,-0.11925442,-0.082767546,0.08065152,51,3.0
-0.034769084,0.15911616,0.13548355,0.18374439,0.6427137,0.0320598,-0.12073488,-0.4406703,-0.055655815,-0.34565884,-0.51703835,-0.31186587,0.11018881,-0.17547858,-0.052494507,-0.054017417,0.088195086,-0.24753827,-0.024847355,-0.2259637,-0.08248903,0.013282625,-0.13457155,-0.11014435,-0.17156583,-0.10294477,-0.12089345,-0.1912975,-0.15608138,-0.08627548,-0.083942205,-0.019000337,51,2.0
-0.087991685,0.14092809,0.09978272,0.1713951,1.0667084,0.084891275,-0.07446804,-0.04917568,-0.11366886,-0.09142262,-0.22757633,-0.014238641,-0.07774339,-0.031993683,0.13289258,0.030251505,-0.23093459,0.051291518,-0.11363876,-0.02590284,-0.021686219,0.016611747,-0.34869543,-0.22642198,-0.21230152,-0.21690765,-0.056541715,-0.09455027,-0.11429597,-0.1479181,-0.049604513,-0.08716537,51,3.0
-0.070141494,0.16692723,0.1161651,0.19410565,0.8723729,0.034986276,-0.08041879,-0.15762529,-0.052792992,-0.19683073,-0.36705092,-0.06623264,-0.029278718,-0.093672946,-0.012331414,0.006628873,-0.12680887,-0.030366525,-0.105435826,-0.08868392,-0.15218782,-0.007150828,-0.32859978,-0.19618574,-0.21976012,-0.19080289,-0.07141104,-0.15009767,-0.07883223,-0.1904094,-0.06830906,-0.10513659,51,1.0
0.04501921,0.14973128,0.22646497,0.17903352,0.3402346,0.12612638,-0.07829861,-0.07760275,-0.05780871,-0.094253965,-0.051349856,-0.17865485,0.043067634,-0.10802361,-0.018037146,-0.12440476,0.048898518,0.021345168,-0.19248955,-0.008669164,0.056686223,0.0059164157,-0.05850759,-0.095122084,-0.073362485,0.17672296,-0.07601218,-0.12497223,-0.06125551,-0.13357128,-0.082370475,0.09355289,51,2.0
-0.090456106,0.14452584,0.0574624,0.15528566,0.84927434,0.017379053,-0.08584471,-0.09787444,-0.043243892,-0.18256256,-0.3145062,-0.106918395,-0.06274982,-0.10269952,-0.050767478,-0.017896257,-0.1762643,-0.04618156,-0.096119806,-0.08646574,-0.16903943,0.003649491,-0.30299652,-0.15352514,-0.19500297,-0.2097276,-0.09086543,-0.14250064,-0.08646839,-0.20742562,-0.079600945,-0.06716731,51,1.0
-0.09616186,0.12249796,0.04961046,0.16631022,0.95031387,0.06061494,-0.10200441,-0.01889319,-0.049039602,-0.12220673,-0.27435488,-0.05947082,-0.105435684,-0.07785244,-0.0042744437,-0.04528818,-0.27036482,0.006376274,-0.1379151,-0.021670517,-0.12196959,-0.009203854,-0.3226572,-0.18732224,-0.23505464,-0.23189107,-0.10291624,-0.09620569,-0.08504481,-0.1631768,-0.08551028,-0.015042346,51,1.0
-0.072189845,0.1620466,0.1184226,0.19542354,1.0581968,0.051800046,-0.069438174,-0.100105606,-0.11436025,-0.118860796,-0.26994658,0.007213816,-0.071411714,-0.034203265,0.14567198,0.06504647,-0.17574455,0.06412761,-0.09437283,-0.040073574,-0.035748303,0.00486609,-0.38043296,-0.24234986,-0.19428617,-0.1851248,-0.041915443,-0.10271447,-0.112497374,-0.19252244,-0.05946804,-0.14716798,51,2.0
-0.077302635,0.1489596,0.08205301,0.19045842,0.8940335,0.03155643,-0.0968936,-0.09179286,-0.047124196,-0.15791121,-0.31036896,-0.074926235,-0.07257279,-0.09110808,-0.02948425,-0.017308008,-0.18951643,-0.02073665,-0.12035437,-0.06275738,-0.14725077,-0.011230693,-0.32590085,-0.17136718,-0.22367802,-0.20491877,-0.08972333,-0.13439704,-0.07444912,-0.18628328,-0.07769025,-0.060493078,51,2.0
-0.09080473,0.15080759,0.1594911,0.21483773,1.0287647,0.044464905,-0.06256516,-0.14769843,-0.14461586,-0.12484322,-0.2833882,0.029657654,-0.017904907,-0.06029228,0.17829901,0.0883433,-0.15468721,0.11140546,-0.06908274,-0.072300814,-0.0076472852,0.02933899,-0.35422018,-0.21730876,-0.10031151,-0.14467597,-0.013463963,-0.023264188,-0.14470753,-0.2496322,-0.06801718,-0.19601616,51,3.0
-0.1489886,0.12272063,0.12730505,0.17698976,0.91430825,0.05925626,-0.053671554,-0.116790555,-0.10805795,-0.0401617,-0.25037187,-0.053841114,0.079871766,-0.1107039,0.069826916,0.043316133,-0.23043019,0.13312435,-0.09805982,-0.09338251,0.017530948,0.09956581,-0.26773664,-0.17773604,-0.10396607,-0.17004022,-0.02540867,0.016871497,-0.15106009,-0.19873226,-0.07124338,-0.087770134,51,1.0
-0.03148254,0.1368293,0.12540229,0.20564362,0.7609022,0.0033183694,-0.10443476,-0.1576815,-0.071555026,-0.24705362,-0.35292065,-0.1447194,-0.037661314,-0.16123295,-0.032033283,-0.03870498,-0.02839605,-0.13821319,-0.08775309,-0.13718283,-0.12759668,-0.053169005,-0.24989492,-0.10212639,-0.20402542,-0.20518361,-0.108404145,-0.18207303,-0.08730309,-0.13361059,-0.049540743,-0.010722107,51,1.0
0.044914097,0.14440458,0.21540608,0.19302312,0.40494546,0.15804076,-0.09412599,-0.12018629,-0.10286104,-0.12868853,-0.05758352,-0.2430242,0.06767072,-0.1038485,0.016584475,-0.118374795,0.036001228,0.046819493,-0.21031442,-0.026694205,0.05230231,0.02711837,-0.07701882,-0.16961788,-0.08547251,0.165762,-0.07662627,-0.08217635,-0.07712529,-0.107021675,-0.097671166,0.106814355,51,4.0
-0.0353328,0.03903029,0.10828249,0.107489176,0.65050864,-0.10448995,-0.13213617,-0.024533167,-0.03547307,-0.22075877,-0.2732404,-0.13691588,-0.07372282,-0.18017969,0.005830165,-0.054809734,-0.06007377,-0.10095493,-0.12391454,-0.119084835,-0.11129687,-0.07681705,-0.17480102,-0.049767252,-0.15432143,-0.19181068,-0.115617305,-0.117138535,-0.07728879,-0.10469487,-0.05365324,0.09970148,51,2.0
0.043856114,0.14780296,0.21436228,0.18791567,0.38580158,0.15379025,-0.09082682,-0.10896232,-0.08940786,-0.1351643,-0.06276191,-0.23410338,0.063908696,-0.10640156,0.015140168,-0.12845406,0.04335004,0.04061971,-0.19466797,-0.028730426,0.06217467,0.018396175,-0.073661365,-0.15125093,-0.07847084,0.16626872,-0.08722867,-0.09092708,-0.071615905,-0.11526026,-0.08697158,0.109375805,51,2.0
-0.059243668,0.14272876,0.100862846,0.18452896,0.7721929,0.0008524507,-0.095817365,-0.13597319,-0.07174607,-0.22801049,-0.33325377,-0.11961153,-0.0468138,-0.1361756,-0.04781961,-0.035608012,-0.06687476,-0.124562316,-0.07718802,-0.12615186,-0.13874677,-0.04421776,-0.2631834,-0.1074556,-0.19712484,-0.19806486,-0.09380399,-0.17586324,-0.089974344,-0.16661124,-0.050589487,-0.04370039,51,2.0
-0.124531955,0.12016269,0.098278195,0.16666806,1.0477245,0.08583251,-0.055804536,-0.053329855,-0.11845628,-0.048020102,-0.23702812,-0.037180617,-0.020115126,-0.07024212,0.10918814,0.023520155,-0.296238,0.06801287,-0.111691624,-0.039643954,-0.0034273341,0.047155347,-0.32674074,-0.21050563,-0.19875595,-0.2354922,-0.034430746,-0.049646508,-0.14290397,-0.16038051,-0.07026926,-0.05698921,51,3.0
-0.17079055,0.124127515,0.09474621,0.17029493,0.89164436,0.061143313,-0.049547456,-0.096969225,-0.07900433,-0.009225607,-0.2868052,-0.09267619,0.10604393,-0.13027278,0.02338573,0.022322422,-0.28746384,0.15274835,-0.104604326,-0.07727638,0.0039734915,0.12579565,-0.24551302,-0.20063746,-0.1353308,-0.18067034,-0.030194465,0.025203444,-0.14530449,-0.18654236,-0.08726174,-0.037115075,51,1.0
0.021126665,0.14329347,0.20733872,0.19772668,0.40732697,0.18072277,-0.10010817,-0.13389912,-0.10337298,-0.19653802,-0.115122765,-0.304712,0.083269686,-0.11758903,0.050663013,-0.15417363,0.009957222,0.038033858,-0.17390367,-0.055829585,0.09994575,0.031648733,-0.07780091,-0.18033722,-0.07267182,0.13882668,-0.11068253,-0.072120324,-0.089396104,-0.08426957,-0.0960252,0.14668632,51,1.0
0.047733948,0.14648974,0.22153768,0.18232575,0.36329508,0.13425682,-0.08357569,-0.08637934,-0.06966534,-0.09268472,-0.045356248,-0.18920141,0.046088368,-0.10430914,-0.010559,-0.12066201,0.04557892,0.026160892,-0.2031017,-0.010803761,0.05038525,0.010631977,-0.062968396,-0.11519031,-0.07927774,0.17571591,-0.073967576,-0.116089515,-0.06258181,-0.12738511,-0.08679071,0.0896036,51,2.0
0.047779292,0.14654987,0.21547373,0.19088165,0.3932951,0.15141463,-0.093709074,-0.10760481,-0.08907977,-0.11829705,-0.05205044,-0.22763933,0.05950168,-0.102931455,0.010935385,-0.12238902,0.04290756,0.040423445,-0.20649512,-0.023620745,0.050556876,0.018158857,-0.07448784,-0.15124439,-0.08349143,0.17154056,-0.08186586,-0.09377004,-0.06973149,-0.11680299,-0.09111214,0.09932394,51,3.0
-0.16809948,0.1229438,0.120253146,0.1774036,0.8696824,0.07436475,-0.07095298,-0.10045684,-0.018473718,-0.011943653,-0.3487267,-0.059481937,0.17194204,-0.15623821,-0.08128218,-0.018268706,-0.12769303,0.19773898,-0.07418141,-0.10490793,0.027991444,0.11700958,-0.16003862,-0.20950346,-0.01030349,-0.07841546,-0.067053154,0.09650047,-0.10633166,-0.23274077,-0.098066255,-0.09047058,51,1.0
-0.1036139,0.14789097,0.056071736,0.16023798,0.9723919,0.06510866,-0.107498564,-0.044952445,-0.054394685,-0.12537707,-0.2707435,-0.06625635,-0.103593975,-0.06976955,0.018458761,-0.025852036,-0.24789359,0.024955511,-0.13962904,-0.017326312,-0.12507735,0.016347053,-0.32805657,-0.21001942,-0.23946571,-0.20730384,-0.098764986,-0.10847019,-0.08009937,-0.15961269,-0.08089825,-0.032267746,51,1.0
-0.13337417,0.106030606,0.13507515,0.2182663,0.8792165,0.09243928,-0.087531075,-0.1414105,-0.030883836,-0.05864303,-0.35160184,-0.030948695,0.13258302,-0.11502339,-0.038511932,-0.019994102,-0.102167584,0.21011758,-0.04849826,-0.10172014,0.010463309,0.08352656,-0.16430151,-0.21021445,0.015473992,-0.048697233,-0.07593764,0.1294294,-0.09265752,-0.27207464,-0.10936019,-0.1356527,51,3.0
-0.17723686,0.12832217,0.11463514,0.16045125,0.88844484,0.05276067,-0.049619064,-0.10397539,-0.07521862,-0.017399486,-0.2672369,-0.07204284,0.12101933,-0.14156601,0.010527007,0.017860865,-0.23706663,0.1704723,-0.10087385,-0.08525266,0.025160924,0.1336931,-0.22104767,-0.1919053,-0.10110669,-0.15251954,-0.04502735,0.034395926,-0.14438106,-0.19649678,-0.082090765,-0.04908073,51,2.0
-0.17203116,0.12943552,0.12598576,0.16953067,0.8688876,0.06951599,-0.06589706,-0.106115855,-0.027703797,-0.010537501,-0.32510948,-0.054439887,0.1651347,-0.15239452,-0.07021873,-0.017583642,-0.13634717,0.20386153,-0.07920275,-0.09599942,0.031040221,0.1311196,-0.1670902,-0.1995318,-0.023228858,-0.07394033,-0.072558254,0.09036741,-0.113388866,-0.23023917,-0.09298886,-0.085353345,51,2.0
-0.012656167,0.15238138,0.15206264,0.19198447,0.7035474,-0.014713343,-0.115412645,-0.3098576,-0.08797085,-0.2980106,-0.4108536,-0.2286806,0.015206052,-0.19509166,0.003534587,-0.03809098,0.09535981,-0.21240738,-0.04768221,-0.19765587,-0.07393041,-0.01027052,-0.16776446,-0.0781824,-0.17204514,-0.12924036,-0.11456466,-0.19493797,-0.13587913,-0.09757705,-0.049762078,0.017379612,51,2.0
-0.02033303,0.13556999,0.13529183,0.21400875,0.75322753,0.0051823407,-0.11200422,-0.1648472,-0.057689104,-0.25262076,-0.37228948,-0.15465286,-0.030840378,-0.15916887,-0.036210954,-0.04119909,-0.036055233,-0.13526168,-0.09966882,-0.13105924,-0.12632948,-0.05785624,-0.25191075,-0.10933733,-0.21896714,-0.21365185,-0.12158351,-0.1759629,-0.087269515,-0.12508029,-0.058455914,-0.0039741714,51,3.0
-0.069179855,0.15828958,0.10588558,0.19384246,0.91763705,0.04603709,-0.08773224,-0.11030797,-0.060066152,-0.157803,-0.303205,-0.04293747,-0.06409902,-0.0709258,0.016312316,0.01129988,-0.15420821,0.004779272,-0.1153968,-0.06152953,-0.12082219,-0.010288515,-0.33940324,-0.20473896,-0.23132333,-0.200494,-0.08366579,-0.14165644,-0.07162401,-0.17677623,-0.056073494,-0.093670115,51,2.0
-0.033485014,0.14180076,0.133459,0.19918618,0.7186981,0.008053549,-0.104707114,-0.27485296,-0.06375681,-0.28369027,-0.41765976,-0.21940649,0.036428776,-0.16648915,-0.04342203,-0.0488652,0.020969415,-0.19436556,-0.05614923,-0.18022837,-0.13550067,-0.03789959,-0.21750394,-0.098033965,-0.17628074,-0.16645594,-0.090703234,-0.1884713,-0.115066186,-0.12700763,-0.051865302,-0.036017958,51,2.0
-0.07652863,0.15266293,0.08836453,0.18757892,0.9112746,0.045368027,-0.09575217,-0.08995315,-0.053533413,-0.15230641,-0.29380924,-0.0575587,-0.07751065,-0.07765902,-0.0033524334,-0.006532424,-0.17986192,-0.002621036,-0.120573744,-0.055487305,-0.13004282,-0.0097396625,-0.33236885,-0.19164309,-0.2344569,-0.20684357,-0.09392078,-0.13756055,-0.07143214,-0.17588405,-0.06497449,-0.07089373,51,3.0
-0.2361412,0.088664055,0.049284577,0.077909924,0.7655061,0.005837191,-0.038929775,0.044286404,-0.0022602286,0.04625102,-0.35535225,-0.12185382,0.23825324,-0.19821052,-0.051623933,-0.012666896,-0.08483635,0.17238763,-0.03029219,-0.057454426,0.06476824,0.14033973,-0.0994601,-0.2093191,0.01800973,-0.11718096,-0.096459925,0.07366431,-0.08955944,-0.12266261,-0.12391937,-0.043292224,51,4.0
-0.083287165,0.14953154,0.08515328,0.15730548,0.80950534,0.009143405,-0.07256037,-0.17192549,-0.05022568,-0.21210392,-0.38280663,-0.122703806,-0.013397351,-0.11448604,-0.07045672,-0.004587708,-0.12877423,-0.09266531,-0.06491386,-0.12764318,-0.17234397,-0.011255593,-0.28922585,-0.14202161,-0.18515837,-0.19353938,-0.06370771,-0.1500138,-0.10068312,-0.21346605,-0.07401145,-0.1179256,51,4.0
-0.09748213,0.13889979,0.051086307,0.100916244,0.77258223,-0.009373691,-0.08171411,-0.14657658,-0.059631046,-0.21071656,-0.31264323,-0.13902219,-0.026358511,-0.10200691,-0.07857475,0.015715687,-0.088456966,-0.09324888,-0.04802235,-0.13159673,-0.15639484,0.01912864,-0.24128506,-0.12171964,-0.16187271,-0.19101055,-0.077768564,-0.16733557,-0.09465936,-0.21461415,-0.031166092,-0.12966442,51,2.0
-0.09234209,0.14394173,0.0690761,0.17508571,1.0211688,0.06498428,-0.08798826,-0.05603105,-0.0791922,-0.09721579,-0.26001966,-0.04396635,-0.091941915,-0.052611716,0.062647566,-0.0012445413,-0.24925144,0.041299995,-0.11856561,-0.014976522,-0.07881704,0.014199238,-0.35092765,-0.2191591,-0.2383056,-0.21645264,-0.082776666,-0.098742224,-0.095479555,-0.17023748,-0.08180046,-0.064154804,51,1.0
-0.10443727,0.12883501,0.03629648,0.16040714,0.956871,0.05482212,-0.09698469,-0.027519584,-0.047573872,-0.11457269,-0.27544463,-0.07285339,-0.10485606,-0.07913466,-0.0041674916,-0.036578733,-0.27927592,0.018336505,-0.13132676,-0.017888056,-0.12821576,0.007960018,-0.32387483,-0.18964516,-0.23172668,-0.22455074,-0.102215916,-0.09069789,-0.08853528,-0.17869592,-0.09969774,-0.016236505,51,4.0
0.030900016,0.14767334,0.22609274,0.2028493,0.39327824,0.16103916,-0.09926117,-0.12184667,-0.089943945,-0.15578401,-0.09363605,-0.26414335,0.07087363,-0.11914341,0.02408753,-0.14422512,0.025551649,0.039146565,-0.18716499,-0.028741501,0.074266754,0.02245951,-0.080572255,-0.1539996,-0.07701312,0.16770008,-0.1016967,-0.09290532,-0.08232398,-0.1132894,-0.09143245,0.13066198,51,1.0
-0.030673038,0.14120923,0.12493868,0.1900507,0.74096304,-0.036534417,-0.11120022,-0.16270295,-0.08638106,-0.2605176,-0.33095014,-0.13791376,-0.057708703,-0.16512707,-0.017397005,-0.034665585,0.008169953,-0.15315592,-0.080861926,-0.1434992,-0.102324,-0.055468224,-0.22160023,-0.08209555,-0.20548221,-0.18375574,-0.11242755,-0.18167126,-0.10410979,-0.14047262,-0.050869785,0.011174314,51,2.0
0.025929898,0.14711687,0.2166908,0.18863139,0.3784873,0.16242793,-0.09192032,-0.109934784,-0.08321323,-0.16855532,-0.10778165,-0.26516822,0.06682019,-0.11964525,0.033803504,-0.15713817,0.019674685,0.024558323,-0.16374215,-0.039941303,0.097723566,0.01650098,-0.07319196,-0.13962899,-0.06531695,0.15126945,-0.110238686,-0.09902242,-0.079878576,-0.10686373,-0.07757299,0.13528283,51,3.0
-0.24538162,0.050284762,0.03023115,-0.006586002,0.6720771,-0.039584666,-0.039649453,0.12030229,0.018627737,-0.026331965,-0.30643255,-0.14784539,0.19249456,-0.17168942,0.0056335833,-0.061226755,-0.027721154,0.17276177,0.0150503665,-0.01061411,0.027323276,0.16672072,-0.07874254,-0.21103808,0.085704155,-0.043963175,-0.15834571,0.059438005,-0.0700835,-0.096241236,-0.14315735,-0.071625784,51,4.0
0.04085861,0.1450866,0.20791003,0.19648658,0.41292915,0.16878249,-0.097560324,-0.12885958,-0.11019079,-0.1509816,-0.06781755,-0.270767,0.07633908,-0.10237791,0.032875244,-0.121238165,0.03360879,0.05217168,-0.2047779,-0.04136463,0.060100846,0.030526362,-0.080203705,-0.18654048,-0.08390456,0.15476227,-0.083025575,-0.06954128,-0.0802102,-0.097682096,-0.10188946,0.116887346,51,3.0
-0.120160654,0.0321894,-0.10978093,-0.1113858,0.585456,-0.002468802,0.029225592,0.21284926,-0.10251256,0.05730173,-0.023907073,0.038977288,-0.005864866,-0.04430317,0.12794723,0.068898685,-0.2337409,0.03859733,-0.0434943,-0.007859835,0.07613091,0.08513913,0.033323213,-0.12462212,-0.11184151,-0.24912827,-0.09179886,0.06171207,-0.08632141,-0.19526872,-0.037447117,0.062931284,51,4.0
-0.044617712,0.2028008,0.1412703,0.076762736,0.4799764,0.02089215,-0.12041109,-0.51422364,0.025089853,-0.42712954,-0.5150534,-0.39743805,0.11444143,-0.16818455,-0.001720883,-0.04394269,0.16059385,-0.20921627,-0.013628423,-0.28519568,0.034288637,0.100066185,-0.13450608,-0.20809588,-0.1363669,-0.016544778,-0.27181077,-0.1983721,-0.32111216,-0.07645707,-0.17794214,0.18753254,51,2.0
-0.055832617,0.14410408,0.12325348,0.17535457,0.71033,-0.006454464,-0.09615711,-0.2689139,-0.07608354,-0.2708854,-0.3962534,-0.20007762,0.02558233,-0.15634708,-0.06117709,-0.03059788,0.027434032,-0.19464949,-0.03135271,-0.18643443,-0.12274914,-0.022783935,-0.19789001,-0.08081055,-0.17215537,-0.14063632,-0.07326941,-0.18894331,-0.12128015,-0.14224918,-0.03431624,-0.0723978,51,4.0
-0.19110397,0.11643835,0.07535242,0.15363823,0.82042897,0.027888548,-0.04961411,-0.09721529,-0.043248158,0.01604858,-0.30934766,-0.11971857,0.17665006,-0.16969103,-0.038636573,0.012335582,-0.22669165,0.18418744,-0.08996564,-0.08130704,0.037819304,0.14859106,-0.17253935,-0.21608567,-0.088758826,-0.14278312,-0.05316442,0.060212836,-0.1367374,-0.1815716,-0.09227997,-0.03880262,51,2.0
-0.14874235,0.08856413,0.038940467,0.117459916,0.90156275,0.060452808,-0.009555684,-0.050672077,-0.111361355,0.026885085,-0.21841739,-0.07868122,0.066964716,-0.137724,0.08285105,0.034680158,-0.32974887,0.08204128,-0.1054758,-0.054888234,0.06887501,0.09907963,-0.18468234,-0.20665771,-0.1600123,-0.233507,-0.06349082,0.017251201,-0.12825254,-0.15929398,-0.07866392,0.03684676,51,2.0
-0.07397889,0.15794188,0.12861666,0.19626872,1.0764863,0.054487947,-0.06385161,-0.10490986,-0.1332359,-0.11358929,-0.26389933,0.014791198,-0.06301627,-0.035130214,0.17554168,0.077055715,-0.1824724,0.07308026,-0.088785954,-0.04435108,-0.011037653,0.008877441,-0.3854551,-0.23894793,-0.17795241,-0.18258113,-0.029373001,-0.08612595,-0.1275357,-0.19871739,-0.06307535,-0.16042516,51,1.0
0.045661166,0.1472107,0.2130574,0.19196254,0.4013083,0.15542462,-0.093254656,-0.11588279,-0.097970836,-0.13129553,-0.056156714,-0.24143828,0.066517964,-0.10286501,0.016273431,-0.12057435,0.04220094,0.047381435,-0.20592988,-0.030689534,0.053951547,0.023011725,-0.07699526,-0.16747938,-0.08428136,0.16576608,-0.080029905,-0.08438313,-0.074242234,-0.1106528,-0.09370458,0.10682282,51,2.0
-0.14874217,0.10875071,0.096129715,0.16233107,0.99228895,0.07382834,-0.038735617,-0.08699132,-0.119036786,-0.018350359,-0.23860824,-0.068941146,0.053453613,-0.118733466,0.086327225,0.028266186,-0.3150798,0.099272326,-0.11344952,-0.059651066,0.039653666,0.082992524,-0.27448356,-0.21575247,-0.17603633,-0.22670491,-0.037546355,-0.010308467,-0.15423018,-0.16813292,-0.08230403,-0.024574077,51,3.0
-0.08189315,0.14831631,0.12430625,0.17722267,1.0747756,0.07775876,-0.06396717,-0.07104058,-0.133398,-0.099590346,-0.2227977,0.010487288,-0.06517317,-0.023468394,0.17341024,0.06518172,-0.1967767,0.06683358,-0.10382609,-0.0404967,0.0009840839,0.016389307,-0.35953856,-0.22639203,-0.18761694,-0.20069018,-0.035170656,-0.09069114,-0.127085,-0.16210625,-0.040306993,-0.12801996,51,1.0
0.006881118,0.14807142,0.2653016,0.2358568,0.4021676,0.15162426,-0.102592796,-0.14369014,-0.08152473,-0.16723976,-0.13214251,-0.27981418,0.08271745,-0.14939857,0.0016212724,-0.15737213,-0.0070603234,0.045409564,-0.18400289,-0.011636682,0.083005324,0.029769909,-0.08467502,-0.14453126,-0.08630617,0.1837189,-0.108352765,-0.11100016,-0.09820011,-0.1267997,-0.10304348,0.16696818,51,4.0
-0.18576312,0.11035774,0.09188818,0.15621676,0.859806,0.03385598,-0.03707995,-0.10572665,-0.07256116,0.0064478293,-0.27604735,-0.10093967,0.16279401,-0.16273688,-0.0041258316,0.019135749,-0.23671778,0.17580533,-0.09795245,-0.07460478,0.05344888,0.14800298,-0.18733528,-0.21303011,-0.094165415,-0.14329296,-0.06094071,0.04955958,-0.14032018,-0.18351343,-0.09326415,-0.03796456,51,1.0
0.04356481,0.14714502,0.20880513,0.18856624,0.4003578,0.16313174,-0.09338658,-0.11941079,-0.101758234,-0.1454758,-0.06562168,-0.25344408,0.06958999,-0.103412375,0.027540885,-0.12477791,0.03887945,0.04533966,-0.19717073,-0.03829491,0.06416842,0.024023935,-0.07643209,-0.17055188,-0.07869748,0.1575582,-0.0858548,-0.07821153,-0.07600621,-0.103371926,-0.091949984,0.11276913,51,3.0
-0.0741573,0.15862446,0.14560255,0.21286775,1.0703022,0.037386853,-0.06270552,-0.13219914,-0.14251933,-0.12764612,-0.29284704,0.032518163,-0.049012326,-0.04323915,0.18771268,0.0933333,-0.16120666,0.08440122,-0.07523569,-0.05527648,-0.01594105,0.007814941,-0.38770643,-0.23920572,-0.1415157,-0.16137262,-0.01573392,-0.06337477,-0.13551319,-0.23552749,-0.068227865,-0.19583678,51,4.0
0.04956139,0.14619456,0.22398284,0.18594056,0.3833522,0.13655527,-0.085709766,-0.096579485,-0.08007598,-0.09571896,-0.044616714,-0.1958423,0.049790442,-0.10463883,-0.009567363,-0.11732863,0.04305479,0.03371584,-0.21058118,-0.012020133,0.04691451,0.015313654,-0.06718229,-0.13057905,-0.08508925,0.17724788,-0.069560766,-0.10826891,-0.06686879,-0.12585276,-0.08680478,0.092650056,51,3.0
-0.11681257,0.11151091,0.070338085,0.16220613,1.0578787,0.09764774,-0.061854545,-0.0349849,-0.10823817,-0.04866539,-0.2467584,-0.04300251,-0.05099409,-0.069859914,0.08865982,-0.0071044173,-0.32001197,0.04925154,-0.12187237,-0.013943616,-0.018900646,0.03111317,-0.32696834,-0.21664113,-0.22976726,-0.25067168,-0.056743834,-0.049410313,-0.13030036,-0.1519617,-0.08514483,-0.02452391,51,3.0
1.604855e-05,0.1639521,0.11867665,0.13418157,0.5770892,0.05151434,-0.15188,-0.42715877,-0.017872129,-0.34962445,-0.548149,-0.36498302,0.105297536,-0.1636645,-0.0045570685,-0.07433023,0.117075995,-0.23364699,-0.067028426,-0.2157743,-0.051750384,0.024729464,-0.13145041,-0.15829405,-0.13301966,-0.1084974,-0.20235188,-0.19352171,-0.1956934,-0.048242226,-0.13438791,0.08250673,51,2.0
0.02424749,0.14647558,0.21888714,0.19165628,0.38230047,0.16284585,-0.09291854,-0.11332556,-0.08497895,-0.16619925,-0.108128324,-0.26754984,0.06759381,-0.12129521,0.03224456,-0.15480371,0.016093075,0.02623568,-0.16835594,-0.037764613,0.09364403,0.01916798,-0.074295856,-0.14375997,-0.06669157,0.15213448,-0.10877815,-0.09769436,-0.08242223,-0.10590966,-0.0821857,0.1361726,51,4.0
-0.0723619,0.14660561,0.090586156,0.19127728,0.8797045,0.038087662,-0.0963606,-0.09417563,-0.0476423,-0.16769297,-0.30686563,-0.07088968,-0.070400886,-0.093002304,-0.026287343,-0.017808618,-0.17090522,-0.026277862,-0.12058014,-0.06846675,-0.14351608,-0.018667333,-0.32308167,-0.17372993,-0.22955024,-0.21135867,-0.0952467,-0.14360836,-0.0714124,-0.17693095,-0.06640366,-0.06123599,51,3.0
-0.080665834,0.14154546,0.09341728,0.14406678,0.7276871,-0.010747217,-0.08299939,-0.19834855,-0.07556203,-0.24038431,-0.3477184,-0.16141643,-0.003077574,-0.1302965,-0.07677996,-0.01645154,-0.020682039,-0.15690756,-0.02827698,-0.16259204,-0.13637626,-0.017411426,-0.2198247,-0.08776258,-0.16318177,-0.16048488,-0.068262324,-0.18196815,-0.10895578,-0.17609249,-0.022937723,-0.10688268,51,4.0
0.032802247,0.14607193,0.20892963,0.20111719,0.4174361,0.1749416,-0.100502886,-0.13680717,-0.11161014,-0.17143,-0.08587221,-0.2917035,0.08242384,-0.10774121,0.04127884,-0.13033904,0.026322167,0.052733663,-0.19811612,-0.04815552,0.070330344,0.0338475,-0.082676165,-0.19457412,-0.08059862,0.1507296,-0.09353161,-0.06643949,-0.08654346,-0.09184822,-0.10416421,0.13007317,51,3.0
-0.11855042,0.076599956,0.030689588,0.098185524,0.9532239,0.08966373,-0.012703273,0.00076498464,-0.11506003,0.019433133,-0.18779287,-0.030006763,-0.004388321,-0.097342774,0.09710425,0.008156616,-0.3405182,0.05035986,-0.10910459,-0.021440864,0.06516989,0.06433921,-0.19889075,-0.20397782,-0.2010102,-0.2636072,-0.076298505,-0.0031034425,-0.122658566,-0.16348422,-0.07477647,0.036922313,51,2.0
-0.1962497,0.108885884,0.09346905,0.14188889,0.8587873,0.043567408,-0.048282504,-0.056579456,-0.012135837,0.010919489,-0.34979892,-0.1020617,0.20574309,-0.18589854,-0.07648444,-0.020181697,-0.14230329,0.19754076,-0.06641001,-0.07460748,0.060227916,0.14662676,-0.12968546,-0.2371313,-0.02073903,-0.0821682,-0.089356974,0.07474819,-0.11368511,-0.18050954,-0.11337283,-0.0638414,51,4.0
0.04312609,0.1499847,0.23536159,0.18968906,0.35843596,0.12584448,-0.085166946,-0.08697174,-0.061494887,-0.090779364,-0.05717988,-0.1858143,0.045566663,-0.1128377,-0.02278963,-0.12674546,0.04297065,0.02481122,-0.20176327,-0.0034063458,0.051888503,0.008283279,-0.06559823,-0.10333815,-0.07988118,0.18465024,-0.0751307,-0.12587139,-0.06670329,-0.13667141,-0.0862928,0.09935504,51,4.0
0.041617088,0.14202225,0.20138128,0.18108046,0.39504588,0.16735934,-0.08754812,-0.11599135,-0.105879895,-0.148487,-0.0681305,-0.2538659,0.070771486,-0.101052836,0.0335792,-0.12361985,0.031056352,0.040729113,-0.19160554,-0.042483672,0.07461344,0.025789153,-0.06959764,-0.16729917,-0.0752268,0.14314415,-0.08069117,-0.07454837,-0.07457396,-0.09406194,-0.088783264,0.11431615,51,2.0
-0.107920036,0.11636119,0.038626656,0.15198931,0.9324267,0.059049737,-0.106574036,-0.0014068186,-0.042697325,-0.13620394,-0.2772352,-0.062223252,-0.11342794,-0.08642006,-0.014836873,-0.06456599,-0.2844592,0.0009888075,-0.13769282,-0.016446963,-0.12518328,-0.013364063,-0.31381857,-0.18545878,-0.23484457,-0.23514764,-0.106480494,-0.09108737,-0.08827917,-0.16276836,-0.09115979,0.0009604115,51,4.0
-0.10072588,0.14722615,0.06374323,0.16995174,1.0013217,0.063798636,-0.1006372,-0.044213854,-0.06849176,-0.102987826,-0.27548048,-0.05681722,-0.09914331,-0.060414817,0.036334567,-0.017469907,-0.26350686,0.032523878,-0.1326456,-0.013514705,-0.108354546,0.021072337,-0.3371802,-0.2067332,-0.23250675,-0.20395705,-0.08519104,-0.09704544,-0.08534928,-0.16536,-0.085934386,-0.044319417,51,1.0
-0.09057121,0.15262863,0.10548137,0.19231889,1.068127,0.06460771,-0.06627149,-0.072794326,-0.11425953,-0.09142521,-0.26841682,-0.012877211,-0.07128184,-0.04249179,0.13102299,0.038985565,-0.23615974,0.060042422,-0.099481106,-0.025556047,-0.03810953,0.022651516,-0.37480876,-0.22986656,-0.20044398,-0.19643736,-0.045699712,-0.087568425,-0.12005873,-0.18721709,-0.08014473,-0.11943373,51,3.0
-0.100865245,0.061676025,0.010693533,0.105577104,0.8794609,0.063139796,-0.059408825,0.070067875,-0.056927387,-0.050824568,-0.20925876,-0.013575558,-0.089429624,-0.072015464,0.029144008,-0.04763632,-0.31936032,0.028378222,-0.1381405,0.008096889,-0.053670038,0.004530406,-0.23115948,-0.16669549,-0.23565155,-0.26832205,-0.097904265,-0.034435295,-0.09118004,-0.14873394,-0.08965811,0.03640778,51,4.0
0.04772374,0.14664157,0.21918264,0.19091402,0.3932168,0.14640285,-0.09165576,-0.10675039,-0.088402875,-0.11180025,-0.04918895,-0.2192412,0.058312867,-0.10423161,0.0023573413,-0.11977764,0.043188907,0.040956985,-0.21010247,-0.019351073,0.047298893,0.01909616,-0.07396618,-0.14997573,-0.08588376,0.17468992,-0.07605356,-0.09711755,-0.070965044,-0.119577244,-0.091926426,0.09836498,51,1.0
-0.09365085,0.1127295,0.05739267,0.1703692,0.96688974,0.07909559,-0.08996349,-0.0028170235,-0.055624735,-0.11207013,-0.277358,-0.034127183,-0.10300854,-0.073713526,0.015791565,-0.05119177,-0.2846712,0.012959965,-0.14566857,-0.013432216,-0.097607985,-0.010515402,-0.32519826,-0.19592258,-0.24603623,-0.24164179,-0.09432195,-0.08743144,-0.091375925,-0.15323102,-0.0931429,-0.013478575,51,4.0
-0.16687992,0.117308654,0.10955708,0.18356615,0.8411434,0.056738008,-0.06564973,-0.12110812,-0.039736766,-0.013338085,-0.33316782,-0.07843272,0.16330874,-0.1508026,-0.045483448,0.008479958,-0.16214497,0.19068292,-0.07433291,-0.09973948,0.022071201,0.11912414,-0.18388212,-0.20940797,-0.03687498,-0.10510443,-0.050186697,0.083922535,-0.122910365,-0.22655885,-0.10043828,-0.0941277,51,4.0
-0.116284974,0.13214526,0.10795747,0.17478974,1.0402299,0.077566326,-0.060529776,-0.06443621,-0.12018765,-0.06074804,-0.23497567,-0.029525772,-0.032276537,-0.058235623,0.12462498,0.029339386,-0.27337328,0.0717517,-0.099099286,-0.0401187,-0.0017510317,0.042284027,-0.3352111,-0.21052793,-0.19545168,-0.21675242,-0.039054718,-0.059270874,-0.14202093,-0.17167845,-0.06636408,-0.08922556,51,4.0
-0.16150473,0.12579466,0.13025528,0.16560881,0.93426424,0.060294833,-0.047271587,-0.11220958,-0.10537536,-0.03685352,-0.2451405,-0.054336213,0.08976797,-0.12830882,0.057677466,0.035644464,-0.2367356,0.1418863,-0.1007721,-0.08879322,0.030101232,0.10979865,-0.25225693,-0.18923926,-0.1032965,-0.1693542,-0.037670333,0.01482895,-0.1526879,-0.19860989,-0.07932648,-0.067422196,51,1.0
-0.13582337,0.12281786,0.1169337,0.16853262,1.0005116,0.08125138,-0.05003615,-0.07347835,-0.12072256,-0.051150225,-0.24049191,-0.043713868,0.019106302,-0.08449057,0.1057795,0.035695277,-0.27727422,0.08425145,-0.10785617,-0.069918916,0.004748147,0.06706727,-0.30968735,-0.19577506,-0.15696186,-0.21550715,-0.023973454,-0.028685022,-0.14871088,-0.1701282,-0.067288734,-0.06777884,51,2.0
0.048974626,0.14776558,0.18982057,0.1767457,0.4052838,0.1740053,-0.09037275,-0.1233821,-0.11335913,-0.14748627,-0.053745665,-0.2648527,0.07091996,-0.09116837,0.044603728,-0.11221827,0.040889993,0.046800308,-0.19751069,-0.05554991,0.064452454,0.025176711,-0.073936574,-0.18910407,-0.07312679,0.13995335,-0.07938878,-0.06341729,-0.07408257,-0.08495246,-0.09733361,0.103206486,51,2.0
-0.09299017,0.17191169,0.098402746,0.19755942,1.0365951,0.04218505,-0.06655873,-0.10778687,-0.09376215,-0.11785613,-0.3240763,-0.021012478,-0.062739275,-0.062281474,0.104133874,0.04086943,-0.21475145,0.063179895,-0.09258206,-0.04153408,-0.07559865,0.020607036,-0.38785413,-0.23907253,-0.20423639,-0.1832057,-0.037256245,-0.08452721,-0.112858884,-0.21788785,-0.1054896,-0.13593581,51,3.0
-0.081045605,0.15885793,0.08543347,0.18404944,0.9995294,0.052182492,-0.08569124,-0.08745331,-0.07493325,-0.12216679,-0.27765095,-0.037406914,-0.084402695,-0.055142473,0.062234085,0.015083564,-0.20549732,0.04025774,-0.11231409,-0.030623129,-0.0898245,0.009220361,-0.3583548,-0.22543818,-0.23246518,-0.20036656,-0.0785269,-0.11645931,-0.088621415,-0.18382898,-0.07720597,-0.092196316,51,2.0
0.04903102,0.14846407,0.20307586,0.18691258,0.4110926,0.16088103,-0.090971455,-0.12094649,-0.108263016,-0.1387412,-0.051068135,-0.25152093,0.070600145,-0.09598434,0.025413755,-0.11273998,0.04498988,0.053445175,-0.2076488,-0.04308991,0.054445855,0.02549585,-0.076705106,-0.18539022,-0.08368437,0.15485424,-0.075708285,-0.07130166,-0.07421903,-0.09992517,-0.09511039,0.1057426,51,1.0
-0.20103759,0.11985522,0.08522104,0.12977608,0.8528458,0.04081871,-0.0545911,-0.028218687,0.010581268,0.025409885,-0.37923715,-0.1123085,0.22224815,-0.19580519,-0.10702862,-0.030416876,-0.14714053,0.18679547,-0.062850565,-0.08252391,0.05994545,0.14290887,-0.115701176,-0.24018002,-0.02012356,-0.09792823,-0.08132276,0.06633824,-0.11337078,-0.16604197,-0.09846993,-0.05461922,51,3.0
0.04762966,0.14809835,0.19939023,0.18667749,0.41167793,0.17187338,-0.09620086,-0.12914318,-0.11336019,-0.14687937,-0.057527956,-0.26790524,0.0729671,-0.095793456,0.039605185,-0.11477941,0.04063934,0.050594684,-0.20454621,-0.04806044,0.058237046,0.027966693,-0.079406075,-0.1919361,-0.07841664,0.15154801,-0.082021266,-0.065444246,-0.07790199,-0.09057627,-0.10246885,0.1068698,51,1.0
-0.077725984,0.13794781,0.10132691,0.13758472,0.70015967,-0.0064505376,-0.08856591,-0.32352495,-0.0520136,-0.276564,-0.46248996,-0.22732414,0.08121653,-0.1375195,-0.12645935,0.0072753318,-0.005124995,-0.19189176,-0.019322738,-0.20250142,-0.1537423,-0.013040076,-0.1869936,-0.09838785,-0.16746873,-0.128095,-0.033929396,-0.166249,-0.13068649,-0.16824701,-0.045354046,-0.16113767,51,2.0
-0.11383227,0.13531446,0.10190186,0.18904957,1.0144453,0.074126825,-0.054751813,-0.08399061,-0.11915829,-0.056541435,-0.25990194,-0.043058082,-0.015201822,-0.06804222,0.11549008,0.03918767,-0.27770004,0.07519229,-0.0969879,-0.054979768,-0.01902701,0.044180043,-0.35232303,-0.2092954,-0.17578535,-0.21038151,-0.027208202,-0.038641274,-0.1398217,-0.18774219,-0.08162905,-0.10285181,51,1.0
-0.079161614,0.13764624,0.07523587,0.18791026,0.8715781,0.02627239,-0.10749452,-0.06375757,-0.0413149,-0.16290432,-0.3064385,-0.07533275,-0.084337905,-0.09653959,-0.044550486,-0.03277619,-0.19982849,-0.03370659,-0.1305463,-0.05878184,-0.15786181,-0.022592373,-0.31476015,-0.15559706,-0.22671434,-0.2092901,-0.09923966,-0.12985231,-0.07353005,-0.17994732,-0.078665964,-0.03932385,51,4.0
-0.08271644,0.15966049,0.10159996,0.16795656,0.81299347,0.004538577,-0.061352126,-0.2497217,-0.050925042,-0.2489746,-0.48484048,-0.12325912,0.04160858,-0.1130383,-0.06592919,0.011135848,-0.1048741,-0.09824038,-0.041742396,-0.14662571,-0.17442933,-0.03061203,-0.29245,-0.18034253,-0.17423362,-0.16911769,-0.032442715,-0.12199291,-0.11129754,-0.23545936,-0.09010483,-0.16950898,51,3.0
-0.10849126,0.13157818,0.14498286,0.17655772,1.0031666,0.07145789,-0.05377839,-0.1063923,-0.14315516,-0.07793641,-0.21406385,-0.0036622211,0.005646739,-0.06349789,0.15025172,0.072515905,-0.20518504,0.087975115,-0.095428914,-0.086373135,0.026783966,0.04929948,-0.32072115,-0.18178108,-0.12175222,-0.19223708,-0.018104404,-0.032756582,-0.1524092,-0.18686324,-0.04822503,-0.13045035,51,3.0
0.040794976,0.1467218,0.21581756,0.19752918,0.41167623,0.16205956,-0.09641885,-0.1284025,-0.107459515,-0.14619492,-0.06771023,-0.26097655,0.07446989,-0.10585424,0.023149695,-0.12246166,0.035061635,0.052404087,-0.20693222,-0.033473447,0.057541512,0.030118402,-0.08070237,-0.18156832,-0.084867656,0.16315076,-0.08230962,-0.07561585,-0.081451714,-0.103088446,-0.09915006,0.11761393,51,4.0
-0.08222939,0.16179925,0.08504849,0.18699218,0.96466523,0.040337298,-0.080431566,-0.10484473,-0.062415186,-0.13970144,-0.31041515,-0.04927761,-0.0713199,-0.072825715,0.029540252,0.009033646,-0.20014942,0.023407668,-0.108726114,-0.048214637,-0.11726115,0.008618558,-0.35603788,-0.2139512,-0.226253,-0.19947076,-0.073590636,-0.118023135,-0.088091366,-0.20034342,-0.0902825,-0.093900084,51,3.0
-0.20022163,0.08503213,0.10339381,0.10355099,0.8676258,0.056733865,-0.053249553,0.038439274,0.013582367,-0.00942919,-0.36627442,-0.10939993,0.19737376,-0.17900553,-0.05051889,-0.054258935,-0.055357296,0.18353724,-0.01811327,-0.053056873,0.049023762,0.14799948,-0.1217603,-0.24551678,0.051717907,-0.021515507,-0.13219279,0.07981607,-0.08543456,-0.17314982,-0.14453799,-0.0896724,51,3.0
-0.203138,0.09941289,0.07662994,0.11376048,0.8207804,0.012558017,-0.04619132,-0.031183466,-0.0050455667,0.013419665,-0.33507657,-0.12779023,0.20598511,-0.19890043,-0.060509052,-0.030401947,-0.14428736,0.18557131,-0.05148805,-0.051628213,0.06821991,0.16776271,-0.11048672,-0.23925921,-0.015818696,-0.08251783,-0.10924715,0.06381999,-0.11656834,-0.1466404,-0.108129546,-0.043839358,51,3.0
-0.059785843,0.14327946,0.12462409,0.17483369,0.7087446,0.025336545,-0.07638617,-0.3567664,-0.03566602,-0.3142816,-0.56612194,-0.21514386,0.11463847,-0.13067336,-0.0945726,-0.030108606,-0.028565442,-0.17764047,-0.03800032,-0.19271922,-0.16779533,-0.03703985,-0.22184524,-0.14849885,-0.17368066,-0.14300007,-0.04659638,-0.14354874,-0.111781985,-0.1623739,-0.09323199,-0.114213705,51,2.0
-0.16853666,0.1229153,0.12761702,0.16528754,0.91161495,0.055884402,-0.046713207,-0.116048105,-0.0941182,-0.02775811,-0.25521308,-0.061860844,0.11445785,-0.14191812,0.02985588,0.026364679,-0.2264026,0.15722397,-0.101004966,-0.08861953,0.03561829,0.12369207,-0.22903162,-0.19174153,-0.08747866,-0.14953515,-0.04841524,0.031611457,-0.14609402,-0.20238449,-0.085507885,-0.062061843,51,3.0
-0.09442024,0.15505011,0.057301536,0.1626726,0.91425574,0.029787462,-0.09172437,-0.08438373,-0.055807177,-0.14731678,-0.29465842,-0.082033314,-0.08304863,-0.08081673,-0.009106786,-0.009459633,-0.20897298,-0.000989683,-0.104501374,-0.05299025,-0.13977414,0.008815095,-0.33281842,-0.1894952,-0.217181,-0.20701508,-0.09500131,-0.13239643,-0.08544735,-0.2041522,-0.08679736,-0.07596536,51,1.0
-0.028771188,0.13837016,0.13921693,0.19050889,0.67220336,0.017059706,-0.11387421,-0.37108147,-0.045467652,-0.31779277,-0.5041764,-0.27501452,0.095420375,-0.16453363,-0.06494136,-0.055818878,0.03907987,-0.22487563,-0.04921972,-0.20599617,-0.12797354,-0.026238877,-0.17906004,-0.1056128,-0.1684587,-0.12893446,-0.084138975,-0.17940295,-0.13170448,-0.101031736,-0.07545975,-0.03507333,51,3.0
0.05031565,0.1502807,0.18903455,0.17558543,0.41067266,0.17102078,-0.08666554,-0.12671861,-0.119092815,-0.15319046,-0.053324267,-0.26753002,0.07448915,-0.08916055,0.043548644,-0.108686715,0.04438398,0.05333507,-0.19793898,-0.061786596,0.067476235,0.026606053,-0.073133595,-0.19848561,-0.07464325,0.13486822,-0.073628515,-0.058859274,-0.074460074,-0.08157134,-0.09534834,0.108836845,51,4.0
0.06311137,0.14560376,0.2064158,0.15314151,0.3422536,0.12847,-0.063675284,-0.060353182,-0.057710327,-0.063545614,-0.0052784868,-0.13825896,0.020293023,-0.08254565,-0.010659015,-0.096769266,0.058399692,0.010088842,-0.19968209,-0.019329978,0.043451414,0.0006994819,-0.039505564,-0.08300798,-0.07045924,0.16712229,-0.061580483,-0.13133612,-0.0426639,-0.12568502,-0.07891658,0.048272256,51,4.0
-0.13388483,0.11573665,0.092989385,0.16845138,1.0371585,0.08977039,-0.059379425,-0.05059147,-0.111027114,-0.048495032,-0.26153976,-0.04689401,-0.012522474,-0.08300111,0.088847056,0.010526305,-0.31261304,0.06839717,-0.120188385,-0.038747694,-0.019180382,0.05153695,-0.3211847,-0.21181086,-0.20697504,-0.23823267,-0.03098448,-0.038478736,-0.13833486,-0.15655181,-0.08342548,-0.034475226,51,3.0
0.012011133,0.15027949,0.20418653,0.1455807,0.29857406,0.13401376,-0.06295878,-0.06679161,-0.047074657,-0.17776825,-0.12399642,-0.22593284,0.05475552,-0.12313667,0.016888466,-0.17898722,0.015996873,-0.018624507,-0.112285845,-0.04310698,0.14347532,0.004365464,-0.046687573,-0.082090646,-0.035686776,0.12145144,-0.10898778,-0.12523319,-0.0783448,-0.11043773,-0.053915188,0.13377133,51,4.0
-0.07912832,0.15902808,0.12678315,0.18912445,1.0759466,0.06379677,-0.06418388,-0.09127953,-0.13086006,-0.110329,-0.2542586,0.011524022,-0.06616554,-0.030449942,0.17476957,0.07101019,-0.18761298,0.07367916,-0.09438239,-0.038828943,-0.012357337,0.014469158,-0.37677118,-0.23542848,-0.1834785,-0.18251833,-0.03157622,-0.08949709,-0.12652612,-0.1861569,-0.05630938,-0.14888307,51,1.0
-0.11248223,0.11673232,0.13220736,0.23685202,0.89719075,0.045518193,-0.07342143,-0.17007756,-0.093868524,-0.084543765,-0.32239106,-0.04020418,0.064791024,-0.103907585,0.072259575,0.031654887,-0.18498033,0.16355875,-0.05565726,-0.08816622,-0.019557245,0.06643857,-0.27640966,-0.21553248,-0.05115991,-0.11645384,-0.03235243,0.06822212,-0.12501375,-0.27476913,-0.1081118,-0.16913903,51,2.0
0.043863073,0.14722393,0.2116953,0.19104593,0.39793164,0.15982348,-0.09490682,-0.11736312,-0.097477056,-0.13789065,-0.0615958,-0.24712694,0.067722835,-0.10431291,0.021079022,-0.12450798,0.040793825,0.045329824,-0.20188645,-0.031571686,0.05692377,0.023243017,-0.07731628,-0.1670212,-0.080650546,0.16484804,-0.08637658,-0.08256641,-0.075335145,-0.108532794,-0.09450251,0.108562335,51,4.0
-0.11027473,0.13162299,0.08012091,0.16920696,1.0576543,0.08374767,-0.073083594,-0.04091917,-0.103877954,-0.069555126,-0.2520007,-0.035089687,-0.06781232,-0.0522886,0.094973385,0.0066223126,-0.28335515,0.050651804,-0.11576833,-0.016433708,-0.04078256,0.026818443,-0.3467173,-0.21857327,-0.22697097,-0.22815943,-0.053961005,-0.07452579,-0.1213971,-0.15720797,-0.0774934,-0.05891601,51,2.0
-0.11280316,0.12987874,0.09135815,0.16646183,1.0640161,0.09139043,-0.068499096,-0.04074452,-0.11049511,-0.07275513,-0.24796854,-0.030628212,-0.0599318,-0.056403838,0.107767016,0.009519035,-0.28344443,0.05226921,-0.117196724,-0.021271631,-0.027724152,0.032439183,-0.33738357,-0.21728113,-0.21482381,-0.22866687,-0.046581883,-0.070514105,-0.12773728,-0.15178004,-0.07311327,-0.0556371,51,1.0
-0.021164522,0.1491833,0.13655469,0.20218222,0.73062193,-0.009944012,-0.10474979,-0.23453882,-0.08231254,-0.27634478,-0.3871582,-0.18736923,-0.010987397,-0.17583303,-0.019408066,-0.03807903,0.032194182,-0.18156514,-0.06655694,-0.16727059,-0.103177555,-0.039581828,-0.21244013,-0.09126273,-0.19361067,-0.17684475,-0.113965675,-0.19049072,-0.11571396,-0.123863906,-0.055762812,-0.004625106,51,3.0
-0.11318505,0.12186674,0.04186126,0.15311849,1.023597,0.08797419,-0.08809484,-0.013786577,-0.0724224,-0.08704063,-0.2608083,-0.054538444,-0.09911923,-0.06678775,0.043970235,-0.042281218,-0.31015185,0.035993952,-0.12927729,0.0057758987,-0.0738188,0.0150551405,-0.32915136,-0.21384351,-0.24847272,-0.23874089,-0.08768594,-0.070565216,-0.10729316,-0.15569466,-0.09651823,-0.010690197,51,3.0
-0.113772064,0.1419657,0.03505116,0.0736535,0.7326391,-0.031202331,-0.079344794,-0.08249808,-0.07985731,-0.2116362,-0.22627647,-0.13455072,-0.053069413,-0.07475596,-0.04662995,0.0084987115,-0.03919829,-0.08804739,-0.021086656,-0.124538615,-0.11188774,0.023378832,-0.20790377,-0.11784391,-0.13260826,-0.18678921,-0.100679845,-0.18963368,-0.0707599,-0.20499563,0.014082402,-0.11681861,51,3.0
0.025668077,0.14865673,0.17227706,0.12879634,0.3064391,0.15181641,-0.059870686,-0.052547976,-0.05178586,-0.18479411,-0.09204661,-0.24058957,0.053579915,-0.09156786,0.042060185,-0.16626881,0.043465894,-0.009929709,-0.107784405,-0.066420645,0.1408214,0.0028076489,-0.044734903,-0.096033886,-0.036301814,0.109289005,-0.11014938,-0.11855666,-0.06689295,-0.10395528,-0.032030433,0.107776344,51,4.0
0.01913099,0.13820566,0.2088399,0.2009413,0.41785854,0.18213576,-0.099031545,-0.13515067,-0.10865475,-0.18744606,-0.11522694,-0.30512977,0.08186227,-0.11762838,0.050672892,-0.14846492,-0.0035250257,0.035640307,-0.18054543,-0.055106208,0.097622074,0.03410002,-0.07750832,-0.1798772,-0.075719915,0.13344273,-0.10391717,-0.072944425,-0.09125097,-0.078558184,-0.09671478,0.14708903,51,4.0
-0.07480606,0.09353974,0.050287083,0.14996305,0.5919444,0.17764369,-0.098680966,-0.1189458,-0.040755592,-0.29806027,-0.17674926,-0.43423802,0.105733655,-0.12511045,0.101411924,-0.16283558,-0.13345222,0.039810997,-0.14693762,-0.15446551,0.07264781,0.11539118,-0.10971769,-0.3041955,-0.09850925,-0.09402725,-0.1964503,-0.027293704,-0.12111331,0.013923205,-0.13531564,0.17520823,51,3.0
-0.11779819,0.023117514,-0.117318094,-0.110896975,0.5865628,-0.003624402,0.016153209,0.21164644,-0.07711997,0.025006987,-0.036110885,0.028134674,-0.03908234,-0.053858258,0.10413948,0.058405034,-0.24342218,0.034794196,-0.03754863,-0.009482209,0.043310523,0.06979716,0.018112343,-0.11722045,-0.12687367,-0.26383808,-0.09497425,0.05267772,-0.08541123,-0.18085596,-0.0384567,0.07335642,51,2.0
-0.16544835,0.11978751,0.12200986,0.17779648,0.8611666,0.052644823,-0.057507385,-0.12765029,-0.07179198,-0.022835378,-0.2872525,-0.06737329,0.13544673,-0.14095737,-0.0029776962,0.019627394,-0.19200064,0.17562991,-0.088387445,-0.09444073,0.024690285,0.12448742,-0.21255407,-0.18948679,-0.063417435,-0.12192541,-0.047113102,0.05959615,-0.1365802,-0.21734206,-0.08840804,-0.08468762,51,1.0
-0.08593237,0.102250606,0.059669703,0.17021492,0.86881876,0.041569475,-0.1042148,0.009637199,-0.034191012,-0.15133716,-0.29486892,-0.052246034,-0.106407985,-0.10154234,-0.033138916,-0.068680905,-0.25556117,-0.026397921,-0.14424348,-0.042810645,-0.13410519,-0.035059076,-0.2999088,-0.15488923,-0.23054385,-0.23728402,-0.10119553,-0.099460706,-0.07758844,-0.15412343,-0.09345183,0.009357376,51,3.0
0.02623269,0.1483963,0.20495228,0.1951335,0.41276833,0.17468598,-0.093898885,-0.13574323,-0.11068666,-0.21288793,-0.10828355,-0.30299884,0.09089627,-0.1126716,0.04627264,-0.14816266,0.026727205,0.05205447,-0.17191993,-0.0676465,0.1055711,0.03692867,-0.07411701,-0.19671194,-0.07458868,0.13197556,-0.10091831,-0.062958725,-0.086136915,-0.083640456,-0.08916667,0.15386303,51,4.0
0.012765154,0.13891566,0.22458713,0.23038909,0.4518687,0.18967408,-0.11092708,-0.17545018,-0.13061851,-0.21907465,-0.119937524,-0.34895092,0.11088732,-0.11844626,0.05232958,-0.1371276,0.0002921247,0.07133442,-0.20789161,-0.05323354,0.07823011,0.060208008,-0.08979767,-0.23203486,-0.092887044,0.15064237,-0.105096966,-0.048882894,-0.10627309,-0.070897445,-0.12969586,0.16808163,51,4.0
-0.09239262,0.13555118,0.057962112,0.1667562,0.8571307,0.022129435,-0.11309639,-0.05005067,-0.04794747,-0.18254879,-0.2869864,-0.08745821,-0.09759799,-0.104573205,-0.044834733,-0.047740437,-0.19372015,-0.048207045,-0.11958499,-0.06399961,-0.15482157,-0.028624855,-0.30210873,-0.15231398,-0.21160635,-0.21720159,-0.108148456,-0.1410961,-0.07673296,-0.18152803,-0.06896514,-0.025249043,51,2.0
-0.12307356,0.114150286,0.09033006,0.16699691,1.0542059,0.09202573,-0.049044862,-0.056509547,-0.1217122,-0.04029289,-0.23953049,-0.041655965,-0.015091743,-0.07819575,0.1062042,0.023143796,-0.3096676,0.063055426,-0.11432397,-0.039455347,0.00502057,0.042494215,-0.32880503,-0.21716298,-0.20517436,-0.24778385,-0.03618102,-0.043067917,-0.14384231,-0.15964824,-0.07856073,-0.044472948,51,1.0
-0.07451533,0.16882564,0.115420565,0.20175514,1.037695,0.04243737,-0.0664628,-0.117262505,-0.09939705,-0.13868201,-0.3119232,0.0066396,-0.06415529,-0.046789464,0.12115568,0.056230925,-0.16409396,0.05746374,-0.09459877,-0.04563817,-0.06586832,0.0011661779,-0.38695127,-0.2493979,-0.2013093,-0.17871423,-0.040432196,-0.10530282,-0.10673731,-0.2081493,-0.07438929,-0.14835249,51,3.0
-0.004333943,0.16440658,0.15873685,0.18372965,0.69033283,-0.030991003,-0.11403766,-0.32441705,-0.09188495,-0.3072825,-0.40245962,-0.23011744,0.0053472593,-0.20117696,0.019919697,-0.029117491,0.120051116,-0.2112098,-0.050346844,-0.19685675,-0.045637988,0.0002042884,-0.15677178,-0.07818726,-0.17634836,-0.12255901,-0.13346376,-0.19676615,-0.150835,-0.09400058,-0.053386852,0.045464385,51,2.0
-0.16915908,0.11763091,0.10607341,0.18082291,0.84922665,0.071420625,-0.07244621,-0.10056665,-0.008564793,-0.010571666,-0.3753042,-0.07654871,0.18065111,-0.1520329,-0.073760524,-0.0012817923,-0.11394282,0.19963267,-0.055512976,-0.104286954,0.02776502,0.10250045,-0.15355209,-0.22360536,-0.010766432,-0.085242145,-0.05303547,0.09926073,-0.11096816,-0.23191169,-0.1074404,-0.110660195,51,1.0
-0.14515118,0.14394522,0.041960955,0.17098233,0.8283343,0.06895207,-0.05048522,-0.10215282,-0.065102905,-0.007898353,-0.27216464,-0.11474019,0.0065647364,-0.099012,0.04580534,0.010972237,-0.3178391,0.10166763,-0.088543,-0.073764786,-0.06280893,0.09231046,-0.27656412,-0.18499893,-0.16759208,-0.20255034,-0.038712148,0.02595418,-0.11631579,-0.19564545,-0.10407348,-0.051294863,51,2.0
-0.1201822,0.123037905,0.09464067,0.16862117,1.0607927,0.087926075,-0.06182124,-0.04835233,-0.11550238,-0.059674814,-0.2477216,-0.03113452,-0.039272882,-0.064018115,0.10741806,0.016918873,-0.2918294,0.060182437,-0.114561595,-0.029155355,-0.016193492,0.03644941,-0.33746377,-0.21700937,-0.21392524,-0.23667163,-0.03757455,-0.059615526,-0.1366593,-0.15783153,-0.07600767,-0.056567058,51,2.0
-0.21021247,0.09707238,0.061104983,0.11226801,0.7846669,-0.0070696697,-0.018759929,-0.05572211,-0.04787136,0.018889055,-0.28382653,-0.12392248,0.20499103,-0.18968582,-0.009831797,0.01053915,-0.18074791,0.18043903,-0.063461855,-0.053312115,0.08077317,0.1626068,-0.13301727,-0.23007903,-0.046225935,-0.115783155,-0.091732755,0.06789449,-0.11697377,-0.15764643,-0.11311428,-0.020742103,51,1.0
-0.09464258,0.11281857,0.057358064,0.17525317,0.9502306,0.065035224,-0.10119591,-0.008437164,-0.04722621,-0.11773658,-0.29103255,-0.050081093,-0.1027109,-0.08282399,-0.011416368,-0.05184976,-0.28443214,0.0022804476,-0.1523217,-0.020419452,-0.12433454,-0.009755031,-0.3168604,-0.1798659,-0.24055439,-0.23274828,-0.09205264,-0.08542374,-0.08296062,-0.15382262,-0.09427804,-0.0023222677,51,2.0
-0.098488785,0.14098163,0.12012857,0.17575583,1.0465403,0.07799895,-0.06103755,-0.08007518,-0.13123257,-0.08634117,-0.23132217,-0.011686053,-0.03662377,-0.04720013,0.15470004,0.056507967,-0.22602688,0.07246986,-0.100700535,-0.05458317,0.004627276,0.028236587,-0.34956387,-0.21086393,-0.17768152,-0.20642893,-0.025161274,-0.06316155,-0.13890326,-0.16770136,-0.05359055,-0.11398944,51,1.0
-0.009557366,0.13900653,0.22602324,0.22316338,0.4269947,0.17827824,-0.106030054,-0.15287286,-0.084892236,-0.22906227,-0.16059297,-0.34215188,0.09191303,-0.14976752,0.04256238,-0.17990546,-0.03982578,0.03584329,-0.16288552,-0.062369056,0.113623984,0.042022333,-0.07816214,-0.18977118,-0.07908065,0.1351691,-0.13318303,-0.081929296,-0.10740627,-0.07493345,-0.115008,0.18028723,51,4.0
0.032850727,0.14596021,0.22096467,0.2033209,0.40389192,0.16592841,-0.100576095,-0.1278933,-0.09917545,-0.1577147,-0.08721061,-0.27114165,0.075073116,-0.11437662,0.028315622,-0.13749215,0.026450533,0.045170136,-0.19484979,-0.03229225,0.06919607,0.027278472,-0.08177113,-0.16876493,-0.080652684,0.164456,-0.096821174,-0.08271715,-0.08341429,-0.10678796,-0.09708834,0.12821482,51,4.0
-0.0941407,0.18246199,0.08774659,0.17356648,0.9608919,0.013152208,-0.06724331,-0.14698246,-0.07266125,-0.17089364,-0.38566515,-0.04227417,-0.047945373,-0.08388773,0.04349475,0.03705503,-0.18205701,0.020681214,-0.07319553,-0.07192312,-0.12787373,0.017142002,-0.36189306,-0.22797653,-0.1968104,-0.17798959,-0.04179966,-0.09873201,-0.10597561,-0.2544294,-0.111894414,-0.15523379,51,3.0
-0.076257445,0.15225875,0.09658827,0.18388578,1.0386245,0.067353785,-0.082288936,-0.07190185,-0.09513074,-0.11006944,-0.2502244,-0.015838757,-0.08676324,-0.0362768,0.10671915,0.028275097,-0.20299517,0.050404593,-0.11343895,-0.025560196,-0.052762825,0.0059648533,-0.36075285,-0.23439881,-0.22674742,-0.20474748,-0.07067545,-0.11080934,-0.095511064,-0.16514207,-0.058051683,-0.09883058,51,2.0
0.040888675,0.1475398,0.22597994,0.19262344,0.37787044,0.14090078,-0.08827108,-0.10021157,-0.078133844,-0.11709423,-0.06448202,-0.21610333,0.057170838,-0.1115229,-0.0013262443,-0.13081363,0.038974416,0.03510429,-0.19743326,-0.015431359,0.058994234,0.01412498,-0.0709112,-0.13027158,-0.08122781,0.17416933,-0.08290732,-0.10717179,-0.06979476,-0.12640797,-0.08446032,0.10952665,51,4.0
0.019111708,0.1376429,0.16342796,0.17472652,0.67634386,-0.04194023,-0.12413439,-0.26738304,-0.07141356,-0.2874533,-0.3944324,-0.22867665,-0.016808584,-0.20015071,0.040260192,-0.030095553,0.08885075,-0.1825932,-0.07772787,-0.17816174,-0.04964838,-0.022090144,-0.1712065,-0.07613428,-0.1740357,-0.15406875,-0.15153186,-0.18019494,-0.14084816,-0.0653722,-0.057829387,0.09026705,51,3.0
0.052841634,0.15358284,0.23118441,0.15584227,0.29964796,0.11117403,-0.06112635,-0.055706285,-0.03747753,-0.069823086,-0.036703825,-0.13020253,0.02085631,-0.098949715,-0.030076005,-0.10730012,0.057103213,0.0024227425,-0.18311454,-0.0073824357,0.057004996,-0.0024660602,-0.036620967,-0.041492473,-0.059099197,0.17727232,-0.06283367,-0.14957662,-0.052861694,-0.14143082,-0.07648182,0.07006809,51,4.0
-0.18827996,0.11522259,0.09283958,0.15324838,0.8613068,0.029913757,-0.039663866,-0.10783512,-0.063129365,0.003671147,-0.2867909,-0.1055121,0.16794631,-0.1744642,-0.019048592,0.011138758,-0.23210095,0.1811769,-0.09474011,-0.07303581,0.054338314,0.14801404,-0.1782425,-0.22153854,-0.090109944,-0.13252832,-0.064771146,0.051620096,-0.14158398,-0.18678722,-0.0984647,-0.033582814,51,1.0
-0.0842852,0.13812542,0.07513322,0.18570772,0.8467725,0.021786276,-0.10782134,-0.08436511,-0.03935504,-0.1905519,-0.31614974,-0.09602582,-0.07464898,-0.11479458,-0.06181746,-0.042510413,-0.1782476,-0.05741124,-0.12526093,-0.07596291,-0.16662821,-0.025405861,-0.30254108,-0.14478551,-0.22145158,-0.21022841,-0.097400814,-0.14142255,-0.07925176,-0.18615548,-0.082960576,-0.030760378,51,3.0
-0.15050566,0.11126712,0.114818975,0.19480643,0.8732576,0.054378215,-0.056712426,-0.13047019,-0.09402745,-0.025778852,-0.28803784,-0.076514795,0.11616617,-0.1303186,0.03435592,0.03329423,-0.22522841,0.14771557,-0.09215688,-0.095009744,0.013932906,0.10911772,-0.24424458,-0.19172168,-0.07521948,-0.14915313,-0.033158924,0.050736398,-0.1398028,-0.21249557,-0.093076244,-0.0920496,51,1.0
0.057483844,0.14753486,0.22044341,0.15874848,0.33219165,0.121764734,-0.06681177,-0.060978077,-0.05145773,-0.060902894,-0.023424417,-0.1404926,0.020261351,-0.09074125,-0.017443221,-0.102933526,0.051621336,0.0054422207,-0.19806403,-0.008824516,0.048782833,0.002432485,-0.04020054,-0.067561075,-0.06707065,0.17255235,-0.06261842,-0.13858981,-0.048419837,-0.13127384,-0.07941442,0.059003126,51,4.0
-0.119821906,0.1416229,0.07062064,0.17669007,1.0192658,0.08142999,-0.06735064,-0.057755247,-0.096169986,-0.049719058,-0.2670055,-0.056981813,-0.046740398,-0.06163144,0.07866162,0.009347191,-0.30229086,0.07115144,-0.11019651,-0.027950946,-0.053395867,0.045267712,-0.34817198,-0.21129067,-0.21850339,-0.21708858,-0.044316124,-0.046411652,-0.12040301,-0.17043206,-0.091099545,-0.058961987,51,1.0
-0.08635032,0.16577412,0.10445829,0.1937341,1.0418407,0.051754076,-0.07358192,-0.08877171,-0.09857222,-0.110217415,-0.2903028,-0.017864622,-0.073085286,-0.04734777,0.10960977,0.039431684,-0.21177316,0.058188707,-0.100552484,-0.032551512,-0.06667161,0.0187512,-0.37526682,-0.23172826,-0.20189545,-0.18290928,-0.046994675,-0.09703584,-0.107432045,-0.19484176,-0.080616154,-0.12577838,51,2.0
-0.094253376,0.16283031,0.06503009,0.14590432,0.8942151,0.018174935,-0.0710651,-0.124027096,-0.04959031,-0.17635942,-0.35679188,-0.08364001,-0.052017376,-0.09637505,-0.015880508,0.012782952,-0.19170135,-0.01091627,-0.086933434,-0.08705136,-0.1616728,0.029940154,-0.32237405,-0.18788241,-0.19830436,-0.19991742,-0.06647748,-0.11616649,-0.09257634,-0.2345667,-0.10397114,-0.111594886,51,3.0
-0.16784537,0.1263007,0.11799872,0.16604184,0.89804393,0.05413304,-0.05146592,-0.11000279,-0.08815074,-0.022509571,-0.25713938,-0.06565014,0.10436555,-0.12723593,0.037477314,0.03131997,-0.23806487,0.15994933,-0.100069255,-0.08649509,0.02346209,0.12305794,-0.23957604,-0.1853239,-0.10940944,-0.1624044,-0.035212297,0.025393754,-0.1492224,-0.1959074,-0.07673055,-0.061410517,51,1.0
-0.0892016,0.16123255,0.101203755,0.18653274,1.0499058,0.06371115,-0.07412253,-0.07941464,-0.10112601,-0.106864125,-0.2736281,-0.018473882,-0.074614,-0.044973366,0.117537215,0.03635864,-0.2163604,0.060774937,-0.10501657,-0.030015148,-0.054370202,0.018884065,-0.37008902,-0.23379064,-0.2092537,-0.19097076,-0.048531022,-0.09574845,-0.10909664,-0.17993012,-0.07425724,-0.11222185,51,1.0
-0.21441934,0.084267676,0.05981782,0.09691731,0.7540351,-0.014743542,-0.03054544,-0.029840738,-0.022133812,0.0034022555,-0.30455664,-0.13599971,0.20747307,-0.19523194,-0.019860089,-0.008611811,-0.14001502,0.1765579,-0.038766593,-0.038553357,0.076832004,0.16625057,-0.11082546,-0.23508477,-0.011789277,-0.08649948,-0.110684395,0.0696052,-0.11154791,-0.13946249,-0.12020984,-0.038154945,51,1.0
-0.14051017,0.091423765,0.046388827,0.12248046,0.9544115,0.07396318,-0.015192834,-0.03847,-0.11957587,0.02442541,-0.21762657,-0.06246089,0.0504404,-0.12529121,0.083328664,0.036493905,-0.33231547,0.07769819,-0.11519131,-0.04955811,0.047104016,0.0835929,-0.21592593,-0.20373906,-0.17479861,-0.25184608,-0.059817467,0.010274693,-0.12902403,-0.16121835,-0.07586939,0.028048608,51,2.0
-0.22091034,0.086649425,0.08034906,0.08063067,0.819973,0.014758952,-0.034350276,0.050955966,0.0038957084,0.01526814,-0.33607307,-0.11718873,0.21963434,-0.19594325,-0.04716393,-0.04806993,-0.08064954,0.186587,-0.025812872,-0.04475266,0.0650823,0.15699404,-0.1082808,-0.24435201,0.042272054,-0.059275657,-0.13174264,0.06964232,-0.087958485,-0.14773154,-0.1362088,-0.050728522,51,1.0
-0.078183785,0.15537976,0.1598562,0.20769107,1.0658987,0.04252727,-0.062068496,-0.14194313,-0.1568757,-0.12999196,-0.265639,0.046007074,-0.042234905,-0.04391312,0.19941744,0.10620041,-0.14416213,0.090916455,-0.070279405,-0.06842731,0.0056730695,0.014381984,-0.37019858,-0.22878411,-0.11192677,-0.1588112,-0.015712835,-0.055145077,-0.14569353,-0.24064296,-0.058105893,-0.20449159,51,2.0
0.042261176,0.15226045,0.24553327,0.17518632,0.31762627,0.11008097,-0.07305987,-0.07071517,-0.043397192,-0.07142403,-0.061733525,-0.15210304,0.03315987,-0.11421366,-0.03790845,-0.11924462,0.042309497,0.007519018,-0.19187173,0.0055646636,0.060357355,0.00352816,-0.048678108,-0.05743632,-0.06609329,0.18361041,-0.06575836,-0.14492303,-0.0635345,-0.1435137,-0.08457108,0.093673244,51,4.0
-0.085197836,0.14027353,0.07686444,0.1719613,0.9990683,0.07571025,-0.09932204,-0.04372569,-0.072170146,-0.11459194,-0.25090027,-0.039694555,-0.09920959,-0.049921375,0.056007195,-0.011272518,-0.23115446,0.030038796,-0.13259351,-0.019167919,-0.08655189,0.0029964428,-0.33510745,-0.21694723,-0.23960549,-0.21756844,-0.09364633,-0.11103998,-0.08284075,-0.14831078,-0.05871646,-0.052655894,51,1.0
-0.17942047,0.09798348,0.057611734,0.121100016,0.8322035,0.010150354,-0.0008729119,-0.08239863,-0.099651225,0.019415662,-0.22330494,-0.10118713,0.14183344,-0.16254327,0.07015447,0.04281912,-0.26793292,0.12806088,-0.08786641,-0.06078285,0.10216079,0.13419631,-0.16286653,-0.22263041,-0.10764386,-0.17758025,-0.067675844,0.039725766,-0.13316172,-0.16510923,-0.08983286,0.005156234,51,1.0
0.02857814,0.14811602,0.2321714,0.20112902,0.38132483,0.15458849,-0.09510422,-0.11821254,-0.08447935,-0.15336601,-0.09794812,-0.25224704,0.06934342,-0.124221414,0.015438888,-0.14784844,0.024810517,0.035543215,-0.18195897,-0.022236077,0.07860272,0.020398237,-0.077625446,-0.14134867,-0.07477213,0.17078581,-0.10101241,-0.10037445,-0.08166018,-0.11865559,-0.08869697,0.13435906,51,4.0
-0.02098953,0.15485588,0.17560042,0.15408608,0.36928308,0.13284434,-0.08025892,-0.085603036,-0.027146064,-0.24084988,-0.15606207,-0.29203656,0.06182453,-0.14791402,0.01653272,-0.21696068,-0.02690184,-0.026954971,-0.092486456,-0.08998807,0.15871942,0.025373857,-0.05600638,-0.17193934,-0.040520396,0.08315429,-0.12024386,-0.094978094,-0.10419226,-0.06564146,-0.09161179,0.15092734,51,4.0
-0.054112464,0.14314026,0.12017605,0.17382824,0.72870356,-0.035368636,-0.104824506,-0.16347367,-0.09760243,-0.25972226,-0.3008877,-0.13688488,-0.046518855,-0.15464856,-0.009667471,-0.035914898,0.037620187,-0.15676194,-0.047666416,-0.15059021,-0.09614671,-0.047993854,-0.21392578,-0.074175954,-0.18938091,-0.1645056,-0.10005033,-0.18949835,-0.101760715,-0.1497874,-0.02098681,-0.014587526,51,3.0
-0.25515708,0.059758626,-0.11245178,-0.17957054,0.40367013,-0.10798541,0.12256116,0.29689193,-0.06612541,0.03941641,-0.08938356,-0.023470744,0.22152793,-0.050006583,0.13722254,-0.0011661407,-0.10047934,0.04458134,-0.034236345,-0.028175738,0.06805453,0.14334033,0.104208946,-0.1362583,0.09126005,-0.09302242,-0.1612351,0.1928019,-0.044288915,-0.13410543,-0.11234069,0.027794491,51,2.0
-0.18470243,0.1214068,0.08851479,0.15732843,0.85409546,0.041303422,-0.048407793,-0.09987187,-0.061867196,0.0037567616,-0.3006826,-0.105546355,0.16007371,-0.16194798,-0.020336766,0.022570418,-0.24137637,0.17443165,-0.09398298,-0.089811295,0.026135877,0.1407233,-0.20065722,-0.2097128,-0.089751184,-0.15820977,-0.040106934,0.050528854,-0.13981545,-0.19520485,-0.09165949,-0.036944587,51,1.0
-0.013375275,0.1354175,0.24665128,0.25214183,0.4538354,0.18440798,-0.11193366,-0.18135187,-0.09929774,-0.2463711,-0.15829405,-0.36683494,0.11573461,-0.15245277,0.03757409,-0.16684216,-0.04241924,0.067023896,-0.18498656,-0.05580709,0.10025715,0.06388127,-0.081313916,-0.21408534,-0.095668286,0.15431702,-0.1302436,-0.07282016,-0.11454772,-0.07790074,-0.13170815,0.19665523,51,4.0
-0.025444712,0.14883104,0.1426321,0.19090389,0.6711248,0.016770896,-0.1124967,-0.36955816,-0.06451653,-0.3198862,-0.48238862,-0.27442673,0.07202178,-0.17891599,-0.03645428,-0.053764522,0.06582989,-0.2318151,-0.042481914,-0.21249548,-0.09617186,-0.009372293,-0.16186601,-0.096975416,-0.17146441,-0.12887926,-0.112406984,-0.18645316,-0.13792786,-0.09317999,-0.07315157,-0.013115966,51,3.0
-0.10453312,0.1122889,0.12465663,0.2688436,0.92533875,0.0010705106,-0.08711304,-0.18754613,-0.08344598,-0.16382213,-0.37642568,-0.015997954,0.05800964,-0.10179062,0.094746366,0.031631403,-0.12737972,0.18657234,-0.02891279,-0.08562895,-0.042825237,0.02121831,-0.27014303,-0.28383768,-0.007985286,-0.072695374,-0.025902595,0.11473341,-0.09513933,-0.35258985,-0.120938,-0.210207,51,1.0
-0.09863724,0.18476462,0.078322835,0.1578432,0.9467917,0.012889549,-0.075962014,-0.15865815,-0.067251384,-0.17273578,-0.37755248,-0.05813183,-0.047528632,-0.086412676,0.02669758,0.041522495,-0.17595829,0.019058768,-0.08216824,-0.07299329,-0.13558522,0.029278658,-0.3508056,-0.22143093,-0.20972738,-0.1754806,-0.046305235,-0.114786364,-0.10468984,-0.24718599,-0.10868065,-0.14520645,51,2.0
0.043270916,0.14732791,0.20904611,0.19295117,0.4051794,0.1666368,-0.09758951,-0.12438733,-0.103804365,-0.14995241,-0.06747389,-0.26278877,0.072529644,-0.10334104,0.031617768,-0.12505026,0.03892066,0.048084904,-0.19944361,-0.04005673,0.063091874,0.025959607,-0.07962408,-0.17704958,-0.08016544,0.15926471,-0.08848359,-0.07498051,-0.07790583,-0.102369405,-0.09598479,0.11444591,51,4.0
-0.18123718,0.12528446,0.112802655,0.15764283,0.87334687,0.055508766,-0.059717063,-0.10240514,-0.03137895,-0.0038943812,-0.32843414,-0.07577696,0.18087925,-0.17307675,-0.07522706,-0.010787062,-0.15512836,0.20299745,-0.08227844,-0.0924159,0.03615529,0.13959439,-0.16146174,-0.21531418,-0.031054037,-0.08576627,-0.06919673,0.081216335,-0.12031269,-0.21946108,-0.10068689,-0.06598909,51,1.0
-0.0052056685,0.12241807,0.16036753,0.16851471,0.66739696,-0.059131764,-0.12335259,-0.2298075,-0.0775851,-0.27200755,-0.34564283,-0.18947047,-0.027855787,-0.18896617,0.029502902,-0.029641852,0.084867395,-0.16879416,-0.063572705,-0.17243691,-0.058736578,-0.03022169,-0.16946864,-0.055870835,-0.17334181,-0.13070504,-0.114653364,-0.17617643,-0.12206037,-0.085518725,-0.029104933,0.06020898,51,3.0
-0.11508767,0.14508334,0.08345642,0.17668636,1.029474,0.078464806,-0.067931905,-0.05676186,-0.10297632,-0.06046622,-0.26086417,-0.046549506,-0.048508637,-0.053771332,0.09800778,0.018701548,-0.28223082,0.06996837,-0.108044505,-0.030222157,-0.046019346,0.042887535,-0.3511604,-0.21156241,-0.20807162,-0.20864281,-0.040213037,-0.0567002,-0.12262416,-0.16840896,-0.07994281,-0.07585503,51,1.0
0.039538898,0.14759266,0.23750348,0.1944066,0.37259927,0.13134041,-0.087311625,-0.098940276,-0.07270612,-0.100662544,-0.06418384,-0.19881248,0.053340707,-0.11627437,-0.018556846,-0.12794676,0.036421835,0.03158804,-0.20440099,-0.0019838773,0.05349469,0.014972115,-0.06895015,-0.11827044,-0.08327901,0.1840291,-0.07509896,-0.117562294,-0.07194984,-0.13326678,-0.08840132,0.10779908,51,4.0
-0.07097456,0.15832682,0.10776661,0.18093204,0.84241956,0.016362641,-0.06224155,-0.1855894,-0.047430526,-0.21427183,-0.4135974,-0.0918753,-0.0038932227,-0.10624537,-0.038102746,0.002861485,-0.12900572,-0.066975534,-0.07042734,-0.12064335,-0.16414616,-0.018618222,-0.31797704,-0.17702918,-0.19205645,-0.19097033,-0.051359233,-0.1352477,-0.09615933,-0.21957158,-0.084517464,-0.12809943,51,3.0
-0.14237466,0.11156624,0.10062641,0.16625725,0.99684423,0.08218297,-0.04920198,-0.07838925,-0.11519052,-0.031360224,-0.24046895,-0.061523523,0.028314125,-0.10304035,0.087488085,0.014894435,-0.31180474,0.09391853,-0.116212234,-0.051598392,0.022654846,0.07907758,-0.28266102,-0.20526385,-0.1823425,-0.2179947,-0.040785287,-0.018143084,-0.14941862,-0.16269127,-0.07775619,-0.03293284,51,2.0
0.036867894,0.14826737,0.22418123,0.19818474,0.39051095,0.15404552,-0.09473033,-0.11448733,-0.088088915,-0.14348969,-0.07960299,-0.24719663,0.06682643,-0.114323854,0.01637327,-0.13701425,0.0341584,0.040324286,-0.19074723,-0.02728977,0.068963185,0.019839829,-0.07776878,-0.14934275,-0.0793681,0.16872138,-0.09284969,-0.09520881,-0.07705954,-0.118268065,-0.08692674,0.12269455,51,4.0
-0.09114618,0.16578588,0.06875107,0.17297204,0.9551037,0.03721075,-0.078859426,-0.10279859,-0.06074218,-0.13938123,-0.3135937,-0.06636072,-0.07397895,-0.077377915,0.020516716,0.0075071193,-0.20883211,0.022085689,-0.0993202,-0.053155787,-0.12254484,0.015929587,-0.35361695,-0.21161936,-0.22335479,-0.20170107,-0.07794143,-0.11987369,-0.09236698,-0.207994,-0.10102181,-0.09233081,51,3.0
-0.03500664,0.13353133,0.08519421,0.14002481,0.47508466,0.16491951,-0.08244541,-0.06275235,-0.047175523,-0.2523825,-0.12739398,-0.37609792,0.05870811,-0.07699922,0.08304156,-0.16380212,-0.052146256,-0.014254823,-0.105083615,-0.16534375,0.14378557,0.011532714,-0.08620418,-0.21816969,-0.062697746,-0.009385668,-0.14497213,-0.066707134,-0.09225864,-0.042865343,-0.04240954,0.114333466,51,4.0
-0.09911834,0.12908356,0.060975082,0.17051382,1.002904,0.07787588,-0.094739914,-0.027085818,-0.06602787,-0.10256801,-0.27260983,-0.049552463,-0.098127574,-0.0661854,0.029660102,-0.03047565,-0.279971,0.024520628,-0.13777134,-0.012106955,-0.098346755,0.006714179,-0.33052114,-0.20374241,-0.23776165,-0.22704518,-0.087469965,-0.08673274,-0.09195193,-0.15390757,-0.085523725,-0.024721254,51,3.0
-0.1325767,0.13171838,0.13084944,0.17639862,0.98446345,0.070803925,-0.05203534,-0.094468035,-0.12357059,-0.05974093,-0.23960008,-0.03135857,0.025534565,-0.08231607,0.11725815,0.05329352,-0.24261396,0.10107952,-0.095366776,-0.08033529,0.009406779,0.06961934,-0.31079292,-0.18796666,-0.13429615,-0.19688319,-0.016586658,-0.024459235,-0.15475732,-0.18925196,-0.06352546,-0.10015002,51,2.0
-0.110525504,0.047437202,-0.03510978,0.033171616,0.7803776,0.038886797,-0.03656258,0.11539421,-0.03985567,-0.05619494,-0.16670954,-0.01492941,-0.09616906,-0.08491165,0.031211574,-0.017144598,-0.31143877,0.02455158,-0.1013247,-0.0013899952,-0.048008613,0.006911711,-0.16098279,-0.14173907,-0.2110906,-0.2747499,-0.100162774,-0.013844617,-0.0965562,-0.15477867,-0.0843696,0.06408587,51,2.0
-0.05923134,0.14489344,0.12603821,0.16600299,0.704475,0.025094803,-0.08485282,-0.37035587,-0.041255184,-0.31341618,-0.53860736,-0.23113568,0.11151988,-0.13884977,-0.09350236,-0.024256302,-0.012142165,-0.18940017,-0.034159686,-0.20256004,-0.16304547,-0.020169403,-0.20733425,-0.13482961,-0.17938507,-0.14041471,-0.05464535,-0.16247779,-0.118999645,-0.15303488,-0.0807733,-0.108907476,51,3.0
-0.006316878,0.13743666,0.22288339,0.231596,0.4450569,0.18853281,-0.109809816,-0.16898996,-0.10093449,-0.25397775,-0.15473458,-0.36428142,0.10877616,-0.14129893,0.05214634,-0.1712839,-0.02873491,0.056197014,-0.17494503,-0.07177595,0.11246953,0.060494654,-0.0782456,-0.2193932,-0.08630957,0.1335906,-0.1309498,-0.062510796,-0.10942822,-0.065943,-0.12406032,0.18854609,51,4.0
-0.010974444,0.13838139,0.13987191,0.2052129,0.73749727,-0.013484716,-0.116158046,-0.20102075,-0.076933965,-0.27073446,-0.3674386,-0.18344279,-0.024969772,-0.179543,-0.0010217726,-0.04384757,0.03317464,-0.17115891,-0.07591344,-0.15807529,-0.107384495,-0.053194873,-0.22265574,-0.087796465,-0.18867883,-0.18544161,-0.11936645,-0.1863432,-0.10711843,-0.11297616,-0.049014106,0.01998159,51,2.0
-0.01215288,0.13788576,0.13942966,0.20651546,0.73704576,0.008079369,-0.10722501,-0.2002534,-0.05885008,-0.26672453,-0.4023222,-0.1808047,-0.006808266,-0.16511549,-0.019885717,-0.04223925,-0.006347682,-0.16091475,-0.08935008,-0.14985459,-0.1264326,-0.047686473,-0.23787054,-0.10766272,-0.19616061,-0.1991558,-0.11513397,-0.18105006,-0.09561554,-0.1116297,-0.06153988,-0.0041798707,51,3.0
-0.10020656,0.13512038,0.07285771,0.1716734,1.0494246,0.07688998,-0.080535255,-0.044708945,-0.094039574,-0.08032908,-0.25338376,-0.035964917,-0.08424001,-0.0504437,0.083357826,0.00084327906,-0.27118102,0.04620206,-0.11796354,-0.009957299,-0.054921445,0.018795293,-0.34986347,-0.22081289,-0.23640877,-0.22549778,-0.070057705,-0.08483171,-0.10993083,-0.16269198,-0.081117764,-0.060112763,51,3.0
-0.12025873,0.15009199,0.0251692,0.15451631,0.97565866,0.06947392,-0.07813968,-0.049364768,-0.062288933,-0.06973928,-0.25777078,-0.08439388,-0.08770903,-0.068242714,0.038211785,-0.012506427,-0.2963947,0.064163595,-0.10870407,-0.022218078,-0.094682276,0.04237941,-0.33580232,-0.21375185,-0.23821694,-0.22581491,-0.08598459,-0.053613834,-0.09733334,-0.17714474,-0.11141385,-0.03073103,51,2.0
-0.13256183,0.13808492,0.10400216,0.19178563,0.98882264,0.06961125,-0.05696816,-0.085961945,-0.107931025,-0.047143966,-0.28270686,-0.05320447,0.008995773,-0.08098666,0.09597623,0.038746186,-0.28501117,0.09528305,-0.09542798,-0.06205228,-0.034115516,0.06593789,-0.33733362,-0.20219156,-0.16085826,-0.20115848,-0.015250139,-0.024152204,-0.14437431,-0.19936046,-0.08903924,-0.09436637,51,1.0
-0.1909011,0.11509782,0.084348515,0.14759094,0.84125173,0.02667832,-0.043720588,-0.10192085,-0.051240947,0.011003606,-0.30183053,-0.109768234,0.18086588,-0.17815581,-0.03419942,0.017311418,-0.20732751,0.1878978,-0.086618826,-0.08105166,0.04823769,0.15036353,-0.17375347,-0.21683134,-0.06863498,-0.12925075,-0.05668122,0.06297858,-0.13568771,-0.19010797,-0.101940066,-0.038952254,51,1.0
-0.09548893,0.13798359,0.077948116,0.16834483,1.0318757,0.08331375,-0.0914253,-0.036507174,-0.0837013,-0.09906479,-0.2530004,-0.035676613,-0.09308175,-0.048376758,0.07459548,-0.008748805,-0.2548434,0.039144464,-0.13259128,-0.01050731,-0.07296834,0.016508104,-0.3372729,-0.22046578,-0.23671862,-0.21756853,-0.07744682,-0.09574178,-0.09587999,-0.14536001,-0.06683124,-0.04954842,51,1.0
-0.06880541,0.14555061,0.1050189,0.16928926,0.76392627,0.00014133006,-0.070938654,-0.259839,-0.038693253,-0.25926667,-0.4747001,-0.16203813,0.047747366,-0.123188645,-0.10418853,-0.007267191,-0.09124126,-0.13185474,-0.048021935,-0.15311266,-0.17930055,-0.03446381,-0.26307976,-0.14426285,-0.17416346,-0.16303322,-0.038773056,-0.13854316,-0.10994738,-0.20844036,-0.077174515,-0.14296862,51,2.0
-0.186982,0.12200323,0.1015266,0.14833531,0.87370545,0.055132914,-0.059176773,-0.077602096,-0.011232059,0.0055911914,-0.35426578,-0.08927532,0.19484045,-0.18142322,-0.08676441,-0.016326081,-0.13374658,0.20229965,-0.06868432,-0.08900888,0.043841638,0.13834433,-0.14399824,-0.22660226,-0.015506834,-0.07907173,-0.07300271,0.08343528,-0.11509927,-0.20862009,-0.10942468,-0.07051192,51,1.0
-0.17980105,0.10929543,0.0959816,0.15552396,0.89064515,0.03722914,-0.034660466,-0.11142924,-0.08884996,-0.0010353327,-0.25551993,-0.095574126,0.13945752,-0.15989749,0.020796701,0.019005073,-0.26172405,0.16206804,-0.106137544,-0.06792575,0.061034195,0.14057384,-0.19767118,-0.21349964,-0.11610798,-0.15697302,-0.06296487,0.035842203,-0.14717008,-0.17693113,-0.09080365,-0.025434714,51,1.0
-0.10904061,0.14181577,0.08739364,0.17974614,1.0330933,0.07792175,-0.06377723,-0.0675236,-0.11040645,-0.064871535,-0.2557512,-0.044930886,-0.042470507,-0.05653484,0.111474976,0.025088007,-0.2751982,0.06820342,-0.10309903,-0.037252203,-0.030441066,0.034658846,-0.3577773,-0.2167473,-0.20417684,-0.2137696,-0.03953659,-0.05422391,-0.12784326,-0.17111337,-0.079151295,-0.086688444,51,1.0
-0.086042345,0.1647896,0.07865363,0.18150873,0.97423285,0.04613447,-0.07835627,-0.0967473,-0.06377623,-0.13435479,-0.30281323,-0.050846413,-0.07585425,-0.07055415,0.03812611,0.009278217,-0.20540737,0.030300792,-0.10685596,-0.04663703,-0.11229482,0.0121236015,-0.35837796,-0.21959355,-0.22443575,-0.20055455,-0.07566808,-0.11502501,-0.08995581,-0.19619977,-0.09181625,-0.0908622,51,3.0
-0.06106747,0.1520011,0.12164092,0.18135838,0.75348365,0.020213548,-0.07727021,-0.25956866,-0.054710343,-0.26096833,-0.43759865,-0.16935742,0.039155185,-0.13811116,-0.066899925,-0.016665744,-0.046061415,-0.1463368,-0.05607643,-0.16386688,-0.15743116,-0.021364957,-0.25446293,-0.131593,-0.19211778,-0.17964776,-0.07181767,-0.1762361,-0.104637615,-0.16799603,-0.06459626,-0.095392734,51,3.0
0.03504336,0.14616255,0.21107805,0.18250257,0.37590533,0.16073173,-0.0874082,-0.1075005,-0.088816695,-0.15972887,-0.087857045,-0.2503603,0.06774037,-0.11144337,0.02970739,-0.14468846,0.03305879,0.031201608,-0.17098573,-0.039125524,0.09043131,0.017906927,-0.0697911,-0.14324035,-0.06870584,0.15155622,-0.097785205,-0.09281277,-0.07422644,-0.10759325,-0.07717978,0.12572931,51,4.0
-0.08086685,0.10401515,0.013615327,0.11979271,0.6075077,0.13190463,-0.08388889,-0.066811055,-0.0049456754,-0.3012372,-0.14892215,-0.40229636,0.057028864,-0.10373816,0.075306684,-0.15906122,-0.12615702,-0.004294358,-0.0965034,-0.18387975,0.07681555,0.057205155,-0.13412979,-0.2918936,-0.096909136,-0.13864379,-0.19257244,-0.049290378,-0.099285185,-0.02064763,-0.077097654,0.13465829,51,4.0
-0.07971069,0.10502292,0.06954414,0.17435993,0.8027409,0.0055700094,-0.117183,-0.01742015,-0.030140186,-0.20280078,-0.30278295,-0.085513726,-0.0978042,-0.13128926,-0.05734191,-0.07287339,-0.18521056,-0.06987395,-0.12731953,-0.079495534,-0.15457043,-0.05568958,-0.27957007,-0.12102385,-0.21491298,-0.22167791,-0.10285738,-0.122779414,-0.079839125,-0.16188619,-0.08749311,0.01828096,51,3.0
-0.1113805,0.14354649,0.115346655,0.18270612,1.03264,0.07167268,-0.060299374,-0.07870696,-0.121222526,-0.07504552,-0.25261587,-0.023906104,-0.028549328,-0.05664149,0.13352068,0.049523234,-0.24670066,0.07781655,-0.09636262,-0.053783484,-0.015939126,0.040993605,-0.3503364,-0.20777027,-0.17331205,-0.20231846,-0.020183396,-0.05751321,-0.14097236,-0.18131083,-0.06682835,-0.11146195,51,1.0
-0.17147963,0.11035758,0.09448727,0.16329408,0.89433575,0.04344633,-0.038116217,-0.11112479,-0.09632354,-0.003582649,-0.25406635,-0.09351869,0.1193646,-0.1413802,0.043255355,0.03407535,-0.27355805,0.14557502,-0.10490112,-0.07597637,0.04477998,0.12404747,-0.22813454,-0.20559056,-0.12779018,-0.17785726,-0.041116904,0.02615641,-0.15201023,-0.18201816,-0.084762275,-0.039055903,51,1.0
0.04486569,0.14736314,0.20049028,0.18819201,0.413464,0.17137216,-0.095041275,-0.13029316,-0.11498015,-0.1512403,-0.062041532,-0.27138627,0.07533449,-0.09721805,0.03890202,-0.11589107,0.037291467,0.0520207,-0.20418301,-0.04865631,0.06090925,0.02996064,-0.07877653,-0.19384326,-0.079218924,0.14860736,-0.08089921,-0.06408581,-0.07932577,-0.089283325,-0.101985335,0.1120428,51,4.0
-0.08164093,0.16171013,0.09264784,0.18860438,1.0182265,0.05869619,-0.0791691,-0.08740807,-0.08129705,-0.12079522,-0.28261077,-0.02649568,-0.07969159,-0.05209934,0.0806555,0.024346096,-0.20119159,0.04765141,-0.11175795,-0.03466024,-0.0789422,0.008746554,-0.36672756,-0.23279992,-0.2270489,-0.19629112,-0.06577465,-0.111825,-0.093110755,-0.17970233,-0.07679407,-0.09928393,51,2.0
-0.09223158,0.1485479,0.063867986,0.17517132,0.9596618,0.04970892,-0.09919101,-0.063737676,-0.057901222,-0.12467368,-0.27772504,-0.061785154,-0.094645664,-0.0686982,0.012115736,-0.013481725,-0.23143256,0.018843822,-0.12488977,-0.028991247,-0.12059477,0.006464163,-0.3383346,-0.20029528,-0.236458,-0.2088122,-0.09537025,-0.11659245,-0.08156776,-0.1796813,-0.083683535,-0.056571007,51,1.0
-0.0853141,0.17768821,0.10180889,0.16583747,0.8610314,0.013090335,-0.065589145,-0.22608328,-0.057622273,-0.22932091,-0.44431445,-0.08114839,0.01042035,-0.098747656,-0.020496428,0.030696621,-0.113185875,-0.047239244,-0.06008765,-0.12010282,-0.16224575,-0.002126364,-0.3210988,-0.20568566,-0.1948053,-0.173991,-0.03862076,-0.13168459,-0.10896904,-0.24175896,-0.086804435,-0.15929885,51,2.0
-0.1920616,0.11733922,0.0885284,0.14930718,0.8424041,0.033489842,-0.050237678,-0.08991525,-0.02962823,0.010220572,-0.32628444,-0.10573041,0.19152819,-0.18200664,-0.06256212,0.00035348162,-0.17831102,0.19585332,-0.07900902,-0.08290071,0.048564374,0.14685658,-0.15367979,-0.22583267,-0.050138943,-0.10934068,-0.06693384,0.070776075,-0.127065,-0.19357724,-0.103873655,-0.05350973,51,1.0
-0.018845297,0.12757827,0.1999529,0.22488171,0.46366233,0.19563445,-0.11187848,-0.16773197,-0.09356813,-0.25695413,-0.1673873,-0.38754815,0.10549492,-0.14360143,0.063445985,-0.17808764,-0.058213823,0.04420446,-0.17245334,-0.090355396,0.11320069,0.061261825,-0.07947802,-0.23110676,-0.089825094,0.106538475,-0.14023578,-0.05669972,-0.115022555,-0.04339142,-0.13322917,0.18782377,51,4.0
-0.07897301,0.1603603,0.11082804,0.19329429,1.0655329,0.06027958,-0.0680424,-0.09022481,-0.11105208,-0.1134692,-0.27290228,-0.00022534281,-0.07294268,-0.03802892,0.14007233,0.051909737,-0.19533011,0.06428019,-0.101073556,-0.033137485,-0.03940219,0.010267322,-0.38245025,-0.24346572,-0.20538521,-0.18962568,-0.043877658,-0.098557204,-0.11216234,-0.18587753,-0.070343606,-0.13106701,51,2.0
-0.15793994,0.13098462,0.11473422,0.1719675,0.93088853,0.0601282,-0.050974853,-0.10307629,-0.09874083,-0.03532574,-0.25838685,-0.06120497,0.06410572,-0.10615042,0.07309508,0.03739275,-0.26333308,0.13532041,-0.08903838,-0.07392291,0.010826036,0.097548135,-0.27647898,-0.19010952,-0.14144343,-0.18422097,-0.019573353,-0.004129447,-0.16115272,-0.197151,-0.0731242,-0.07719065,51,1.0
-0.0007477179,0.1655728,0.14954007,0.19600141,0.6930262,-0.009214856,-0.1119482,-0.33504617,-0.079002686,-0.31583405,-0.4378564,-0.25275087,0.022825914,-0.19582781,0.0027699154,-0.042720877,0.089251384,-0.21863607,-0.056108925,-0.19761537,-0.06406544,-0.010892301,-0.17084318,-0.09896155,-0.18072453,-0.15138899,-0.144887,-0.19532944,-0.15332448,-0.09774134,-0.07200351,0.030994803,51,3.0
-0.13257599,0.13708074,0.15882221,0.17779021,0.95291233,0.06423174,-0.058145113,-0.13292491,-0.12630169,-0.072103485,-0.22261548,-0.005756028,0.043835286,-0.09235367,0.10967308,0.060492583,-0.17608726,0.13233542,-0.08555737,-0.0980601,0.02877912,0.08230947,-0.2766664,-0.16622445,-0.08019512,-0.15332271,-0.028633382,0.0027450398,-0.15426007,-0.21442413,-0.060758583,-0.12911904,51,2.0
0.045625247,0.14705232,0.21399143,0.19380803,0.40739235,0.15825789,-0.095281884,-0.12158186,-0.10295336,-0.134805,-0.057462193,-0.24799925,0.06929879,-0.10271117,0.01874451,-0.11929623,0.04049899,0.050422538,-0.20922345,-0.03072083,0.05218237,0.026372153,-0.078732796,-0.17466763,-0.08548625,0.16616748,-0.07995701,-0.07924013,-0.07691106,-0.107351765,-0.096603766,0.10824761,51,4.0
-0.12313943,0.13196723,-0.010527285,0.12116004,0.8842429,0.049876463,-0.09099927,-0.017944679,-0.027602324,-0.13175374,-0.21327288,-0.1426931,-0.105436265,-0.074638635,0.022278849,-0.041209497,-0.26660535,0.04141839,-0.1057727,-0.033725016,-0.11626565,0.056071453,-0.28163624,-0.20916894,-0.20105278,-0.23441255,-0.15447621,-0.07584255,-0.07063449,-0.1630598,-0.0975087,0.01701586,51,3.0
-0.13173291,0.12470753,0.082329504,0.17440255,0.99567527,0.0815988,-0.05680222,-0.06916315,-0.10644696,-0.036853343,-0.25702387,-0.06506104,-0.001568919,-0.07870755,0.08430585,0.020745592,-0.30981514,0.07747428,-0.107160985,-0.049953487,-0.023581613,0.056836244,-0.32477385,-0.20533705,-0.19721839,-0.22742091,-0.032189477,-0.028073099,-0.13806431,-0.16808355,-0.07743916,-0.05211389,51,2.0
0.03937251,0.14982907,0.24804915,0.19448972,0.36035678,0.120458364,-0.08449,-0.0921604,-0.061365936,-0.088443324,-0.06755228,-0.18104553,0.047295094,-0.1201652,-0.031945303,-0.12823258,0.0366246,0.025548985,-0.20269197,0.0055754334,0.055062935,0.010026991,-0.06472791,-0.095865235,-0.08212377,0.1899866,-0.071327224,-0.1300319,-0.070144504,-0.1425148,-0.08618972,0.10841274,51,4.0
-0.07253953,0.16676556,0.10648778,0.18747477,0.8766802,0.017615058,-0.06940253,-0.17591065,-0.05207655,-0.20034634,-0.39618066,-0.073698595,-0.018927328,-0.096037984,-0.02098435,0.012066735,-0.14063409,-0.038366474,-0.08318109,-0.09672849,-0.15664071,-0.0069338297,-0.33271706,-0.19219826,-0.20280004,-0.18695675,-0.054955017,-0.13557242,-0.09471776,-0.2235954,-0.08569853,-0.12762815,51,3.0
-0.13697949,0.12421521,0.10105568,0.17598525,0.9857193,0.07623999,-0.05214756,-0.08306482,-0.11360291,-0.039435595,-0.2555322,-0.0604528,0.02414313,-0.088827275,0.092848256,0.035467483,-0.29336017,0.09052776,-0.10479802,-0.066442,-0.0070779845,0.068198085,-0.31610155,-0.20076005,-0.17015204,-0.21800512,-0.021592144,-0.020874891,-0.14814454,-0.17672896,-0.075369544,-0.06522625,51,1.0
-0.10685632,0.15465994,0.051439956,0.16662903,1.0272765,0.06887522,-0.08438711,-0.051872954,-0.07877182,-0.08216283,-0.2658661,-0.06303201,-0.09088895,-0.055670705,0.06311828,-0.0030899532,-0.2732818,0.055901565,-0.11421926,-0.012385566,-0.08220479,0.029369134,-0.3567266,-0.22335711,-0.23625895,-0.21088631,-0.078193456,-0.082820125,-0.10118626,-0.17291498,-0.10017043,-0.057770874,51,2.0
-0.10775336,0.14044988,0.11309135,0.21388176,0.9935889,0.05769239,-0.057602905,-0.11499547,-0.11783105,-0.074794225,-0.29473078,-0.036802616,-0.005544875,-0.08169319,0.11884177,0.044973344,-0.2522768,0.088091254,-0.08473204,-0.06724984,-0.03111268,0.044359017,-0.3566779,-0.2172396,-0.14111394,-0.18562177,-0.023622371,-0.01882774,-0.13630167,-0.22697735,-0.10071166,-0.1420056,51,2.0
0.00783664,0.18075803,0.15935828,0.18108387,0.6622561,-0.012556605,-0.13247907,-0.3961865,-0.06966381,-0.33150268,-0.44808015,-0.29088324,0.03555208,-0.21509416,0.031386293,-0.03447392,0.14400107,-0.22688162,-0.045257192,-0.21790913,-0.016984852,0.027364574,-0.14493272,-0.103650495,-0.15711373,-0.10552284,-0.16976184,-0.20000982,-0.19242164,-0.07311239,-0.07988373,0.08774905,51,3.0
-0.12646802,0.122633584,0.15332599,0.19773856,0.9164223,0.057979424,-0.06563714,-0.15724337,-0.11943285,-0.06899379,-0.25228447,-0.01762424,0.06603876,-0.10264218,0.08655897,0.052270412,-0.16730936,0.14793324,-0.07937431,-0.09884225,0.02143687,0.08468462,-0.2638462,-0.17284785,-0.059327193,-0.12992686,-0.03361762,0.037135422,-0.14311936,-0.23350453,-0.07780599,-0.1410422,51,1.0
-0.112854116,0.13783117,0.14888342,0.22162117,0.97291696,0.045974705,-0.062530145,-0.13737068,-0.12277095,-0.089361444,-0.29393396,-0.010730304,0.01961194,-0.08090238,0.13297828,0.06303644,-0.19687189,0.12555194,-0.061872203,-0.080092624,-0.011768457,0.05626403,-0.32763773,-0.20778164,-0.0839961,-0.14637655,-0.015416622,0.00020588934,-0.14730152,-0.25908956,-0.08718498,-0.17667875,51,1.0
-0.08723167,0.1388806,0.08395589,0.17429051,1.0192521,0.07682386,-0.09290628,-0.044766545,-0.08226488,-0.10396613,-0.2513691,-0.031025846,-0.0939258,-0.04799881,0.07004927,-0.001691103,-0.2407238,0.035019077,-0.12820034,-0.018269213,-0.072685376,0.008366809,-0.3359867,-0.21566913,-0.23312816,-0.21844989,-0.08156878,-0.10184565,-0.09150349,-0.15097268,-0.0614456,-0.058946814,51,1.0
0.03475588,0.14732075,0.21689738,0.18324779,0.3682973,0.15474664,-0.08681734,-0.1022725,-0.08113794,-0.14954306,-0.08769654,-0.23952559,0.0625847,-0.11423735,0.022275608,-0.14592363,0.033248983,0.026917685,-0.17130518,-0.031610426,0.086062215,0.013968821,-0.06974625,-0.1305893,-0.06746708,0.15845935,-0.099278346,-0.1020613,-0.07304117,-0.114977986,-0.075896636,0.12297438,51,4.0
-0.09299425,0.13523851,0.09273629,0.16606528,1.0697888,0.09005809,-0.07302289,-0.040067196,-0.11377819,-0.08434282,-0.22477812,-0.021679074,-0.07552059,-0.03432689,0.1271389,0.020116901,-0.24821518,0.047460046,-0.11620013,-0.021938294,-0.02047491,0.018242825,-0.34654862,-0.22508398,-0.21610653,-0.22558756,-0.058626976,-0.08893578,-0.11703318,-0.1426817,-0.052952513,-0.07459536,51,1.0
0.04949913,0.15029296,0.19320543,0.18067211,0.40989834,0.16839598,-0.08974332,-0.124245055,-0.1133882,-0.15035851,-0.05345072,-0.2633782,0.07346398,-0.09224911,0.03790925,-0.111874945,0.04682644,0.053404026,-0.19979663,-0.05598696,0.06261949,0.025371742,-0.0757289,-0.1940549,-0.077641435,0.14352667,-0.07781343,-0.063524544,-0.074015625,-0.09009461,-0.09584455,0.1077677,51,4.0
0.057256542,0.14801371,0.20907919,0.17742863,0.3808844,0.1385701,-0.08311598,-0.086537905,-0.07602955,-0.09053855,-0.02608186,-0.19012001,0.043588318,-0.093885854,-0.0030317865,-0.111112356,0.05383364,0.0318713,-0.2093071,-0.024329398,0.042165212,0.008884444,-0.064340815,-0.13274404,-0.08291496,0.1711167,-0.07112707,-0.10737876,-0.05816447,-0.12206883,-0.085134804,0.077148125,51,4.0
0.032167576,0.14663595,0.24478416,0.20572326,0.386244,0.13410017,-0.09180148,-0.10882536,-0.07709363,-0.10702968,-0.078123964,-0.21593386,0.058758944,-0.12259132,-0.016503884,-0.13338017,0.024944795,0.034944844,-0.20595175,0.0010397248,0.055658348,0.018863633,-0.073673494,-0.12466794,-0.08680366,0.18517809,-0.07925439,-0.117535725,-0.07767778,-0.13319603,-0.09083915,0.119862095,51,4.0
-0.19441625,0.12021579,0.07650822,0.14885728,0.81753474,0.030905318,-0.05491881,-0.07923614,-0.01589098,0.02033268,-0.3393791,-0.1175862,0.19451626,-0.17951481,-0.07144512,-0.00027293898,-0.18842213,0.19127643,-0.07805414,-0.085824504,0.04258535,0.14473961,-0.15074167,-0.22442919,-0.05931653,-0.12518468,-0.060141463,0.070643485,-0.12679552,-0.18284875,-0.09678675,-0.053320143,51,1.0
0.05861398,0.14958957,0.19817169,0.17620197,0.3899677,0.15015745,-0.08433394,-0.0971173,-0.088308655,-0.11643832,-0.029313043,-0.21371037,0.055168346,-0.09032522,0.013816092,-0.11089606,0.059706178,0.043134004,-0.20196296,-0.04031123,0.049729027,0.011103879,-0.0684773,-0.15566313,-0.08206243,0.16072379,-0.0763298,-0.0883583,-0.059236873,-0.11385333,-0.08321951,0.08571388,51,4.0
-0.049285837,0.15664366,0.13690746,0.2012675,0.818163,0.034454715,-0.071587,-0.17827135,-0.053778656,-0.22434679,-0.39832234,-0.086817294,0.0009826571,-0.10461718,-0.019733801,0.0038119536,-0.07296305,-0.06903603,-0.092267364,-0.11629456,-0.14482102,-0.026957616,-0.3064261,-0.17856139,-0.20729113,-0.19934249,-0.08001062,-0.16440608,-0.071915016,-0.1626818,-0.05277294,-0.10131766,51,3.0
