Chip,Peak 1,Peak 2,Peak 3,Peak 4,Peak 5,Peak 6,Peak 7,Peak 8,Peak 9,Peak 10,Peak 11,Peak 12,Peak 13,Peak 14,Peak 15,Peak 16,Peak 17,Peak 18,Peak 19,Peak 20,Peak 21,Peak 22,Peak 23,Peak 24,Peak 25,Peak 26,Peak 27,Peak 28,Peak 29,Peak 30,Peak 31,Peak 32,Temperature,Class
2,0.022509188301965372,0.04181806277086121,0.04126137250373625,0.03708019330550274,0.03807692414802715,0.038343732198781885,0.03722540151370887,0.035015182622427,0.03362467818599976,0.03274744608549504,0.035055674328382774,0.030319879325747028,0.033426466270219085,0.03316684604558709,0.030807160282850226,0.03154812890151237,0.028401768426255258,0.029041938042835627,0.02745453640328597,0.02951324368519441,0.027748769295364517,0.03024016307676494,0.028061298277484357,0.02642841315647178,0.027022633403827708,0.02503402990693278,0.031077936171758684,0.024606593295821273,0.023256363977579943,0.027166310212025136,0.03212087459596146,0.03079879128163217,20.0,1
2,0.022428897156521514,0.04202506482005134,0.042064712649824254,0.03653722707959181,0.038154138912414134,0.03911666397194733,0.0365361377016361,0.034637722338235415,0.03311617074234549,0.03220900186960529,0.03436575603153355,0.030510194112982083,0.03310939408935901,0.033121676993885116,0.031670109428276604,0.03160609464139101,0.02845006770102526,0.02950560800872841,0.02774669771403436,0.02933570433994398,0.026975359158030413,0.030852919240467527,0.027691323698792993,0.02673058855571622,0.026648876643414594,0.02486761196446838,0.03118963354144434,0.02453056818579763,0.02406448120140548,0.027542432798620623,0.03188761600041775,0.030771548708092136,20.1,1
2,0.02193676990628105,0.04221670296158393,0.041614189384018584,0.036985277824514315,0.038109002125347104,0.03856579209818412,0.03721903623388925,0.03504455739064938,0.033316612024173665,0.032609403556722524,0.034777922699113506,0.030398186786651644,0.0333281231340112,0.033231382438796545,0.03058251844784185,0.03166171639644795,0.0287108588147288,0.03028074677641292,0.027649575614772944,0.029352613738027604,0.026905679512277562,0.03035945441564477,0.028262206529597395,0.026638251819053466,0.0260806877794902,0.02487826770491129,0.030883497067936166,0.02424463562504935,0.023685103801418323,0.027857092236484256,0.03193769016853069,0.03067644498743794,20.2,1
2,0.02153344511319864,0.04263534767143075,0.04216852132937059,0.037218759972935694,0.03804505573045325,0.0391089547777637,0.03616948258178618,0.03529430188204294,0.033092670590091085,0.0327410400200607,0.03444755997474708,0.03077411900195183,0.03358009097343692,0.033402799577331284,0.031200789673194958,0.031652547657262685,0.028505162235273652,0.030287657034978592,0.027250515600179548,0.02946659405616485,0.027172274888532754,0.029994758748303884,0.027315376993955354,0.026535623289344175,0.026746465015341767,0.0245679080739895,0.030405133462787344,0.02405154452860251,0.024616276785524017,0.02680127197024924,0.032082347921239505,0.031135602868474905,20.3,1
2,0.02254667529566225,0.04330774065362601,0.042735903136162656,0.03743414529584489,0.03808959727588618,0.038929094206177114,0.03615019831989175,0.034722781190122204,0.03311683039257999,0.031628604375028395,0.03484754063334083,0.03099126920729421,0.033622410014162586,0.03365933543239012,0.03074082377774731,0.03167933188789991,0.028421058997252783,0.030818154805377203,0.026894214993691736,0.029330632587939068,0.026907833005273534,0.029797356634304228,0.027429150856830294,0.026308851531087418,0.02585747368503033,0.0252149954009435,0.031099773742477025,0.023852266753083284,0.024429029127658316,0.02718446620582948,0.03147397794071298,0.03077848263869238,20.4,1
2,0.02262955660399488,0.0431158821420085,0.04223788254149218,0.037187918344512225,0.03804152260236336,0.03937645209465519,0.0364887460910044,0.0338237489172615,0.033137563499449,0.032620570430230714,0.0346657225138541,0.031714477204327816,0.03308900073090678,0.03325353255872683,0.030570325489345143,0.03178968860184574,0.028924109850887243,0.03095565339467332,0.026280869838277876,0.029202647663068723,0.02718228773974425,0.02994699830958658,0.027412404908477427,0.02617726576152321,0.02660096182873646,0.024677497936053273,0.030525985043236184,0.02395376446931455,0.02460379805207336,0.0271326057547163,0.031954637962491476,0.030725921121161247,20.5,1
2,0.02261993512119531,0.04359449144386053,0.04200591484382055,0.03796947643959292,0.0386870323562911,0.04001999182967604,0.035166192849016585,0.034975141493078156,0.03350221273951732,0.03215599697894166,0.03510911899981481,0.03135824474838059,0.03357915776643835,0.03386748891186277,0.030574862112167225,0.03190433402243959,0.027943181014357978,0.029921742061358742,0.025598623274074372,0.02922592657455936,0.027409719064187738,0.028790364558313904,0.027573032271487122,0.02671947898158068,0.02624644551670319,0.024592939937599485,0.031156583061462864,0.023952730652905093,0.02415394351914126,0.02740118468368618,0.03145904460195797,0.03076546757053042,20.6,1
2,0.022595677079023258,0.04273894897514113,0.042058968053061876,0.03843991575305728,0.03860410191374189,0.03999568891441533,0.0358271150387922,0.035473938379287966,0.03318879079000495,0.03205579680201536,0.034369333040438335,0.03175620514448464,0.0335133017146677,0.033669732690160936,0.03011317021346318,0.03156594127787482,0.028132124206329153,0.029805953036760965,0.025368195322690534,0.029570354527227536,0.027547684936462025,0.02916511671347543,0.02687736344052058,0.0270874796594146,0.02648918951673496,0.025372796587178646,0.0311403588557127,0.0237771552293141,0.024478167465505914,0.027084349278385426,0.03156846442432805,0.030568621020328524,20.7,1
2,0.022564948648502534,0.04311693801446007,0.042146072364230576,0.038651021169808224,0.03846345496431687,0.039854217053493235,0.03611196617557673,0.034744774559452435,0.03350303600135815,0.03226313746483984,0.03445107948581444,0.03239999424527627,0.03357779430605959,0.03328437799522263,0.029347142286307266,0.03196973287169039,0.027566325409579866,0.030021912361681825,0.02586052802382368,0.028953257882769638,0.027242603761712978,0.029018737059051457,0.027799213217871446,0.026732507321463598,0.026808313226815077,0.025526479597653157,0.030601238327490028,0.024072470108558647,0.02401620256090835,0.026914670983739897,0.03184528054356041,0.030570572006910605,20.8,1
2,0.023049782878895503,0.04405416174958033,0.042618246597476914,0.03844543450354585,0.038704857713072596,0.04030177181815593,0.03582448023576544,0.03472340007490596,0.03380010127260293,0.03260828146183962,0.034422494936970645,0.032885208368628294,0.03306260695158759,0.03381042095012362,0.029234122179863258,0.0313487638670823,0.028449634238461988,0.029213011727793853,0.025394322533824305,0.0291428907850801,0.02699324461774685,0.028483228440695275,0.027570417166149,0.026291620455299765,0.027492143582364167,0.025296590227279432,0.030259996642344234,0.02404777212183356,0.02321401761691457,0.026980584224721244,0.03144700258934819,0.030829387470046855,20.9,1
2,0.022432771071219024,0.04308540920492861,0.0426653454683725,0.03887246052341335,0.03896660342809417,0.039696706400424955,0.035329790997395964,0.034071726106982864,0.033994603082089084,0.03232460349506466,0.03437025702774458,0.03357021891033497,0.03273189426660638,0.03381697566201766,0.028374057895971538,0.03160844991323925,0.029047281026408342,0.029037796151397656,0.02553091029931251,0.029501369719768303,0.027157823561778035,0.028866144955057113,0.02809219977937805,0.027205221439872813,0.02719175733351741,0.025852596058631334,0.030740014855945703,0.02412857682097249,0.022970404625929478,0.026800724641865264,0.03129847541491295,0.030666829861352888,21.0,1
2,0.023336469469826468,0.04336056390695045,0.04201932501863204,0.0391677044200403,0.038916161304530336,0.03954205632991152,0.03476715241783574,0.034851311908263655,0.03482345517851842,0.032212936931108854,0.034297734075629645,0.03373095058372534,0.033747328631350174,0.03385058408749747,0.02836859277635819,0.030828202154669786,0.028975280468916564,0.02884148848750244,0.025127368090528082,0.028958022847450516,0.027261486940982304,0.028677884162136305,0.02813083286480113,0.02631449345248063,0.02758544990963913,0.025395740772497878,0.030425802951378988,0.024659925874932525,0.023074585249772964,0.02697240573305249,0.03138203218657028,0.03039667081250926,21.1,1
2,0.023062921873494704,0.0437439834503989,0.04185621037156484,0.038674634289869385,0.03908539943420787,0.03947000707284875,0.034842813792952454,0.03456743682910368,0.03453241762198541,0.03273748433270115,0.03456145678727154,0.033782313833795756,0.03322469833221482,0.033956739065848174,0.028535962352865166,0.031774090960994476,0.02810512808142261,0.028356792904177613,0.02547024415868789,0.02938072746216563,0.027301581842534433,0.029325032982534964,0.02791390780167925,0.02651495063245799,0.02696827880916718,0.025534691953845494,0.030160151550765544,0.024239314898909337,0.023541697348243462,0.026839020032756615,0.03139435926273354,0.030545549875801502,21.2,1
2,0.0235380266902012,0.044520170777313975,0.04156022141727648,0.039528297445354715,0.039087613076291924,0.03900845103673781,0.034831205873773696,0.03477018436053822,0.03507010854740786,0.03290084002513171,0.0349222479128809,0.03303975330405254,0.033473580089642144,0.03365017928939713,0.027752580212602535,0.03089727995418274,0.029120403051592598,0.027662700074623424,0.025506933067370403,0.028702621127697135,0.027486516491940047,0.029126666475499826,0.02799869460845284,0.026544650181287138,0.027256043125695406,0.025130905338692593,0.03019649973080868,0.024198701977642074,0.024063994513678657,0.02636374563257142,0.031401485333193986,0.030688699256467868,21.3,1
2,0.023118089559961225,0.044211663588176645,0.04219420471125307,0.038911812783088987,0.039434793205695304,0.03931957065803166,0.034721984635667204,0.034630446878521244,0.035001075591151024,0.032504676031272654,0.03480787947009484,0.033172720803634835,0.03313865554426114,0.03363820241394065,0.02772077236832658,0.03173312700679845,0.02828108933328959,0.028108052542006462,0.026713479962821904,0.028889944156136802,0.027438646715599712,0.029638369227664524,0.028069124191203908,0.026443817350898475,0.026633447191839413,0.025136854068710666,0.030437420462356833,0.024022561156045497,0.023664873016952352,0.026511611955137303,0.031312389111028203,0.030438644308432912,21.4,1
2,0.023589662932752355,0.04400391482602328,0.042320909305858426,0.039736138574252816,0.03916857724340412,0.03896574238564124,0.034530319343331214,0.03416195284028668,0.03579866317069524,0.0325751982659357,0.03439224581731647,0.033190705388947146,0.03299462478231184,0.03404962546716847,0.027572619963416804,0.031089903418470042,0.028815527251430682,0.027066916105873542,0.02634142745801949,0.02884770338709594,0.02733527767850002,0.03036124217526101,0.028034707521120607,0.026372516882975493,0.026361298746562112,0.024526118094830733,0.030322790888106597,0.02454523272452753,0.024137900741560633,0.026687497962729873,0.03148692003087932,0.03061611862471444,21.5,1
2,0.024038247730684043,0.044361698556442314,0.04169370837535529,0.03956436996920442,0.03929017570073211,0.038651118028604436,0.03464355090697409,0.03461526164545309,0.036059650782151204,0.03271010030934047,0.03477736593175725,0.0332052347924649,0.03320388977782511,0.033589285184630925,0.02812078806204172,0.031420932425752696,0.028057080833863532,0.027662091908274435,0.027130776344927405,0.029135363980983688,0.026894622767698377,0.0299120465552373,0.02781134835650913,0.026213986394777112,0.02577802696343068,0.024827199234342588,0.03049522151319491,0.024068120369458244,0.024082191906929177,0.026699974797973373,0.030862678404120537,0.030423891488865432,21.6,1
2,0.023499677088894562,0.0450003628252404,0.04199180682342,0.039888437037475105,0.039662020929281505,0.038572047447415374,0.03482792913068037,0.03491131812292842,0.036151637909876855,0.03273268335701329,0.033947855539609245,0.03306299381101077,0.03255622132131636,0.03381113863629681,0.028178956697030605,0.031208860839365127,0.028809615689637694,0.02782485457316352,0.02719916448651769,0.02860205155205204,0.026918192807427358,0.02989366383174475,0.027726768936010077,0.0260463685679379,0.02584899296980489,0.024958106784573962,0.030153672341039873,0.023457571448543588,0.024374466909149035,0.02662368507059203,0.031246981746578913,0.030311894768371685,21.7,1
2,0.02400408670747714,0.0452228527765148,0.041754374574638584,0.04005769349550087,0.03964332901266584,0.038291100817391205,0.034535315904235364,0.034263277336338716,0.03690580124295011,0.03262956666722444,0.034570179556448234,0.03297681183175151,0.03255786863258991,0.033695324319661,0.02785400124966684,0.031164777082772394,0.028082752575234488,0.02763333141409147,0.02733907762742588,0.028898719057734785,0.02685520795507204,0.029910681244952483,0.027731867237780598,0.026501679509090197,0.02582379065055793,0.023762243944992864,0.03074396263419511,0.023727970898672072,0.02409680996849391,0.02642151407943407,0.03163498369607835,0.03070904629836696,21.8,1
2,0.024295118513435916,0.04536335252406049,0.04172505579226273,0.03999758597428599,0.0393683726051145,0.03827654460885764,0.03433690025919923,0.03460986088929815,0.03752087967077156,0.032719530135994455,0.03457668623506527,0.032686548466349684,0.03287149664235009,0.033023243814581944,0.028391739412263178,0.031231205808801482,0.027859049348145606,0.027859689882295917,0.027544759986552814,0.029235542565825685,0.02704042771471517,0.029667275488030408,0.02711431102766288,0.02599211310614755,0.026000942752137008,0.024641526732317173,0.030740233438504228,0.023388398115230514,0.023524907650295794,0.02725468118678305,0.030953126940868558,0.03018889271179544,21.9,1
2,0.024769266492857947,0.04530588604611315,0.041635334313227516,0.04069768538759189,0.03964990141573141,0.03769196366754519,0.034382048406807066,0.034331926530085044,0.03720746209439644,0.032548031206612066,0.03467387996033453,0.03210120490885927,0.03357205372082506,0.033588155272236395,0.02843973943522826,0.03068120421662635,0.02743541210293691,0.02913021228619374,0.026815348462935255,0.02874919809093373,0.026960300205934113,0.029943888153140665,0.026990239720871084,0.025892389319278564,0.026044872554655048,0.02472456721430421,0.03058750903164666,0.023261394311368682,0.023732005361356112,0.026790688597660192,0.03141407194379416,0.030252159567913297,22.0,1
2,0.024340104531480118,0.04557530698911456,0.041341855312051284,0.04023039820494244,0.039700267562040904,0.037478403904932275,0.03482114658008031,0.03463058995421036,0.03805607958893555,0.03309177324593712,0.03456746991558024,0.03170683003199695,0.03248152054830499,0.03360372284185114,0.029039554200514395,0.03156170563132121,0.02740978265976654,0.029026375111646692,0.02716694753703727,0.028756087482900105,0.02691069983022413,0.02936331389843727,0.02714752620889735,0.02606573949411256,0.025895783227269594,0.02439789863676599,0.030620747622143948,0.023378083628298508,0.02337850821846721,0.026132863419992,0.0314457000768152,0.030677213903931754,22.1,1
2,0.025133615706289584,0.0453557089572671,0.04113329624338314,0.0405765046456773,0.03925983928152832,0.03673715458777915,0.034989382845254505,0.03459519151787739,0.03739493987125537,0.03357520036630864,0.03417887391464366,0.03179025446768837,0.03263177345195157,0.03310951420466833,0.029134573189118097,0.031100868083695263,0.02761397535771751,0.029573497565518955,0.026745819793034576,0.02898255416715696,0.026880214050542788,0.028883150284606637,0.02702891077262705,0.0262413987383555,0.02643479646328257,0.024967078787347025,0.03066452059150834,0.023561983843240614,0.023615551135262116,0.02704973551433938,0.03098851856991566,0.030071603031158606,22.2,1
2,0.025072247496434486,0.04587391112242277,0.041839572685261964,0.04154340887524875,0.039348717429738264,0.03671427913294237,0.03465174490874509,0.03417923638883234,0.037387184772235335,0.03247998368742005,0.03433324834970495,0.031098918636013984,0.032447085046463445,0.033238693468721756,0.02954381735480393,0.030883440623565673,0.0279814088125479,0.029540561560191234,0.026566177160340352,0.028652081768642985,0.026911165810941513,0.02858383893650252,0.02697562236798808,0.026047755672141838,0.02634793891828641,0.02535178273853172,0.03038721779723706,0.02438263167308219,0.023563306966013726,0.026596193123025674,0.031735830137950914,0.029740996578020287,22.3,1
2,0.025702584362376744,0.04604842471914689,0.04081535943891733,0.04032920371345813,0.03884657416686845,0.036971510699529656,0.03530147820840372,0.03428737342303288,0.0379035699271194,0.032969059333131844,0.034250928791594006,0.031040776823107522,0.03304707007420902,0.032313245215345794,0.030200050631553725,0.03136965544036909,0.02738416494739603,0.02956150618615471,0.025606438695979714,0.028363165185207106,0.026964702026498533,0.028544246353203302,0.027584584222740377,0.026288521449011268,0.026815348949918827,0.02544691548833412,0.030104298221954835,0.02402262059750192,0.02323459198992382,0.027230404129756233,0.03098603411805248,0.030465592470202786,22.4,1
2,0.025419494747477255,0.04586757758546938,0.040805836412866406,0.04113569051455574,0.03920995087120466,0.036131129187750535,0.03541333094718296,0.03427744004514032,0.037603253971114935,0.0333410737605498,0.034159910856074685,0.030493198811852067,0.032337443224722734,0.03260233906899427,0.03025627643668629,0.030719696551383336,0.027970952895141694,0.029898268603405796,0.025554075548024607,0.028476586142010388,0.027384112301128548,0.02834416005139349,0.027553357504441676,0.0265500206574271,0.026965449727243605,0.025381323495391152,0.030460828694380965,0.024049063032853465,0.023621596966064758,0.026837940777673205,0.031198845165554854,0.02997977544483926,22.5,1
2,0.026005511147192243,0.0462719167320477,0.04102253930857393,0.04063604256283698,0.039189283372101764,0.03541718466450031,0.035414558405079004,0.0343508981823048,0.03814471170728648,0.032530776571566375,0.034771754899014164,0.03053198647257058,0.033243042472879326,0.03301011021763692,0.030088553049798645,0.030588125399431485,0.028064300891146948,0.029786985263382377,0.02536830669354022,0.028543264800455048,0.026751085988141778,0.02826630597780097,0.027233412797164187,0.02636108653735108,0.027358335706780552,0.025387086624617743,0.030420599670280126,0.024050166754220573,0.02301591528313369,0.026402949736814688,0.03107631909897856,0.030696883011371082,22.6,1
2,0.026391801554783267,0.046283311176221524,0.040565628805703025,0.040822115363909166,0.03917594507788687,0.03570899773131172,0.03550081633766633,0.0340577765022913,0.0374619879279438,0.03271199048270799,0.034198645575961875,0.029727483823504472,0.03261934505714636,0.032867581359197214,0.030405270555528285,0.03144757189953876,0.027948438546336107,0.029961659148136907,0.024880049162670743,0.028983301819378318,0.02769255747611863,0.028528555186523412,0.02765134097048525,0.02571077472695563,0.026991524977394137,0.02532027487776769,0.029983801585510818,0.02422748784074169,0.023569230770424002,0.026760546181953764,0.031240962567028407,0.030603224931272394,22.7,1
2,0.026309773491417006,0.04667684458539389,0.04068691673972674,0.0406265590967552,0.038960504809638044,0.034955964105168505,0.03601712767995061,0.03435252475749179,0.03730721179227796,0.03258747269301844,0.03436550796493122,0.030011611823144702,0.032920092461313805,0.03271757060270295,0.0305284700963967,0.030988425360627753,0.02796638092514559,0.029694328879564826,0.024799438962037613,0.029134864842386636,0.026748408334238985,0.028384337790008558,0.02739638371576404,0.026496132015665263,0.026953534996549185,0.02532424603381869,0.030417321353413497,0.023813355239440285,0.02434857285428146,0.027086211498749794,0.03105065776460441,0.030373246734375862,22.8,1
2,0.026347714151182967,0.04704232272877722,0.04045781750481998,0.04119717647271776,0.039205983968725544,0.0344212487997705,0.036537514143246394,0.034066140037160346,0.037412548997198224,0.032742091254678675,0.03507080147994355,0.030094081093451873,0.03270632033395983,0.03269418676823768,0.0304591252202554,0.03106071804687511,0.028488998777564105,0.029415716336444634,0.024909860176779746,0.029321569110596458,0.02726709972510097,0.02885528484934724,0.027235940806583897,0.02586723810561177,0.026334242481697738,0.025077729886589666,0.030047395221502342,0.023417784289287136,0.024227830919072983,0.026434984116488727,0.031004793546169918,0.030577740650161733,22.9,1
2,0.026742121387650565,0.046772592830251515,0.04064201728572587,0.0412973407359721,0.038866523069239226,0.034314157749677596,0.03571138295842581,0.03449218522364413,0.03678390841293074,0.03200811623504843,0.034110118604034775,0.030082385449181986,0.03271712271300022,0.032544112070024056,0.030401934192269317,0.031482985323349214,0.028948707164004394,0.028791779545543378,0.025396957495926874,0.029315142870896482,0.027391022149146748,0.02893626427806591,0.028061985320436203,0.0261994782516127,0.02619087966167278,0.025031565967143177,0.03057160227128111,0.02330020528069876,0.023931081907312107,0.026557184124507943,0.03126133182572166,0.031145807645604155,23.0,1
2,0.026773472560501745,0.04700997339978728,0.04010587064998657,0.04114386805557203,0.03898187955167892,0.03332165839097263,0.036311982162652176,0.03448056102875531,0.036596915114132524,0.03275930169219141,0.034674277783773085,0.030099051116739627,0.033426635705479595,0.03282840252094593,0.029618392532303243,0.03149644521385772,0.029080326831539938,0.028830589031026293,0.025624979901899363,0.02922021274196727,0.02716238275379268,0.029257501594305742,0.028328692258171095,0.02597872123997857,0.02578277920669565,0.02455562382731579,0.03059126599866014,0.023498221675391926,0.023981960836959724,0.026752573567698466,0.03143798837687912,0.030287492678388563,23.1,1
2,0.0278920474744216,0.0470572742117716,0.04011426705003856,0.041131383637481575,0.03879115385248661,0.03415260729098915,0.03664331150034779,0.03474213878461192,0.03635569933549883,0.03257212995424139,0.034231502400412464,0.03034354234806033,0.0326810743446547,0.0329112038941175,0.029280222162305962,0.031526387466350475,0.02831642328080812,0.02840552772655571,0.025371466347135132,0.02921145160521419,0.02698225315218665,0.030136464923846532,0.027937423926180295,0.026302927368276163,0.02552165734091578,0.024899709038278994,0.03017512186414814,0.02355729078547302,0.023330174671930354,0.026642544975085482,0.031881221127371205,0.030902396158803584,23.2,1
2,0.02774355408841523,0.04704283412030308,0.04072814552576856,0.041263325619263116,0.039118337680762,0.0339941384064768,0.037123205935497915,0.03441209867328962,0.035885595071658415,0.0328769428725491,0.034038593126541936,0.030221273322935827,0.03322055493400681,0.033093330672113515,0.029259650368310467,0.031238371970020072,0.028667116416830965,0.027793363038166354,0.025732172793162974,0.02864928955084484,0.026872610729614,0.03042839281055983,0.028109529330799323,0.02669716953585033,0.025502266612375757,0.02513502950739204,0.03045203828970291,0.0234169357778233,0.023564729688955496,0.02655844531422209,0.030784962376412008,0.030375995839375402,23.3,1
2,0.027689580493976518,0.04733148013820365,0.04017676630835438,0.04136049646255172,0.03895114762621962,0.03304744446093115,0.03727647895714184,0.03377555120094651,0.035764325273332155,0.03218674437594335,0.034349221454703156,0.030651956943592566,0.03313562237063543,0.033075518485378576,0.02878927008929701,0.03128440172862799,0.02886912653096726,0.027971653187262784,0.026624848816221024,0.029372292489030616,0.02718531945595015,0.029967311054517304,0.027054172577401128,0.026939258741361417,0.026062217245552872,0.0245378390168968,0.03049252814635587,0.02297628638009924,0.024175549751345952,0.02663931917887959,0.03145522059541358,0.03083105046290864,23.4,1
2,0.028014392794595656,0.04747514290288539,0.040130834547803786,0.04118940964229241,0.038619213493553364,0.033396232795066046,0.03711681807376026,0.03452028463836638,0.03531861185170728,0.032280146007728334,0.034388302069972586,0.031194788022169673,0.03350670634327659,0.033840912064687,0.028723037201004213,0.03117129143906996,0.027981330471681984,0.027560288499755867,0.026298593239742398,0.029683850031287734,0.026971170395273508,0.029769883013447,0.027388586003056357,0.026002131589444283,0.026472148486808466,0.024605158649182536,0.030183812971681722,0.02417113419427245,0.023336481810677358,0.026687768938221623,0.031198467160434073,0.03080307065709388,23.5,1
2,0.028472162714192024,0.047253551604062596,0.03978297875198807,0.040823827805473244,0.03907699270403763,0.03250917398313213,0.03692890967416647,0.03405236004821225,0.03485116875673929,0.03198994863533105,0.034142769624967755,0.031900146762087425,0.03284734239538513,0.03351503696575802,0.02836571910264196,0.031174750696472707,0.028369244708922728,0.02831779597504424,0.026816635471735222,0.029700949656362188,0.02707596633353632,0.030456990103631995,0.02744402470630857,0.02613555182235044,0.026163061007461255,0.0251605710034167,0.03011535474259742,0.024017524629117173,0.023842799699194582,0.026653729166015896,0.03113595425219547,0.030907006497462336,23.6,1
2,0.029114813119610335,0.04755389010450049,0.0392876773971646,0.04135134058500608,0.03792124735301083,0.03321411197627079,0.03750080756186574,0.03390282353788506,0.03384515584633124,0.03218714155022645,0.03417525827073086,0.031820451942131234,0.03292605671188751,0.03408924452886091,0.027660423739151906,0.03167860214941737,0.028166313434037728,0.027913048707461453,0.027239992721218322,0.029131175698198963,0.027280059242966278,0.029692322951105427,0.027175871719949757,0.026433266810197347,0.026431110854735974,0.025644334932598233,0.030824953329328112,0.024068685604600612,0.023503407492409905,0.02622778682593552,0.03166425241021421,0.030374370890990664,23.7,1
2,0.02899227608082893,0.04744307944668769,0.03851549805571187,0.04091117565628165,0.03810902373931112,0.03289029925673088,0.03790906318763647,0.03446390516826704,0.03373684244858226,0.0315575304312026,0.034286411225321715,0.03201593906170062,0.03330437757676326,0.03375158214472055,0.02827123393596842,0.031516083104322794,0.028450554179360408,0.028228282189676258,0.02729940914584355,0.028397721348227947,0.027244190908626488,0.028844112251999357,0.02779378600546273,0.026772593798141776,0.026697267989078555,0.0256572121291122,0.030578438249877847,0.024365049173041317,0.023891900846405013,0.026639497488148443,0.030913821935773238,0.030551841841187095,23.8,1
2,0.02982322398991416,0.04801633168450418,0.03943839026643669,0.040244174229761745,0.03777415551733002,0.032601910537475264,0.03776250313186335,0.034044527859153885,0.03410127389531548,0.03176805791748144,0.0343914740942552,0.032673159140856195,0.03266408775194626,0.033335875271934746,0.028065407446837467,0.030495807479186194,0.02825819240521697,0.028385771557925068,0.02774568126980712,0.029221283375964077,0.027545021699377285,0.02876548607071755,0.02683284589377389,0.0266202208621899,0.027086982886107655,0.025073346734570956,0.030857379214158792,0.024149931491726957,0.02360052308308819,0.026761758222195304,0.03095964322486146,0.03093557179406678,23.9,1
2,0.02970013718666334,0.04791233150997284,0.038646757465480915,0.0407523701663671,0.03757803556154223,0.032481472239965885,0.038023081905233055,0.03426029953854577,0.03377061275778863,0.032177369323026984,0.03390509428710086,0.03294072407923531,0.03336961139796924,0.03393147261757917,0.027774620338000905,0.030919353045278795,0.028424958766774415,0.028510417667983044,0.027255847883169045,0.028776972635149792,0.026896580213815798,0.02844139056834778,0.027650205560085777,0.026365329914257628,0.027432549996659002,0.025391376896046085,0.030614771994187703,0.023893949557258452,0.023580070233868704,0.026860839095407554,0.03136208214103237,0.030399313456206018,24.0,1
2,0.029847352966131974,0.04754972843484639,0.0387131650204527,0.0400768290121931,0.03772090944413314,0.03276319331428883,0.037777934592183066,0.0341133656123212,0.0327584873240067,0.031933207052876646,0.034620469649976025,0.03229205737188531,0.033202464197332006,0.03370524272463768,0.027611717447147834,0.031373441430424386,0.028173923856471723,0.029076557578525786,0.02737323017995239,0.029049998517807492,0.02653419189389139,0.028482134893818782,0.027655645964277296,0.026961885070614266,0.02738130176540884,0.02552112805711033,0.030227535399054827,0.02435230371951342,0.024026576857103726,0.0267888604340036,0.031389555386527615,0.03094560483108128,24.1,1
2,0.03046938341462193,0.047560736737444195,0.0383786001139532,0.03994691637318827,0.03784867573732574,0.03274414309756098,0.03746639364673193,0.03461138182217043,0.03330499526144393,0.031810403246155396,0.03433445990739606,0.03346247279078605,0.033083305520929654,0.03358752090540808,0.028358980330865532,0.03127897724206334,0.027366896442459987,0.029063475518772336,0.026998357750859386,0.02896868811365461,0.027088790293359893,0.028698524779619903,0.027660159420390455,0.02616103323853221,0.027236606016650847,0.024828267748507844,0.03070812532090727,0.023669013662934408,0.02398641646460487,0.02727137146064907,0.03144424766529419,0.03060267995475792,24.2,1
2,0.030928067317413457,0.047752151333236376,0.03866516451354999,0.04006750564984392,0.03760207456280567,0.03267960752844595,0.037535733107685244,0.03398231755120052,0.033589748947611284,0.03216216393629565,0.03484174813262474,0.03320907136153079,0.03297137388195294,0.03405231646264189,0.02830916528945905,0.031169586638904956,0.02774415457397631,0.029495759396721697,0.02636128938766669,0.028657096310085377,0.027554555491479893,0.028437732896507965,0.02807530427807436,0.026371486760801918,0.02664115295369588,0.025111937854726565,0.03037552301826069,0.0235354110752257,0.02441774311084562,0.026312753630354922,0.031101501553977628,0.030288801492396055,24.3,1
2,0.0312917397601571,0.047793235598915323,0.03843419932771192,0.039617755954310274,0.03771602743766858,0.03297909810231355,0.037005209712005806,0.03405625759136967,0.03287875213684867,0.031364647164520136,0.034535021274665054,0.03302001535934931,0.03305592029326286,0.03389619528924835,0.028696581042992553,0.03127849000486972,0.02823296289124132,0.030010889119232814,0.02602603517423868,0.029353941964681853,0.027146738386508797,0.029062418053803517,0.028388265295766164,0.026613088768025667,0.026568450462348587,0.024439313330612722,0.030744408993280195,0.023508533518247714,0.02377458800375695,0.026934768740862702,0.031040293755746403,0.030536157491437114,24.4,1
2,0.03098331120435641,0.04771397755324684,0.03800068326715631,0.03942982813368529,0.03743290396087265,0.03312124308996256,0.03779829825903819,0.03410386263937172,0.03335969770362524,0.03223998017750971,0.034341728134927176,0.03353127676658963,0.0327604794735221,0.03390818337960443,0.028612806887861407,0.0315361550562139,0.028343376443137266,0.030216391342009482,0.025802978204037853,0.028481966219714702,0.026817174454491808,0.02959425995293222,0.028601496813457434,0.02616676062667772,0.026769958907440522,0.024723955163010448,0.02999234172570421,0.02339852620861538,0.024077317719450875,0.026764446048271006,0.03148180002315851,0.029892834460347184,24.5,1
2,0.03141253239254353,0.04768954420497009,0.03801163735534826,0.039289263558058875,0.03715956985836391,0.033532585939590444,0.03749007631750266,0.033905160536750904,0.03317598925295919,0.03152234828632426,0.03468017742069929,0.03318833928237868,0.033057410125290995,0.033026527695701705,0.029444119463703015,0.030945289785054203,0.02832411977724059,0.0299542102939425,0.025722279820254833,0.029081833088823405,0.026652820376939376,0.029512899574557754,0.02831815734964256,0.02633541475539922,0.026284732964515316,0.024460512798134614,0.03029324828399241,0.024001342743989462,0.024094605922788,0.027344868258088514,0.03128360924493573,0.03080477327151587,24.6,1
2,0.032039250833287514,0.0479764814434094,0.037814325523895756,0.03869529270639884,0.03745711904896828,0.03392225220752214,0.036970045974069,0.034507862532243395,0.03316134068030501,0.031873918929948425,0.03444854555388618,0.032918432888790435,0.03309932985634081,0.03379378674954767,0.029693825437836642,0.03128826163984836,0.02780606959355817,0.029816636510095303,0.025454635088540924,0.029231647554548042,0.027367655454267566,0.029599734850408323,0.028002033202163625,0.02614680557924382,0.02565389635523602,0.024291494402210317,0.03035133375773899,0.02421958760409436,0.023370323478456825,0.026480661605506765,0.031636061711666996,0.03091135124596612,24.7,1
2,0.03184905953242201,0.04768951552177167,0.03747803619155619,0.038968207782237876,0.03713022859879408,0.03408872940613626,0.037173455916304166,0.03444698447226591,0.032795140257928984,0.03242095441061922,0.03487845365858934,0.03321578360295709,0.03338904781135146,0.03257784484169063,0.029910731041494033,0.030544882136517352,0.027808318255909154,0.029806180407812882,0.025769382239967515,0.029354731701672673,0.02736816191522448,0.03012093241594441,0.028564097928916538,0.02635339980605734,0.025724872842398227,0.024532315166513316,0.030452650782572647,0.023630271506243763,0.02360136138107436,0.026860163324017777,0.031424778253847034,0.030071326889191393,24.8,1
2,0.03260381589013445,0.04716819683544725,0.036909552207238676,0.0382277086799995,0.03676165402558776,0.03387134395958165,0.03686019228096867,0.034090786261508216,0.0336661325841467,0.03239242057853175,0.0342969643530783,0.03269892680016122,0.03304774481583192,0.033813770091553556,0.030623404311937125,0.031144167806567234,0.027831787755824938,0.030242483260516526,0.02526014374568518,0.0297865028691169,0.027088547197975505,0.030302110675417545,0.02762884081587176,0.025809617972327933,0.025736682459042533,0.025328102268143273,0.030449446421915927,0.024015785507868946,0.02340584606205696,0.027247111251632705,0.030996210992870088,0.030693999261459447,24.9,1
2,0.03261961422467419,0.04825138563082464,0.03687165392317987,0.03781897793654762,0.03719910728882283,0.03472258288915592,0.03683980191763237,0.03472412057354053,0.03386696777664781,0.032064686075835604,0.03458634155157845,0.03212637409171745,0.03253137692990215,0.03307529743076239,0.03019036603775833,0.03132873187635739,0.028633639121757298,0.02925716039133629,0.025202812244817793,0.029498363163036105,0.02653531300175071,0.029647648723725422,0.02762492939085943,0.026540806560396826,0.026385572565740263,0.024967505078725062,0.030850681201656148,0.023829431248517562,0.02372059901693368,0.026838394572086928,0.031150936725511932,0.03049882083821109,25.0,1
2,0.03312276225250687,0.04778166782848108,0.03669591368918092,0.037614548593979356,0.03642352545394914,0.03458024468435704,0.0364465468401918,0.034197403467314286,0.03436943536535181,0.032716205065134375,0.03451777179720545,0.032426252496693474,0.03303345504388451,0.03310051166480229,0.030607566966342696,0.031767488464034176,0.028431590892382473,0.028674750344775204,0.02560851833314152,0.029224931255715788,0.026853805178878518,0.03012480314608786,0.02714220729953281,0.026978012361395486,0.026373336151158278,0.025347410721730256,0.030284845183374962,0.023929196581082907,0.023613571740281374,0.026836982387692408,0.031146748607713534,0.03002799014164759,25.1,1
2,0.03290322461119679,0.04743754401117069,0.0369296336398188,0.03767840202095414,0.036279968647943146,0.03450466091688762,0.03703177669867706,0.034432926666010805,0.034482330711980244,0.03263757730880243,0.03481121278258509,0.031245278882288778,0.0327062338378188,0.032452403380935406,0.030774959741698714,0.0313523030263868,0.027960880672880932,0.028819867724727017,0.026076464847953233,0.029526538976826572,0.02708628876112077,0.030050532450979196,0.027419139986663947,0.026425596066840074,0.02711341820948304,0.02560728266579565,0.030496677175944766,0.02419878172348182,0.0238317878607981,0.026052199763988294,0.030888165564002274,0.030785940663359147,25.2,1
2,0.033267288225579374,0.04729411655625778,0.03647316752712905,0.0371559827181511,0.036498601589333844,0.035475704122606644,0.03662762577076306,0.0342082220956322,0.03493686485693498,0.03241426642520905,0.034769669067172757,0.03137239297726796,0.03324265378257266,0.03331097186510173,0.030728115471087596,0.03167703044782076,0.028658936651290354,0.028216848753421002,0.026154227616907683,0.029316555066478137,0.026984744212831542,0.02961226832881624,0.027522895156391326,0.026759249830013786,0.026758479546074194,0.02540967246795964,0.030071018456951305,0.024152931961092087,0.02390461464890101,0.026252686424511795,0.031173841039284094,0.02959835634045529,25.3,1
2,0.03411258557099194,0.04753494004873604,0.03615272714783387,0.03676100970813597,0.03671071649677108,0.035685714676445636,0.03644927674202492,0.03431880696701944,0.0351867447120436,0.03284396610871539,0.0341954879585853,0.030922039345034208,0.03254535313005553,0.03264772121746639,0.030328182896226314,0.030680532016228314,0.028613349229967947,0.02834858399004333,0.02688025912675305,0.028920570936999315,0.02741872407809491,0.02892071472685777,0.02774782705607961,0.02612424031654274,0.02712310192849089,0.02536879390815253,0.030298265249478467,0.02434957135678869,0.024558271453609035,0.026854506412347046,0.03155445742702263,0.02984295806045802,25.4,1
2,0.03467523870757931,0.0469510758829383,0.03630087817793467,0.036540337945150714,0.03601625057507207,0.0358411109037267,0.035769150364100326,0.034632279436552595,0.03596648679139412,0.033504717813333196,0.03459241150645924,0.03095573097836049,0.033654997588436694,0.03325043183269366,0.03061564666874076,0.0313271452850658,0.02855589176032955,0.027864360815950562,0.02707361319500436,0.02848363204121676,0.026966556687300046,0.028712313178534697,0.02694465911083803,0.025911392612427222,0.026671924729081878,0.025438253885048445,0.030685650928817504,0.02356598501775523,0.02432544363117378,0.026855235641735555,0.03100509588886132,0.030346100418386684,25.5,1
2,0.03476005147599409,0.04671535717409413,0.036847386446556094,0.03635397202350051,0.03628792699368093,0.036435748683535274,0.03555461253855676,0.034288074584941264,0.036212208654142396,0.033024769837719826,0.03458489553483807,0.030409717633853004,0.03280234869954371,0.033265897447664096,0.029500900681834433,0.031105807203907355,0.02864256754970731,0.027943861419778896,0.027210585147864466,0.029099564650261738,0.027158383428415717,0.028475980758382122,0.027574972346656543,0.026518844719301472,0.027289645380455974,0.025124888852858154,0.0302000766869515,0.02353068929694308,0.024023617684690277,0.027083170141887446,0.03160801095842511,0.030365465363058317,25.6,1
2,0.03492407229135694,0.04673629984040181,0.03574111340775642,0.03659375855088098,0.03633315451453828,0.03650626635867834,0.03601282943273813,0.03446385407633139,0.036355768211063406,0.03283261433094352,0.03510937452601371,0.030212147570808884,0.032974652468678776,0.033244355345719415,0.029348616099616007,0.03131711554812972,0.02830791413880276,0.027284545367996425,0.027716221748889755,0.029206941280315958,0.02710096036603561,0.028322838561998766,0.02772060266126354,0.02624236068449208,0.026832734410390347,0.024974217745142725,0.03038519206092239,0.023706257989080177,0.024023192606841524,0.027171682044752423,0.03161654121628931,0.030681804543130617,25.7,1
2,0.03469043160131357,0.046877968926135175,0.03533005020069156,0.036227432237356,0.036550527172944144,0.03761550642632471,0.03582393273312625,0.0338590753782187,0.036392196455105004,0.03272594337479776,0.03422153031201779,0.03018502346531639,0.032456308945378674,0.033595080503181954,0.029230138008137473,0.031410296305021325,0.028542680959009057,0.02835522650257752,0.027675553540569133,0.029537834637357988,0.026691312840839743,0.028667926959599986,0.028440910344494755,0.026241896762924204,0.02681884109690519,0.02468438261522409,0.030625562718108557,0.023600964047007594,0.02382356277033723,0.026864072153456542,0.031536257166242004,0.030701572840279884,25.8,1
2,0.035225874183609,0.0468115099339288,0.036078865801796735,0.03581393011119015,0.03603434228301208,0.03759714579301507,0.03543604199069634,0.03461405982278567,0.037027914292003465,0.03319238068402545,0.034191383617705545,0.02996416554485123,0.03306081259923989,0.03333606319888397,0.028958770212032584,0.03151364022680631,0.028667917876500585,0.028411965139562283,0.02714235154676424,0.029119683444195552,0.027059641114203024,0.028678420985898567,0.027471423157655106,0.02602302464886697,0.02661329468092517,0.024418660086147157,0.030700296973425235,0.023735204433860832,0.02383471481949376,0.02730636103251212,0.031209191537523922,0.030750948226883408,25.9,1
2,0.03605490070618622,0.04630921990807583,0.03500407214490538,0.035464348151354894,0.03622895279306069,0.03744110392452591,0.03528640279950388,0.03462747146391631,0.03770391541788465,0.03356685687917022,0.03508661240136193,0.030332469020516492,0.03335206105429138,0.03355979964881226,0.02799159210935723,0.03138634393571729,0.028540215882175902,0.028703708541691957,0.026983777424088546,0.028525313365467795,0.02687447256809573,0.028730961248526747,0.02814525168108999,0.026294452899110116,0.0261284666694097,0.02418711470882362,0.030840119653780546,0.02352154957373954,0.02360621433521972,0.027129006513516525,0.031765226446793166,0.030628026129829962,26.0,1
2,0.03600261756343897,0.046787324804536456,0.035303790339962005,0.03590260063822547,0.036483189332275186,0.03828106654439805,0.034645701218408036,0.03425317813078566,0.037688524292516,0.03295200694036869,0.03470438277148313,0.030366598054258485,0.03326919018619693,0.034138215648136926,0.028131463492437708,0.031126223554489227,0.028151614436623593,0.02826226743784479,0.026154356294548514,0.0290245892496277,0.02724723190410748,0.028964830301636914,0.027942868005164673,0.026066916524425162,0.025628997511316757,0.02477770478595451,0.030788169152865863,0.024289304454946294,0.023758290957009088,0.027185593421407597,0.03147694288438323,0.030244249166220566,26.1,1
2,0.03650715897475589,0.04601312433083885,0.034988375795242124,0.035079564113411975,0.03663092481495986,0.039143899330289084,0.03528789480437272,0.034402731531254664,0.03763643212922489,0.03239395602238841,0.03467151303726306,0.030130737684268456,0.033106966944923044,0.03416627812161925,0.027509894349666893,0.031294061577240635,0.028506365867325644,0.02932016435257678,0.026714636915519896,0.028251620783011994,0.02711601169485691,0.029136927872228786,0.02835722704665237,0.026001332551031,0.02604316885601549,0.02445057488254618,0.03092705446356445,0.023948320125971156,0.023727302944775756,0.027003374049945877,0.03124048370450242,0.030291920327755392,26.2,1
2,0.03644890211115241,0.04555299767530739,0.03472746530213589,0.03520418453987712,0.03680753626939254,0.03823889958259208,0.035054653655545776,0.03451558590605325,0.037981795690437366,0.03241661886354934,0.034793168052006586,0.03030435192186421,0.033119556722077975,0.033798338061655775,0.02825183539851474,0.03143684035986499,0.027980669683274662,0.029529108087240248,0.02585819716343834,0.029295880422816764,0.02772571144171072,0.029352478140403072,0.02774311868718604,0.026722856492859565,0.02628123203728858,0.024720036685122137,0.030280242126279347,0.02404347832967272,0.023646202576431186,0.02707414881367763,0.031190067523077035,0.029903841677494717,26.3,1
2,0.03765727019051096,0.04534145430811589,0.035052819829542295,0.03511675722494817,0.036327210464524425,0.03865947137487704,0.03433748713310445,0.034222225827353174,0.03808419029794177,0.032275059999997885,0.03466272627722758,0.03072522182769708,0.033192890355090834,0.033745332480191445,0.027696634840883857,0.030774975338285566,0.028115998625322387,0.030324630236327442,0.02549940363310994,0.029041244666925172,0.026841376512816383,0.029742384679548654,0.028020200946670768,0.026553968926564857,0.026355716759373923,0.025060848695539647,0.03062194401848513,0.024125204254920356,0.023540550279946105,0.026687855890133665,0.031185751399985376,0.030411192704038057,26.4,1
2,0.03791812333750946,0.04542665023280382,0.03465501488393139,0.034048024514423465,0.036505293748677496,0.038686612330829914,0.034663606791125824,0.03407894181348345,0.03812747751888859,0.03304721029763145,0.03440186583546217,0.030718302043415163,0.03297686853605366,0.03383878134782942,0.027722009023974887,0.03135715625393871,0.028052908514758643,0.02964825915368519,0.025586284924746502,0.028572440652368223,0.027501313885835897,0.02985549822158288,0.028077603202302293,0.0265087526993182,0.026103520796271703,0.02490152945799215,0.030368322762555425,0.023991835539624855,0.023472043387253748,0.02711793415269029,0.03172488893100516,0.030344925208030404,26.5,1
2,0.0379470868606051,0.04544552600369452,0.034616189897282025,0.03418642852351561,0.036359051214323784,0.03924199427479342,0.0347584637827352,0.03415485096575315,0.037577980774495014,0.03248906304715928,0.03414707456535277,0.031766310359912696,0.033700804746772485,0.03336909753248515,0.027677720799997838,0.031628657440980874,0.028121505357559452,0.029394822989296663,0.025394634899979705,0.029122355047536644,0.02699818839639838,0.030495387655171843,0.027000600872049505,0.025844733209340127,0.026808623965914935,0.025405907637652842,0.03053277200902672,0.02450837406395454,0.023863618352546325,0.026794912551813634,0.030724786798747485,0.02992247540315229,26.6,1
2,0.0381507272166583,0.045343256692192836,0.03452609309949603,0.0341485368870236,0.03629114636968097,0.0394531249185256,0.034211956731303554,0.03384168242400147,0.037832560561792156,0.03249328654473818,0.03405151008628218,0.031791809948279535,0.033682781372929904,0.033671801686830836,0.02772665180799901,0.031141429102576862,0.028377630488854347,0.029645654308487375,0.02492286551323859,0.029049918306276512,0.027152983110251355,0.030108423582418792,0.02719222720354475,0.026383849325112098,0.026595974975890255,0.0253231685239626,0.030066481965325822,0.023742400887419125,0.024059887999570206,0.027037898840366465,0.03120200562153871,0.030780273897431994,26.7,1
2,0.03863311727247725,0.04458241943352457,0.03436721747507017,0.03391456350700893,0.03652986006502525,0.039853911787111326,0.0341614299530813,0.03417703465149133,0.03735259097330828,0.03218868483974089,0.0339490889755072,0.03163418369223282,0.03284316112063355,0.034091281392500596,0.028564652328343678,0.0307052037295017,0.028049311510473317,0.029901416841076674,0.02469842022486897,0.029177633387279567,0.026796841724430996,0.03014495563943001,0.026999214265532066,0.026845574511794996,0.027450019534988948,0.025784111450836405,0.03022740747995877,0.02380974618022086,0.024055407301569732,0.027175192700888424,0.031285353671332665,0.030050992378758586,26.8,1
2,0.03932877125757439,0.045118940481932344,0.034720121419611984,0.03374522044786793,0.03688047769130817,0.039155645631300494,0.03441122588011004,0.03422268965427539,0.03693218997578716,0.032037661276863034,0.03436316921226213,0.03232865852035807,0.03267360753357212,0.03368557515297275,0.02863699282429462,0.031175843508365036,0.028436634406970047,0.02934620522913485,0.02553084296168928,0.028654266257040133,0.027035550238595354,0.029374678929258748,0.027262937078083284,0.026530573724539788,0.027750243031260672,0.025212204091397284,0.030277283182468962,0.02340547300737485,0.023589502536749025,0.026174138317707946,0.031172336808660477,0.03083033973061387,26.9,1
2,0.03951592663984219,0.0447204219290345,0.034812462744415816,0.033750079466668706,0.036650311765951155,0.03900113920347275,0.034387407469727876,0.03412851486918828,0.03752773059065651,0.03139629512416341,0.034873802919397345,0.03283593982043518,0.033568602068668636,0.03318510641390388,0.02907826445933568,0.03111065655828025,0.02803685908302108,0.029216565394592595,0.025500437972226654,0.028945481102229054,0.02654575576506119,0.029386908517243734,0.026796331163086943,0.026608671972011912,0.027048849646362557,0.025190520811275326,0.0303577068206839,0.02354669478539695,0.023586650709947896,0.026639467351258335,0.03127070737986557,0.030779729482594307,27.0,1
2,0.03989889000466756,0.04376506525652266,0.03402227458178047,0.03375618436635138,0.036540357347383624,0.039456920287815125,0.03475025127799749,0.034370617510203066,0.03688907176531303,0.03183501610220139,0.03470990872461551,0.0327535891429629,0.03278204888980211,0.033207350989748856,0.028882912837688204,0.031045563314556462,0.028407409163935957,0.02912727290419917,0.02573928325364403,0.0290265773637773,0.02700069213990672,0.029223230591787913,0.026943907189119303,0.026548301924037905,0.02692129672145307,0.025492750137894055,0.031188642858754084,0.023767850560311676,0.023403613612072893,0.026996375334683957,0.031158796858903822,0.03038797698590817,27.1,1
2,0.040023944468534814,0.04410255509883492,0.034877718894081984,0.03372169365363313,0.03750735297233702,0.03956771828048514,0.034516529725608744,0.03431152084348008,0.03662287830645062,0.03175629510653601,0.03411323514291455,0.033075723916254116,0.03321609490592266,0.03307626493633786,0.02934932457276901,0.03112197616576424,0.028402200546570354,0.02872845783364619,0.026241967111147714,0.028524846811606965,0.02708096743708079,0.029029375196195365,0.027657962388077217,0.025983476870327354,0.02659450005640736,0.024466834145999063,0.03026051067632447,0.02399262731958236,0.023492957763409133,0.026738628895922163,0.03141979660905101,0.030424063348707387,27.2,1
2,0.04047622087081154,0.04361609193220929,0.03450120604467233,0.03360755052715753,0.037723514680321375,0.038615509775661534,0.0344866094576633,0.03457780729495376,0.03587838932652556,0.031987177745169494,0.03407676771912189,0.033153863655704045,0.0331083113943589,0.033478314652794584,0.02982603197184615,0.03130007727742864,0.027926264408189867,0.028432241481787728,0.02681675665172341,0.029184250283116636,0.027520210429706978,0.028195340680704412,0.027669674862928612,0.026087941277496546,0.02638368648086531,0.02502442640745475,0.030556288924458153,0.024053190570731853,0.023319840381103324,0.026488681317520506,0.031221803903928796,0.030705957611883314,27.3,1
2,0.04109371008979677,0.043766861288669204,0.03432206420657543,0.03369179762734591,0.03780187921780075,0.03881631202736417,0.03486684083331209,0.0342390473490546,0.035852474553568256,0.03197267725931916,0.034127123131281564,0.033273856901791396,0.032860856522987106,0.03318148622026641,0.029676548077897904,0.031665059814626514,0.02890267538561165,0.02784461375535322,0.02738180324239545,0.028416500739270746,0.027211587273628095,0.028604549350042318,0.027211575538137918,0.026166634480513574,0.02622648916310777,0.024449341853704003,0.0301309002976878,0.024381121141481867,0.02335932320702604,0.0268533753810388,0.03100957941199288,0.030641334657350583,27.4,1
2,0.04106571563559505,0.0433723437357746,0.03425313448786199,0.03374740858394306,0.03746113039182774,0.03914181107975959,0.03490462039299415,0.03443539518528587,0.035066120514605024,0.032362359178463224,0.033578510699444356,0.03420561605567844,0.032897471565791474,0.033067866624181076,0.030839751678778685,0.031225367090605145,0.028631701434106805,0.027995508199486707,0.026555934369003078,0.028758475745688513,0.02745357402878021,0.02847616341910677,0.027924565341447573,0.026411045671091943,0.025428916130908506,0.024259245042754535,0.030451487035927937,0.024166845635705703,0.023538925980529483,0.02675324215705441,0.031027705502688113,0.03054204140513029,27.5,1
2,0.04129226675085994,0.04312164590770526,0.034957150442116613,0.033620419675228955,0.03781088101674726,0.03935986382335189,0.0349720820921301,0.034245318569820764,0.03483686507701047,0.03200517575513333,0.03468252359938069,0.03371816447878556,0.032759738379161414,0.03311431997586566,0.030315734930034612,0.030806482537179346,0.02800652810280783,0.02784762598086061,0.02749614511480286,0.028574698993307616,0.026781343841879367,0.02820889967722742,0.028076687038354028,0.02568895323636797,0.026033698209761716,0.025061890800954598,0.03021419149997975,0.024199759829177298,0.023386204946129415,0.026848092507655935,0.03182149071320952,0.03013515649701252,27.6,1
2,0.042037519749769,0.042813730822468324,0.03468702575946992,0.03420029194400821,0.03810764132573451,0.03877983962357633,0.03542175098479897,0.03416676885224945,0.034501786384092376,0.03173737048145292,0.03425512796078921,0.03293122586187972,0.03270993488891965,0.03315678180333014,0.030089491687096726,0.03119111768791315,0.028569560770421124,0.02772284539983291,0.02753357494165023,0.028138952113934166,0.027415928431218862,0.02858243154528935,0.028293369436369092,0.025722953642069182,0.026239103499001524,0.024714431161868278,0.030203177344184335,0.02406748923215587,0.024002835656530927,0.026469628861444435,0.031176513441996442,0.03035979870448464,27.7,1
2,0.04265639972560403,0.04247453203823381,0.03402578288522894,0.033804191397668916,0.03808747238076008,0.03834780813761389,0.035320476563122524,0.03367765304632871,0.034152974240862985,0.031849492668203375,0.034360525671455734,0.033198515755545964,0.032519205625644,0.03282701984711563,0.030630045617593624,0.031028700410397108,0.028814834934311202,0.02847710107441315,0.02706085131485138,0.029399998582221105,0.027092826222054008,0.02906758511038945,0.028008493826355865,0.026303460829123018,0.026023531421897138,0.024987619613776622,0.02989765383440624,0.02449728758636136,0.023863654302234926,0.026831260219001198,0.030751916585161274,0.02996112853206291,27.8,1
2,0.04254971323220287,0.0423504677466323,0.035040427950465844,0.03400535340219452,0.038058697581171634,0.037548391852065925,0.036017053498310095,0.034229015058868974,0.03364836226703488,0.03186481043029592,0.03457121261859473,0.03302186337626019,0.03297280879674602,0.03273962695315816,0.030192713620522747,0.031188236258260338,0.0282329081190646,0.02795393282847471,0.02700757885762983,0.02858547698208263,0.027058800704777633,0.029012815179970668,0.02787962558429019,0.026144926551882358,0.026007756818630566,0.025310074371561006,0.030409604375292443,0.02407370262955923,0.02382846918413994,0.026778313327060918,0.03146306711014402,0.030254192732654124,27.9,1
2,0.04283483653098075,0.042067243004832805,0.03467000809214124,0.03406599035652415,0.038237931320123146,0.0377869877014309,0.03614979028762598,0.03417106058766672,0.03330322355914774,0.031852381123508196,0.03458211218726441,0.03249023263375846,0.032578675562661065,0.03252905985532356,0.03047209060363592,0.030972146781423054,0.02824082730634489,0.02805983440039922,0.026692391681580344,0.028850271406436635,0.027264041162430915,0.02951974812966709,0.02798176745619809,0.02632930593227057,0.02624170842198165,0.024755268248176296,0.030119061978889864,0.02417650009328198,0.024156088970986422,0.027251924673508163,0.031029812860642582,0.03056767708915728,28.0,1
2,0.04306940587674295,0.04230102340687345,0.03456129318577197,0.03364190982341417,0.0381807325340177,0.037356344956032905,0.03593623301741434,0.03404079716533513,0.03351628448858784,0.03188414058772428,0.034810683286153804,0.03205715556620048,0.03273471400452784,0.032946415355962225,0.029528622540078618,0.03110564773888976,0.027932965046561065,0.02858683308036945,0.026322057147780943,0.028974208677549813,0.027457263797008993,0.029709436812122146,0.027791094578250894,0.026560014524117704,0.02665619507903067,0.025339141440706547,0.030518875294192095,0.02372760309420342,0.024031959794069076,0.026984593310158032,0.03152984030514555,0.030206514485006043,28.1,1
2,0.0432135713222332,0.041693314785421175,0.03446948313380988,0.03422089438700671,0.0382018080615362,0.03783415676207628,0.03656425908538111,0.03399185000841875,0.03316407196955969,0.03199143615554501,0.034303334170026886,0.03174098116741687,0.03319412945979069,0.03298979432735814,0.029236064651555753,0.03130050650063584,0.02788550028473168,0.029147499247783294,0.025667058821588862,0.029317881409787274,0.027178945041124676,0.030315104118312515,0.027722801329874397,0.02641667106166979,0.026816991377846433,0.025140793323914223,0.030179592050487137,0.023651802520467047,0.024175270145943013,0.026765042931091977,0.031397727577295274,0.030111662810310195,28.2,1
2,0.04369273842820501,0.041431748029339445,0.03524680422186309,0.034262719856360015,0.03850287452870674,0.03721343583369339,0.03649677536479076,0.0346139991749776,0.03280163579524916,0.03201851166916687,0.03468160036787436,0.03196000444970386,0.032488345286110866,0.03287592763784996,0.028971349280528618,0.03142345629823594,0.027993748530978163,0.02949526558400341,0.026149413287695347,0.028702277481388285,0.026846010370687606,0.030479629941736586,0.02725129070735782,0.02686085881568028,0.026809453573199568,0.02527080809227173,0.030552323499434927,0.023222956224724152,0.023690894046671497,0.026579044385182805,0.03120073529952524,0.030213363936807045,28.3,1
2,0.04376360281063961,0.041491476421380166,0.03521531647577153,0.0346843406742838,0.03876189948937882,0.036778701120234306,0.03643485438756925,0.034494021324516996,0.032529868092222206,0.031680108511919755,0.03419277675652112,0.03179107768733294,0.03345981416174173,0.033393651976632306,0.028721475795657505,0.03111723299173014,0.028033162318170168,0.029567039231013642,0.025400954228439927,0.029540938132104053,0.026834365574262473,0.030040824233937835,0.02733236853266731,0.026316542635519136,0.027654725598828415,0.025208813157559486,0.030445443932256462,0.023373679951533742,0.02305546496690724,0.026735914776926058,0.03151322349251986,0.030436320559821733,28.4,1
2,0.045159054586698784,0.041143660362603106,0.035480949898115934,0.034237235515593066,0.03868008716966316,0.036405788200922724,0.036948147505602,0.03459976320250587,0.03331729130982853,0.032050872462312495,0.034085198717089336,0.03148724971403446,0.032883747743733684,0.03337443326734982,0.028368647141161794,0.031174998716174792,0.027509500073217383,0.02981291768845192,0.025045856563779608,0.02904311532282468,0.02685869115729492,0.02939193885991461,0.02707055564974338,0.026695460276992215,0.027497629410105594,0.025264138186009834,0.030823041303975045,0.023134739849434573,0.023753337224856664,0.02678347230723555,0.03156346724508748,0.03035501336768685,28.5,1
2,0.04510311895227641,0.040890553078678435,0.03580633677106242,0.03516882429251455,0.03843859733218325,0.036037693056401865,0.03730772444892925,0.03400650884035104,0.03316894538546265,0.03267072294059533,0.03417680613293896,0.03084048968470587,0.03293847736783025,0.033558157430966525,0.027907515650535675,0.031092670357379216,0.027647927942873376,0.03002563524474506,0.025113618357949254,0.028893605309466254,0.02743102924391549,0.02959075089540168,0.02712555309707592,0.026725754929989836,0.026751640090226878,0.02530382843597923,0.030211754634289927,0.023869214959412164,0.02343736209323677,0.026676997170424644,0.03167527735203113,0.03040690852017067,28.6,1
2,0.04559430968447144,0.04057135144736413,0.0351945471894864,0.03491055982308479,0.039362680345235324,0.035837892410334145,0.03704272082484423,0.033957463250872365,0.03355441546393441,0.03287351696672426,0.03472847845943294,0.03075175776270969,0.03281838391494552,0.03323981228944274,0.027533324322257684,0.03103495017344853,0.02825405534931938,0.029977800435692363,0.025450077626997223,0.028788448582012818,0.0271133039144884,0.0297781773391381,0.0269892450127507,0.026210163019531125,0.02694405611662507,0.0247895486075339,0.030781367437352727,0.024104420156803318,0.023129136875503265,0.026984929968018666,0.03106530199700475,0.030633803232639405,28.7,1
2,0.0462007587831042,0.04034351097187608,0.03520481214673884,0.03502608759260086,0.039294228623728084,0.03558481057100463,0.03745361878801967,0.034167621918877886,0.033460016491394184,0.03233244726481971,0.03473790965742739,0.030447081620549335,0.033110044708909984,0.03323915842798004,0.0278874217377955,0.030878109069673938,0.02804332444754845,0.03050711450380878,0.025088846180107437,0.0291592820670146,0.02682351866399986,0.029246183133461397,0.02743047248294816,0.02616976964516015,0.026736813882885305,0.02503139459889684,0.030350769328672544,0.02407110535605598,0.023445973735846216,0.027053324939684893,0.030976431307622475,0.030498037351786716,28.8,1
2,0.04608308352559738,0.03982123156082796,0.03586871418383428,0.035082580982492485,0.03953246060156688,0.03500457379617977,0.037387237051332116,0.034246365027965055,0.033196031370148954,0.03300063917289043,0.035414411152335165,0.030391167997356295,0.033664849294598426,0.033609883454703456,0.02780878787429424,0.03064251144286963,0.02791319023925097,0.030066045491966155,0.02504370586918082,0.029188244048793607,0.027243401107948543,0.02879121391072392,0.028060110863030254,0.02585244179812494,0.026198696203545105,0.024341280181756516,0.030603566350209572,0.024324029918430464,0.02332709046076102,0.026637393755483234,0.031131633773536522,0.030523427538265754,28.9,1
2,0.04627667114594764,0.0396358162259825,0.03567202421732841,0.03563356168387422,0.039265059548868754,0.03512266579719828,0.03717001528469155,0.034571195085774484,0.033621601236697406,0.03221893825676065,0.03465001040193911,0.029701577389810004,0.03297696438224991,0.0337994930333849,0.02763111528685817,0.031191364665605428,0.027807937801637022,0.029608779405228467,0.02613712970099907,0.029698658737907637,0.02707752640223245,0.028425719529437753,0.028358567155097852,0.025918315409768723,0.025767118016584357,0.025201614983634626,0.030925632793837997,0.024197644755151775,0.023318050418115504,0.027052961837715998,0.031103717419085134,0.030262551990594074,29.0,1
2,0.04706261229840157,0.03966382431479765,0.035937684709599786,0.03642014128167265,0.03916465079579354,0.03392829282856333,0.03769468760125957,0.034455822208886246,0.034005690878023596,0.03281462682455507,0.03388029785121143,0.030010849027222855,0.03315741298872921,0.03383315113471982,0.0278411326046455,0.031128586732435428,0.027510754703167096,0.029404242546408516,0.026038656158528836,0.028813937691052435,0.026868037926839294,0.02826631579104656,0.02819370029373426,0.026364713695928816,0.02564468960976069,0.02543325191633498,0.030403326690469454,0.02395823709159131,0.02364874142421667,0.026943531720230052,0.03143960347851209,0.03006879518166143,29.1,1
2,0.04698287027412614,0.0393467586327762,0.035602473948577226,0.03591931827791786,0.039510971716656025,0.03402843888291411,0.037739975671801665,0.03388331528507111,0.034340118232934626,0.03254807605413614,0.03482855758076409,0.030440467677321364,0.03314054409437811,0.03369128542563718,0.02791024901525769,0.031067432505559864,0.02786774437729691,0.02907589369361143,0.02628597639140736,0.029443911510073566,0.02771121445837774,0.02782633357009021,0.028029553359355655,0.02589105721777207,0.025857987630623955,0.024931846548293744,0.03045237999080449,0.023783788050180464,0.02380698386676121,0.026653306908059147,0.030793689435754504,0.030607479715708364,29.2,1
2,0.04769446019510473,0.038654717591095164,0.03584428986583873,0.036531111180583664,0.03924802438011183,0.03366614009445471,0.03693647681477743,0.03450153799745222,0.034910143928109684,0.032502878894998866,0.03460262586062445,0.02982674644954799,0.03330929755758901,0.033558076158502016,0.02810084487515905,0.0315206906733956,0.027822638242023103,0.028050485984642867,0.02697654325410358,0.02856707425718547,0.02699581030718334,0.027803613086754185,0.02814483683734163,0.02628513824961602,0.026397925694983733,0.025334534363134386,0.031043073614596742,0.02366290956336847,0.023464456315805477,0.026854253448692855,0.03095775310832667,0.03023089115489618,29.3,1
2,0.047295286898365985,0.03815348312026446,0.035976427269144524,0.0361856340641337,0.039457998285553596,0.03332329574914632,0.03773863385939552,0.0338750679871354,0.03485101866368163,0.033024210710854256,0.035200884781332084,0.030296029565863525,0.032944967219640776,0.033532001261458395,0.028678859769298962,0.03087361209198494,0.028188095324917225,0.027753212261763298,0.026699108183352326,0.028426732087517868,0.02738593532348316,0.028158659538671478,0.02800668639507378,0.025638977026651553,0.026420957515463347,0.025473544990809952,0.030423981969192642,0.023987690865976907,0.024129032142354297,0.026508874341159033,0.031679269434890134,0.029711831301468934,29.4,1
2,0.0475668798467816,0.038307801087405474,0.036620292847032714,0.03681608829839778,0.03873466031826073,0.03269292374960265,0.037385780977391835,0.03404494576943715,0.0357741237509035,0.03270091676061344,0.03426103830320174,0.030022544766416713,0.03282587384181541,0.03362372542228841,0.029047098773507786,0.031557701586395995,0.027914833776311127,0.026844071771578545,0.027267336068758898,0.02867281592796793,0.026671724836778397,0.028970604155158588,0.02780943444952617,0.026072089520413157,0.026683483848340035,0.02485313355054867,0.03053658205088826,0.023574448926738104,0.02410606096151361,0.02662464229069295,0.03128477661877676,0.03013156514655595,29.5,1
2,0.04853742009681042,0.037528362334627335,0.03670092795943185,0.03658718744159596,0.03926340082932152,0.03275291610956282,0.03742938635356075,0.03394108963644163,0.03582476632612068,0.032924823319716995,0.0339198095396522,0.03076128570998096,0.033072143282066285,0.033474318907198514,0.029502451533127545,0.030862172229607354,0.028502700560576022,0.027950376918120263,0.027549441145803554,0.028828071658763256,0.027112269150224997,0.028620433431757335,0.027331173075854934,0.025871329539325527,0.026574457416976803,0.024574949674982163,0.02976810251818737,0.023566851032384133,0.02329078356896325,0.0264626767843494,0.030789174214482913,0.030124747700425423,29.6,1
2,0.0481354032659206,0.037830162120747884,0.03649130983464447,0.03718453603084368,0.03920251588287336,0.03267200572568206,0.036884212072032255,0.03396973425971107,0.03585125716906944,0.03276928358004929,0.03429010352428093,0.03110857752097244,0.03312163213756317,0.03322354295734321,0.0298492873018158,0.03132312066405816,0.028271381438246184,0.027858086618107108,0.026872233991398084,0.02843270186972159,0.02693713604629246,0.0288471744603863,0.027317239041277704,0.025974937386267695,0.026332613414630276,0.025401838443200823,0.029800894328112663,0.02335053941979163,0.022863570025938477,0.027153950836308977,0.03075362164294624,0.029925396989766,29.7,1
2,0.048539264895704856,0.037744617969706115,0.036842175956765165,0.036993083463462084,0.03890680261740725,0.03195241647128852,0.03714969632389411,0.033959422801583344,0.03611110482797293,0.032313434340683,0.034126320841011186,0.031426543094733014,0.032725244619110375,0.03324932422713166,0.03050672470450912,0.03108226505870165,0.028626627049022208,0.027349112185682846,0.026471733664867127,0.02895647979799775,0.02703785963447607,0.02943860556027026,0.02722342728282148,0.025784343554486448,0.026527218801490872,0.025103792869225903,0.029647402450459742,0.02333577354132553,0.022719921279097853,0.02623523473665195,0.031118125867606594,0.030795899510852934,29.8,1
2,0.04857413205095068,0.03722784719886759,0.036714886855471376,0.03737243797662301,0.03930764178920954,0.03257421789753118,0.03738371250468993,0.0340309944890356,0.03651577990743787,0.032463161067826825,0.0338659282672852,0.032323942576627546,0.03281964218948874,0.03249414645098563,0.030216258566251264,0.030794824291388738,0.028276536799002522,0.027400298140539497,0.02631386920179034,0.028897067017182518,0.026422252885644915,0.02940560216139542,0.027061758425946866,0.025724750050766354,0.026952279994216382,0.024743982478442807,0.029906190362126297,0.023758702733490573,0.023196650593262626,0.026578254287903294,0.030613725268104255,0.030068525520514686,29.9,1
2,0.022754418673895455,0.041794479285264384,0.04122305779286129,0.037841300763602266,0.037850026431524644,0.037741098150216375,0.03696285533001241,0.03492324874590851,0.034960152096148826,0.03179336917488233,0.03585532596218817,0.031476950609641396,0.034106272897660904,0.032235090475288455,0.030056734146388646,0.031116597835882453,0.027771273225435066,0.029543995702133043,0.02684079776983539,0.0298304338305605,0.027221139514427582,0.029907534031605437,0.027758636179615468,0.0261437525258551,0.026960572420213262,0.025030824003177313,0.0314518504878621,0.024591934229568117,0.02351848111369395,0.027364349570656088,0.03239723068665676,0.030976216337338436,20.0,2
2,0.022609436322415122,0.042031354264441045,0.04200939989772683,0.037369001126605336,0.03783470392946709,0.038570832872914435,0.03615303869107329,0.034536104243421815,0.03448382820104434,0.031347297402562924,0.035420973252947525,0.031438151224192884,0.03351647267883774,0.032335135672208866,0.030954920955069996,0.031469644158845546,0.027721316392942296,0.02977164674804936,0.02716758283265361,0.029358937758453624,0.026426699620731926,0.03054960613934643,0.02744082609170934,0.02650414959378948,0.026730522791730587,0.024862958722661116,0.03142596967721501,0.024554531438137073,0.024465697351733234,0.027762386945897662,0.03215434402452513,0.031022528976649612,20.1,2
2,0.022154836976790774,0.04224097737609271,0.041625071488180836,0.03783186111507208,0.03782279876929099,0.03800250899919188,0.03679957921742437,0.034726270623227154,0.03456047432282847,0.03179882408139891,0.035990312703872346,0.03131868239728722,0.033476277228528833,0.03256288377710307,0.02977512766506261,0.03172478008782016,0.02802890140059211,0.030397828804967532,0.027180851962168663,0.029063064060072988,0.026499323554553218,0.029984025427401553,0.028345936185295774,0.026409233344373628,0.0263028752377148,0.025061273371015068,0.030940879741531424,0.024241289851265998,0.02398889384412196,0.02812610430915451,0.03211310655867318,0.030905145517925003,20.2,2
2,0.021818065739294564,0.042566193778907184,0.04221506428447195,0.038063508107888076,0.03771335739615665,0.03854824101454789,0.035576645677996406,0.034946995181436034,0.034251812091989076,0.03200246418345565,0.0357160648401822,0.03126210508228404,0.03348110213986457,0.0329718940412873,0.030369662653285612,0.03207233985781174,0.027827636018154932,0.029993773637361887,0.02685036404744255,0.029124390678050876,0.026801527355262315,0.029741155551285967,0.027583952569535396,0.026544491364145575,0.027131587887876004,0.02489117461679896,0.03036425697666899,0.024072783419173814,0.024911576092103694,0.02690117618234008,0.032267243510295536,0.031417394022644735,20.3,2
2,0.022780388736536608,0.04324404150271337,0.042745708423426745,0.038283608033919767,0.037614035411423254,0.03847423181746734,0.03554458812534676,0.03420172627379629,0.034161640883700495,0.030915660772756145,0.03622049315613709,0.03129380064096678,0.033175488863105486,0.03341372440533962,0.029937964964388986,0.032259887495460424,0.027821694897689295,0.030265664388512213,0.02674355317833692,0.02880463423705367,0.026789410030787,0.02963904192604839,0.027838394388153408,0.02638368164751067,0.02633768679813199,0.02565271357748732,0.03105956675802664,0.02396188461943191,0.024589485038247535,0.027277022027029585,0.031616484515889505,0.030952092465178802,20.4,2
2,0.022769194941702653,0.04297206789579116,0.04207211284020447,0.03797573052762696,0.03751774987461611,0.03891104675508364,0.03575294106673526,0.03316280404105956,0.033889759046443854,0.03195758730665992,0.036127413491159666,0.031804829540122787,0.03253037749624115,0.03321097194740538,0.02987042328140775,0.0325601045569699,0.028497422462615846,0.03029472160878572,0.026269829367406163,0.028624411390367147,0.027270852199401542,0.029912813685291185,0.0279789391422441,0.026458626470079762,0.027098703575890372,0.025172506507900313,0.03045628308120037,0.02409827285873395,0.02464298801999733,0.027143450990277387,0.03212679046895043,0.03086827356162808,20.5,2
2,0.022720983929738977,0.043386955312389126,0.04180740946163738,0.03873277143110042,0.03814373258970053,0.03942929620449983,0.03433699311121151,0.034134931656382025,0.034083394026380304,0.031653814540848035,0.03637698216101312,0.031188591678280597,0.03273294177955647,0.034021680968344306,0.029922423486158273,0.03289122136677148,0.027727282788771394,0.029147507437676218,0.025787669718641448,0.02874733383578348,0.027689661531698835,0.028854034100450024,0.028219912833633187,0.027156041222331513,0.026701410413678642,0.024956661017080592,0.031131592823967217,0.02425363340473761,0.024160807870384677,0.027497352837348905,0.031581673103350444,0.03082330135645352,20.6,2
2,0.02265618496184084,0.04243260495438391,0.041886581855085786,0.03913340892879515,0.0379078543133649,0.03953548098947895,0.03492593558943358,0.03450795061895105,0.03354150085314429,0.031660233699235395,0.03552605070989518,0.031227168559948112,0.032487740406475896,0.03408339012671657,0.029787865389593698,0.032587642081450575,0.028201141111616146,0.029018225928598373,0.025763156326263623,0.02909531015232696,0.02789689643023588,0.029399560799612857,0.027502988263961733,0.027578493063891058,0.026879501608768803,0.025710581534333237,0.031153071266304184,0.02411704314809448,0.024387715192709273,0.027116443864720695,0.03162697660916179,0.030665300661607185,20.7,2
2,0.02269757414456924,0.04283279282007245,0.04188262110452584,0.03930155160000289,0.03767461344186374,0.03928957241674665,0.03519420005857525,0.033644112933422766,0.03362404944620712,0.03195105074939104,0.03546296215179753,0.031661780311042116,0.032461328723360175,0.0338576430501315,0.02912642662974373,0.03301527197272743,0.027791434038287023,0.029273658929402646,0.026520915593588292,0.028619737126828054,0.027884857313603743,0.029426718719409776,0.02829487978560161,0.027290630994107095,0.026999734254092845,0.02568296674982022,0.030792734564720963,0.024378091483796556,0.0238420241575819,0.026980448576220274,0.03192733700530096,0.030616279153458784,20.8,2
2,0.023132047143069014,0.04368719483484763,0.04236072636388001,0.039002146911262,0.03783628159302181,0.039722241609504494,0.034786458410471024,0.033635517677122063,0.03378965659133605,0.03248662928351697,0.035343132813137196,0.031831010900576204,0.03193414522106071,0.03451848040947741,0.029374854621826825,0.032324369495029606,0.028952920769874588,0.02860442862610395,0.02624782169973128,0.02905065108287808,0.027626369660338646,0.02902077828084317,0.027956059894880238,0.026755895210957725,0.027484843036495062,0.025346426157268002,0.03044329377464802,0.024184293446784057,0.023175586521286016,0.02709271406243075,0.031487795784280216,0.030805228112061222,20.9,2
2,0.022427850961705534,0.04269268770745441,0.0423914890329002,0.03944102997649527,0.03816717087549496,0.03919653617285547,0.0343476039826251,0.03294900128701078,0.033787099392870265,0.03244653683023713,0.03510199925711725,0.03244822880509233,0.031601762216227194,0.03475734858329453,0.02869383254245679,0.03245505273606578,0.029799304414740917,0.028601419302086418,0.02633652676641787,0.029745167005510154,0.027828485941417347,0.02949645505954728,0.02824877743097314,0.027451207248818398,0.026974399555932817,0.02569796419041006,0.031002147602720083,0.024216755259764296,0.022920829716756855,0.026801393309548633,0.03135394637947358,0.03061999045597897,21.0,2
2,0.023331477348254387,0.043054574945188634,0.04178158119552933,0.039779900677547116,0.03802486574162656,0.039143989796044915,0.033917640283594806,0.03380613296310391,0.034448353215198485,0.03244530388461317,0.03493411605784603,0.03257057270966199,0.03275375996006362,0.034962954853846324,0.028859297931173578,0.031464055716971764,0.02978903397861641,0.02881351943856472,0.025908036638388973,0.029355855449996845,0.02787612575785641,0.02915871282591357,0.02800820917623691,0.02641353544653637,0.027261446009422402,0.025160844633467027,0.030609906254476314,0.024658001201525427,0.023083410075712213,0.026952684444724886,0.03135529479359962,0.030316806594697213,21.1,2
2,0.02316665881834375,0.04344237104041472,0.04163445880717734,0.039370126581013645,0.03829370406658253,0.03912376572441719,0.03389817159639768,0.03348278240864684,0.03400240956704858,0.033161368389848844,0.034987045256960225,0.032573023707555306,0.032325449792509245,0.03502654273772638,0.029353922082920047,0.03228690394367844,0.02914045572875363,0.028480576719636067,0.02614152327641693,0.029938706732368404,0.02773142225603109,0.029731605485513724,0.027600008641947456,0.02646578351786988,0.02655131695117711,0.025238987289730033,0.030363606818753268,0.02414351804272149,0.023625337526497474,0.026857292662483576,0.031404473651749,0.030456680177110246,21.2,2
2,0.023646219484670973,0.044214030601589016,0.04139186797113892,0.04023383290834201,0.0383136592403296,0.03878688930796538,0.033931095847941635,0.03386029889507973,0.03444181723129465,0.03350778762278469,0.03503614473473969,0.03195948287015454,0.03282226055645824,0.03470489602805031,0.028761879132933505,0.03116076584257669,0.03012427437017936,0.02810765596667207,0.02600303746053583,0.029417969057275475,0.02767843328777174,0.029458031572730466,0.027621877924294814,0.026360896678582314,0.02688300076558734,0.024713165095145404,0.03030465102695496,0.024033037336517165,0.024216980275349114,0.026330429342996356,0.03133522514018718,0.03063840642317091,21.3,2
2,0.023184107841983825,0.043870697201732825,0.042083983746913814,0.03956188187318448,0.03874082232873555,0.0392765375603589,0.03395948495657335,0.033808688224569415,0.03428145656211584,0.03333488462595041,0.034833640916989504,0.03218444591287812,0.032724108292589545,0.0346523897877031,0.028797387398193174,0.03173499997731522,0.02915507728193033,0.028818472294090847,0.027065831976332357,0.029613441065202223,0.027424518942138553,0.02977158085941895,0.027602473885187048,0.026158506137007535,0.026400425474096916,0.02481988965909313,0.03038821053585867,0.023808431030432932,0.023844732866824623,0.026376927084619015,0.031286556978591236,0.030435406721388326,21.4,2
2,0.023724768470009268,0.04378809371469622,0.04228389631862173,0.04041364330132557,0.03854746942095263,0.038986453059308424,0.033914139095879516,0.033453940407915835,0.035033600235785396,0.03350671362290197,0.03424249875409911,0.03224926979246318,0.032907087442299636,0.03507892294470059,0.02861219565462895,0.030910824859382412,0.029563769400425165,0.027877996386389704,0.026394359089902918,0.029651116812575824,0.02711282921089616,0.030199253121543822,0.027445124087509765,0.026004351404962874,0.026175334205302707,0.024314997081056312,0.03020961392534979,0.02440225196359455,0.024241716633508104,0.026585000392717748,0.031500328063888645,0.030668441125405427,21.5,2
2,0.024107543958868,0.044184827277803415,0.041704901267649995,0.04026064060764569,0.03877967580644727,0.03882346834969457,0.03411639499582262,0.034085035160207236,0.035155495689007644,0.03381822077080622,0.03440710425698761,0.03253977422076615,0.03349571935088154,0.03443609926871931,0.029163716697363107,0.03087572123412675,0.028621225910931712,0.028632108601181365,0.02688087640156204,0.02967028577791327,0.02641572334529671,0.02951004538458792,0.027358873960532822,0.025782741418005725,0.0257479756004172,0.024818610719669978,0.03032500663607392,0.024086593335523775,0.02415331751029113,0.02667633164491716,0.030855749987274382,0.03051019485302415,21.6,2
2,0.023715183440758163,0.04482455913475892,0.04199524662023296,0.0405588061645618,0.039137857116419844,0.038791092125283366,0.03444294369935569,0.03448175890197332,0.03522596835318727,0.033942777024080224,0.03341723108514645,0.03246984962757404,0.033012754955693766,0.03433743864901431,0.029086837881441594,0.03053685797832174,0.029136361927227725,0.028705987513666955,0.0268262293075386,0.028914807200462852,0.026438015884440905,0.029525856814275758,0.027365926695708632,0.02566992558898662,0.025948616694265333,0.02514080219706065,0.02993975156601391,0.023562085297488863,0.024419979512136585,0.026625670015687,0.03132952996781045,0.03047329105942567,21.7,2
2,0.024151222482619108,0.04500699363727491,0.041930243511788076,0.04086991180330058,0.03915793013386888,0.03865856179513178,0.034218737718557574,0.03397856141838933,0.03596993044911837,0.03390210436516942,0.033761569329958496,0.03263987485505383,0.033147921430239785,0.0341096238978973,0.028588240135592767,0.030372127883713355,0.028078278438621235,0.02842465029743554,0.026609735533091795,0.02919501895547867,0.026133377873937432,0.02934244073960982,0.027709872586176687,0.026271488888032015,0.0261967351249686,0.024137324017936897,0.030628795858595473,0.023903484355939125,0.024025922988200315,0.026440191508603286,0.03169812947357458,0.030740998512125094,21.8,2
2,0.02455148601405618,0.04519443310482569,0.04191046682347584,0.04066804260944732,0.03902271802372906,0.038749905967403846,0.03416076469291258,0.03432394616591786,0.036470696978195875,0.03407418539806167,0.03377947312606254,0.03259951119442105,0.033688298282356206,0.03305533236630258,0.028916439352534497,0.030292955619831197,0.027584609603088263,0.02861293635167572,0.026765084150292693,0.02913676036556087,0.0264060048556675,0.0291360802917005,0.02721284766443343,0.02594625640418254,0.026388143742330682,0.024972658092008965,0.030653595246602727,0.0236077543488887,0.023386293968892247,0.02734136389243491,0.031108924773832786,0.030282030528873485,21.9,2
2,0.02492258450891029,0.04510019415482534,0.04180474043709688,0.0413406804568967,0.03923859628947627,0.03821304491919874,0.03424002025200785,0.034274443222695135,0.036172225941612644,0.033711038266362424,0.03372871788929639,0.032228012798109947,0.034620920974776974,0.033434967817000345,0.028722549332222076,0.02977704428456459,0.026924047037411757,0.029488042799090626,0.02607568487108434,0.028382760125197536,0.026375562905059734,0.02953607767957889,0.027399027585572302,0.026027435752714875,0.026437285916962417,0.025131801808331466,0.030577327600183588,0.023534346180956935,0.023655805321980826,0.02702782069608824,0.031559416598959236,0.030337775575774533,22.0,2
2,0.024452080316792562,0.045387371973359174,0.04144897980017033,0.04093543480598511,0.03931420580677265,0.03804795130828575,0.03482902453431044,0.03469526164090706,0.037065027381801924,0.03410155404561086,0.03351103025076522,0.032126841225954904,0.03361188647171211,0.03314516608909853,0.02904064727492021,0.030599264403775125,0.02670455995931721,0.029149086031475497,0.026467120914458086,0.028189930920611464,0.026560423892533054,0.02909747828527303,0.027649709055930703,0.026393481534987755,0.026257048325573257,0.024790131985186644,0.0307442162363466,0.023647459357227348,0.02335599904160586,0.026305941742812658,0.03167197007525171,0.030703715311187114,22.1,2
2,0.025283991709385927,0.04511256309840841,0.04135208628865607,0.04105023443473672,0.0389516508885539,0.03733190323801098,0.035123955370049524,0.034788687423117574,0.0364119713391467,0.0345414986740751,0.033164812132227765,0.03236955773100491,0.03384194062058548,0.03245515748628438,0.028835947660849712,0.030299653778244562,0.02675775630720964,0.02947334559107864,0.02616795184857779,0.028325876505127533,0.026765988111681887,0.02878056735249385,0.027561230873020846,0.026725016407958515,0.02662934348733337,0.025145306667415337,0.030909949933236765,0.023770923938537462,0.02352543608594672,0.02715464584859674,0.03122862549579985,0.03016242367264745,22.2,2
2,0.025241288719534412,0.04573259669132458,0.04200475651015738,0.04208058000264565,0.03916451942358075,0.03731937361525086,0.03494074289908015,0.03443107104850602,0.03651958114783469,0.03333021052726155,0.033232375121107,0.03179137508972577,0.033645675937480725,0.032305809011267665,0.02905522609034337,0.030287235730389783,0.02709124632350467,0.02919886602724929,0.02615478711662448,0.02791124376305058,0.0270385418556739,0.028727984482216223,0.027524216097726085,0.026606392047199924,0.026462995230531198,0.025332071869948423,0.03064424148587426,0.024553424426476456,0.023621195649301614,0.026621875976130294,0.03165669694408548,0.0297718031389164,22.3,2
2,0.025717790088269223,0.04580089969928553,0.04097476848823386,0.04081525732371285,0.03872594432046883,0.03762180205618758,0.035649301575151233,0.034731218115551625,0.03712569892021458,0.03363720638073395,0.033213204623574175,0.031885149393317665,0.03408892008882493,0.031239577917387032,0.029418461934513623,0.03097350466111304,0.02650084181730047,0.02902003658513077,0.025532989188787162,0.027752644581585127,0.027286277725761504,0.02887005919356448,0.02810857030564974,0.02670656193055658,0.026818448205452594,0.025328126198293655,0.0304508538849794,0.02399940839604361,0.0233163761793453,0.027249093498372463,0.030993411710277995,0.030447595012359337,22.4,2
2,0.025529675333165712,0.045618624933489386,0.041047299368602456,0.04142762513547884,0.038943324732196846,0.03694447367431681,0.03578490074448886,0.03485418818091531,0.03692978041434656,0.03383876031827681,0.033148460730275706,0.031471728681205055,0.03339710472268567,0.03149433480400508,0.029281354542134572,0.030551196898971525,0.02712817768469443,0.029115902264728703,0.025736192248329733,0.027993258068496847,0.027900667808895805,0.028829267148204215,0.02786583481749917,0.02687401714565747,0.026779874116250067,0.02519270837014096,0.030660739522566174,0.023919144585903773,0.023676012781846716,0.026844686108015065,0.03118635741519405,0.03003432669902169,22.5,2
2,0.026119953667487275,0.0460699429660957,0.041046887432032726,0.041000037248889475,0.03906540903735437,0.03618614546467786,0.035910500654229495,0.03488374027519658,0.037580700012456954,0.032730563615351184,0.033916819030035184,0.03158204540944545,0.034022071223063846,0.031926245155221154,0.029027829713750637,0.03074984756724262,0.02739877021640441,0.02892942977022675,0.025667393979302632,0.02811440930107091,0.027395618657945688,0.0288442319914136,0.02744343558102136,0.02653388242209198,0.0271138137716313,0.025012204464402738,0.03056777164684198,0.023848360627571175,0.023189980057437127,0.02639154437405542,0.031048274911610347,0.030682139754442235,22.6,2
2,0.026500238326293574,0.04604714904777088,0.04076018918704109,0.04103318466995815,0.03911461665496982,0.03650076953111653,0.03601823757613928,0.03480142551509834,0.036975179915133674,0.0328585948456579,0.03332502069881916,0.03081085452125797,0.03326085011663931,0.03193727368685431,0.029274300547777785,0.03181098841761033,0.02755525768950353,0.029033910873504643,0.025352452304063095,0.028773656206245706,0.028331944980575736,0.029112787801205763,0.02759061932033595,0.02569151682227096,0.02662277634861796,0.025022238394513615,0.029973134479881557,0.023981219627627046,0.023618937942288355,0.026592415972170713,0.031195994701466154,0.030522263277591333,22.7,2
2,0.026484234165394454,0.04637444955416441,0.04071849804627636,0.040850617043960896,0.03886838785828797,0.03565496348174311,0.03664554736487889,0.035068836267610294,0.03699933543523631,0.03248075108544687,0.03376975546654988,0.031097325020425386,0.0332852051472121,0.03177142332799487,0.02945947128927153,0.03157009709696268,0.027735093872613033,0.028932796611048573,0.025424548327429936,0.02928685665908953,0.027294206028378346,0.028901541057320016,0.02716604920198009,0.026264325343670906,0.026463797770102517,0.02494599824591614,0.030237447803529074,0.023546293796519718,0.02435712971847551,0.02704861493876973,0.0309487814454552,0.030347621528285913,22.8,2
2,0.026342801054128142,0.046769816537350684,0.04054504165235713,0.04138169968617155,0.039185010940682836,0.0351904398130615,0.03720970679353761,0.03486718813547968,0.037258245784707295,0.032508974267605385,0.034599981636623124,0.03111541977971286,0.03275658077622526,0.03180111439997789,0.02939696185539864,0.03182609010998771,0.028542049230173734,0.028759456044615946,0.025634567600612147,0.029579800126166695,0.0277054933326848,0.029059774836622997,0.026757235401425772,0.02549473499010367,0.02600761602484248,0.024840013430871968,0.02973758091910923,0.023215148857953748,0.02409239609274142,0.02634325337214097,0.030938146910465248,0.030537659606462014,22.9,2
2,0.026763062681274395,0.046322601392269035,0.04075045689133224,0.041295371449893634,0.03885280958781801,0.035093706954131845,0.036382804841040256,0.03534304502396106,0.03679405343607116,0.03144441929361349,0.03391595172658862,0.030961189057759558,0.03249505076016706,0.031873828048603114,0.02953394418034276,0.032358769637342584,0.02920555171253812,0.028218091510721285,0.026077980700809775,0.029805570581852035,0.02757814888378471,0.02909114203958728,0.027436631670689385,0.02564958653919229,0.026034806311825878,0.02492627762695822,0.030229270946826252,0.023161719069774236,0.023812767930855325,0.026504264089521615,0.031088992165388823,0.030998133257465924,23.0,2
2,0.026866663113197187,0.04657411149527064,0.040203623088573545,0.04117337630280882,0.03897287735081604,0.03404208649175078,0.037050114230445845,0.03525140659750679,0.03668697088981237,0.031948750788403424,0.03466812689464499,0.030793110123899386,0.032916330712377095,0.032468101198206284,0.028985414555951255,0.032314283537864655,0.029599192558023384,0.02861096101035524,0.026254301790379176,0.029806102562015484,0.027093909188174562,0.029011399897646978,0.02764590193058222,0.025445391315047774,0.02568744401113769,0.02452592923420404,0.03014792249815971,0.02331603369438819,0.023732478195273132,0.026669947436672958,0.03137961754039457,0.030158119766016227,23.1,2
2,0.027786923499826467,0.04663994389070958,0.04020499894236243,0.04099105712007047,0.03881236823056224,0.03487556435792804,0.03740845347371552,0.03559573029428337,0.03658959944747307,0.03167186211395193,0.0343108539855288,0.030772274764979325,0.031878488389787706,0.03276059379400015,0.028819938117624493,0.03234331432099413,0.02909821387658567,0.028378651966191378,0.02583288561222639,0.02981910931454947,0.026704824502646343,0.029795239763429626,0.02725206463090178,0.02566852710313191,0.02549136425216856,0.024987597103096358,0.029801866669424377,0.02358725690902681,0.023069293485347527,0.026575438744208434,0.031741148023615454,0.030734553299651968,23.2,2
2,0.027612241719983648,0.0465184503582289,0.040887937926958676,0.041138703267507584,0.03922770679644179,0.034573043454000287,0.03791855815531392,0.035268673625906855,0.03632000322566894,0.03184646003248468,0.03435995433238789,0.03047238808117671,0.03216699007962096,0.03308179829602361,0.029061403654748956,0.031962362435557175,0.0294586471666444,0.02809752839457893,0.02584638850678574,0.029240594150336807,0.026272683380117,0.029785548836306096,0.027565165456775842,0.026201685719703834,0.025623835133216612,0.025271295232061026,0.03007772700923633,0.023456186997683037,0.023306571011907973,0.026522743316353167,0.030707944171220143,0.03014878007506277,23.3,2
2,0.02763348023431639,0.04684292895551214,0.040252828700877284,0.041126875055367815,0.03905307049656803,0.03362883454930055,0.03797264750039716,0.034516519663976106,0.0361766570806608,0.031032974203403837,0.03486379764963962,0.03068124341585342,0.03202541854031903,0.033392225569113004,0.028854027929244366,0.03179252363299043,0.029672698901064956,0.028480684222943205,0.02650884156253137,0.029738372695447872,0.026413271237830018,0.029206643428084232,0.02669817487315705,0.026605918590728275,0.02617837622655695,0.02470282436586055,0.030369999583844745,0.023053813099906426,0.023877744233899708,0.026653249713954566,0.03134385597001161,0.030649478116638526,23.4,2
2,0.02798731814097904,0.047024617826266976,0.04025457059478044,0.040902545610521306,0.03886897982178368,0.03390535511203488,0.037835972166659834,0.03526998030043771,0.035960383379881826,0.03104817447827125,0.03498250066190538,0.030989404798031844,0.03215382661100588,0.03426908601643382,0.029106567324066853,0.0314866163392875,0.028636006305534423,0.028197526489682,0.02585358635216573,0.029950224087932114,0.026167354079061945,0.028969690366857193,0.027326976566750646,0.025811003379770676,0.026634965947979216,0.02469794181572378,0.030026060302463645,0.02427649489460584,0.02318415343464916,0.02660041204166368,0.030959489423839106,0.030662215328972765,23.5,2
2,0.02843359598879853,0.046731056357089344,0.039982720033555345,0.040559548176412205,0.039322038082783534,0.03302937686951352,0.03767244136758426,0.03485045526983095,0.03564525523169569,0.030675963562044176,0.0349056238620244,0.03149920862651323,0.031536384896376835,0.034256867496657954,0.028856404781055795,0.031180002700445335,0.028908010041537244,0.02906120368399712,0.02616747971527456,0.02968725079130287,0.026247834591701876,0.029616376649658424,0.02758174180010111,0.026156224658520928,0.02635842647873046,0.02528597705837709,0.03016586063409725,0.023872695812055245,0.02368113417628185,0.026494143148024275,0.030874777763434558,0.030703919694523997,23.6,2
2,0.02911798725723615,0.04716396209036317,0.039494352567042874,0.04098099783943304,0.03828041291111509,0.03374051231681923,0.03823240485481123,0.03458559613394085,0.03470133220009689,0.030857040703589425,0.034951713560555486,0.03119039357069161,0.031575396936056786,0.03501378689528017,0.028450044983316644,0.03149652284635793,0.028562205686845237,0.02857624762694277,0.026435690376032647,0.02890346750560858,0.026494617049154054,0.028950212797163196,0.02745972678045702,0.026666760081281982,0.026575981636402863,0.02555608638993162,0.030879420345299603,0.023972978836862564,0.023528894285954807,0.026029220156712034,0.03139269984444197,0.030183332934202337,23.7,2
2,0.029024041683838177,0.047101393604860466,0.038856082502040805,0.04054946924339563,0.03844330795443598,0.03340438633531487,0.038629359620692964,0.03502985709029515,0.034560060353166375,0.030302399037735073,0.035281768813352196,0.031179483951098354,0.0319704507231157,0.03470189633503602,0.0291586161157779,0.031098474918879935,0.028671073431810596,0.028862684625635588,0.02647004386278792,0.027920011623818183,0.026621434210897355,0.028393926058853484,0.02815604908982425,0.027092608355093684,0.026648722846460533,0.025479481960229224,0.030690543350814257,0.024215032134323505,0.02385437826193231,0.026494855442254307,0.0307320334148543,0.030406073047375026,23.8,2
2,0.029893693319567587,0.04775011935475933,0.039727420707115844,0.039887092568315415,0.038298890866538635,0.033098901334382716,0.03845908364913819,0.03453259393862099,0.035106633461512014,0.030659765220930273,0.035407676486949397,0.03171398801823095,0.03156354700797576,0.034295341173285476,0.02906579204000599,0.02981265014662632,0.02813079115701598,0.028936759774858135,0.026833333419245178,0.028559880138980094,0.027223406620806464,0.028609069181905204,0.027214752372746426,0.027021932744505144,0.026857715771665475,0.024744645913261074,0.030990622538725254,0.023892575972478416,0.023585155649415546,0.02652281668517236,0.03075375316054132,0.030849599604722975,23.9,2
2,0.02978819668144922,0.04766435761185762,0.03896890190041654,0.040388379208160324,0.038199037310454986,0.03284605931813747,0.03864891149473089,0.03466509870378469,0.0346867063531082,0.03109220707204506,0.034984296068743155,0.031826152958998766,0.03235863905135502,0.03487693051700042,0.02876669827777338,0.030146079816949084,0.028147993105075646,0.02891111344842053,0.02635803705400103,0.02802760013945847,0.0268761239770366,0.0285620689814777,0.027995411911464624,0.02675696177199117,0.027132669103999047,0.025020481415186164,0.030668496430894872,0.02364831560041963,0.023665574388261036,0.026739387187171157,0.03125957518320207,0.030323537956975375,24.0,2
2,0.02996462721269626,0.047359503630867474,0.03913927272924839,0.03979050788551506,0.038379876314315546,0.033140338578362884,0.03844960657295033,0.03450155550287319,0.033857372845916216,0.03100466377316689,0.03560526428664417,0.031078363274429022,0.032525768307263725,0.034535779632359744,0.028527381462395557,0.030413797526679155,0.027657171786425083,0.029209736918046906,0.026547900796574157,0.028208539183814003,0.026784870364625117,0.028812738925688648,0.027963455025974634,0.027179019824314792,0.027038910998236406,0.025134502740290658,0.030107942588318063,0.024098749388579435,0.024069412725918327,0.026696854618053073,0.031318997027561246,0.030897517551895525,24.1,2
2,0.03054004142776472,0.04742635257693089,0.038723341649837616,0.039661075569775946,0.038476694550331314,0.033073621923712576,0.03807465153279012,0.03484859894884857,0.034266340805071044,0.03099353827178408,0.03524210661175269,0.03235620982763691,0.032650623612937066,0.03436282040118348,0.029155533377420516,0.03028972790601453,0.026612318213309595,0.028947271861565208,0.026487886523678134,0.028180498501493696,0.027577833336719006,0.02923616539395382,0.02774620033353471,0.02624358545377966,0.026881276254648135,0.024552746262422098,0.03051284676878111,0.023574752308619395,0.02393742687749716,0.02722689633298317,0.03150626686238325,0.030634749720839707,24.2,2
2,0.031062606907320385,0.047617799369016785,0.0391590923621182,0.039716531009884704,0.03840556491550137,0.032900661131375526,0.03807734853279388,0.034096070747603194,0.034544682171328105,0.0315597184871231,0.035708333589620236,0.032019779791219984,0.032743822493981396,0.034615840730667764,0.028886093800490807,0.03007909448623796,0.026925895249511642,0.029128609502058877,0.026117830498252434,0.028089879479267322,0.02820465551058833,0.029072876526778445,0.028027228857635516,0.02623988939895608,0.02634973857553806,0.024939869669264054,0.030195130961924554,0.0234077739743183,0.024312120548376986,0.026353437397479217,0.03117255914873505,0.030269464175031856,24.3,2
2,0.03149591349643549,0.047738372759556946,0.039026863477467505,0.03925236544605236,0.03855441748657702,0.03313143809382233,0.03744143211627174,0.03407179402737275,0.033750010871102694,0.031060427350939578,0.03520654558552886,0.03200028815786238,0.03313777485425418,0.03418458924324097,0.029054016713243643,0.030335667342586428,0.027207402718207287,0.02945916870066042,0.02606961240876308,0.028917026701795703,0.02784973118945414,0.029647663748993067,0.02802193912821899,0.026357129667373844,0.026340969343452036,0.024365231783030857,0.030417444578730305,0.02354224093627102,0.02370524133946233,0.026933204578507813,0.03112152304944506,0.03060255310531923,24.4,2
2,0.03117002950065488,0.04775443568544555,0.03854647171261651,0.03900135564856615,0.03820277735975719,0.033234117910089636,0.038162871707892926,0.03390380122980721,0.034139279095582946,0.031984523529995625,0.034824242330190956,0.0325599751192078,0.033150403451767715,0.03400880046383782,0.02867169440120755,0.03072734363888511,0.02742413105809622,0.029432966145220552,0.02606582856806349,0.028273338352537484,0.02750329478266863,0.0300920468563113,0.028225543968729495,0.025798425044952486,0.02657818230216318,0.024879355599496014,0.02970834378610316,0.023560242043849263,0.02400035373773123,0.0268518526215644,0.03155945480409714,0.030004517542910277,24.5,2
2,0.031564761208779456,0.04773908270732989,0.03854778515577695,0.03885193277710548,0.03799597893352011,0.03349163546103737,0.037652365877024384,0.033586267060036014,0.03383149200427544,0.03155286706637577,0.03497086927648967,0.03236916096613996,0.03361636335688168,0.03280194326500964,0.02921932929548371,0.03050770889640858,0.02747162138844055,0.029173161047612542,0.02627394307594347,0.02909686412597871,0.02724576827037867,0.0298406265148401,0.02787444001224821,0.025853022542560482,0.02634128330657697,0.02462982350832969,0.03015460292785064,0.02424911525414266,0.023913432120220127,0.027427659911687267,0.03133303907012937,0.03082205361538632,24.6,2
2,0.03218745739199522,0.047982036504192596,0.03830679715214414,0.03825096073610287,0.038325432860098325,0.033832613159360335,0.03706622892126029,0.03404095795185402,0.03360019092178292,0.032101177555612884,0.03445715593972629,0.032215175499844206,0.033868928044602405,0.033271967931056225,0.02920778383258595,0.031007034260947464,0.027088901315031368,0.02899145740099368,0.026126717627531545,0.029549927623138357,0.027799161774974174,0.029765936215173584,0.027441086998763093,0.0257263622899183,0.02586640954853745,0.02462911989909654,0.030327296619513774,0.02443689298409366,0.0233255428522371,0.026569094494961396,0.03164670160229512,0.03098749209057472,24.7,2
2,0.03200894705818383,0.04766449801809394,0.0380280641878978,0.038484543038472305,0.037927143570912064,0.03386415650200566,0.03706081058037147,0.03394868911359841,0.03308612984211137,0.032808549512198026,0.03473152057574942,0.03267827302428155,0.03434148940822745,0.03188219682342125,0.02909587407360971,0.030486282507763952,0.027294156259635376,0.02901855602957601,0.026755245267463888,0.029885130555137876,0.027610852215063434,0.030123483215359455,0.02801526818438776,0.026015288421533212,0.02611630037404572,0.024946360085837463,0.03050170427422385,0.023835203747934755,0.023544651153748864,0.026878319049578048,0.03140566226285093,0.029956651066725088,24.8,2
2,0.03274428764483436,0.04711234883129427,0.03755117016356966,0.037715655688159794,0.03751989235437742,0.033566244966696246,0.03669487163870082,0.03342047786935346,0.033826251379885645,0.03295985427974434,0.03394281921635117,0.03240081396019094,0.03411879098803679,0.03297918427103995,0.02968688635873208,0.031347193967151125,0.027533548431603928,0.02953907015929876,0.026099226538503665,0.030505224606436652,0.027001720024058335,0.03001608380350728,0.027240706025510028,0.02559246683133393,0.026147708785229467,0.02562626705244871,0.030619299378556758,0.024146667470749502,0.023537885178218792,0.027183407026762505,0.030952736191825165,0.03067123891783827,24.9,2
2,0.03276625682239137,0.04825879199954098,0.03735988083716898,0.03722464258474248,0.037956254634890045,0.03422598772727457,0.03656579380985024,0.03396243875915384,0.03387011210712085,0.0329027351122442,0.03403433612320245,0.03215474363731759,0.03363530147827514,0.03199499371817468,0.029154945992509233,0.031779328261087945,0.028574630516387322,0.028815055064570532,0.025928269629568877,0.030301318194483888,0.026261303635802095,0.02919295348059447,0.027545815335016235,0.02649232353734203,0.026662246863080448,0.02516332442066703,0.031101360850664436,0.023949459769610812,0.023835971834917563,0.02675074157511884,0.031072772735099303,0.03050590895213145,25.0,2
2,0.03331172065432821,0.04779031889105524,0.03727101367298305,0.037007607662124575,0.037104764890682665,0.03408139334137689,0.03609074278449457,0.03329698905037849,0.03415352420378788,0.03360887364369932,0.033759581781104754,0.032538443761443235,0.03413051915659542,0.03201729547059968,0.029544970841036168,0.032411017245752294,0.028692410601059093,0.028391241481099522,0.026348233318481414,0.02999569470909512,0.026374315880425023,0.029513277513498852,0.02719146382069549,0.027200890653244283,0.02667437578994651,0.02539535595024467,0.030594828870444714,0.023818078303939498,0.023823068294735926,0.02685076631266695,0.031052472778168833,0.02996474867081161,25.1,2
2,0.03305901774781589,0.04749918925918312,0.037367099211677246,0.03712142426402111,0.03687275723796339,0.033986848429994845,0.03660250331877991,0.03344882812559844,0.03403553111109378,0.03360862205178607,0.0338694802827619,0.03166150900723583,0.033844138638092956,0.031291589993439575,0.029695950808477874,0.032187596284638936,0.02845838850902807,0.028933402375779915,0.02648965633602215,0.03011104416755035,0.026476834450565263,0.02947442647156801,0.027752346099750354,0.026776938629752754,0.02735918285394235,0.02551769268197319,0.030776617359363802,0.024125615126949038,0.023972274713811043,0.026039300626516493,0.030819958326402698,0.030764235498463858,25.2,2
2,0.03342675688020728,0.047413691870159896,0.03685223418001881,0.03658997905183504,0.037144678500149526,0.034891795430369986,0.03608089122650741,0.03318103563051605,0.03444690259983819,0.03347909909943029,0.033806884192650294,0.03202909483700711,0.03416090072838169,0.03228353441272631,0.02984049792735375,0.03264573698340649,0.029365901084000473,0.028527631481019677,0.0263132794775723,0.02981780091734088,0.026227916465322267,0.029142277067219176,0.028021857475984253,0.027203429701293455,0.026687364274962877,0.02516062712090061,0.03025735687615634,0.024009522897560424,0.023961184010438126,0.02618330751297345,0.031258519339688366,0.02958831074700928,25.3,2
2,0.034278101665041805,0.047624558107058526,0.036672103954937786,0.036175780809799635,0.03731924974325758,0.035020581168639944,0.03576075053072028,0.0333375200983826,0.03450837836511118,0.03398392037676021,0.03312684759075786,0.03175404783532894,0.03351381673718963,0.03173349474912898,0.02946876304277955,0.03174385234418852,0.02953915910443269,0.028847097182525008,0.026789923354000728,0.02918154184125066,0.02670666507061688,0.028540086103183922,0.028271137211914488,0.026649576213120817,0.027025901919765876,0.025059653608209262,0.03036713347067824,0.024148213224310832,0.024549743346626726,0.026833257157567424,0.031568171591512775,0.029900972481200466,25.4,2
2,0.03483956418918163,0.04719852492748787,0.03682740643013372,0.03590400256882931,0.03659817261266331,0.03521715207917849,0.035129329679445424,0.03351697017495442,0.03519601795197442,0.03460848430563573,0.033526427237732775,0.03192154911211893,0.03425664718994278,0.032538319580473186,0.030064027172134144,0.032338337354732474,0.029480503626675102,0.028611112856939628,0.02669588272941268,0.02848725526914766,0.02645307574224235,0.02853975201986464,0.027551526600068287,0.02633949668995794,0.026354954208437205,0.02512771406141598,0.03057769145165602,0.023433570895596664,0.024227920501998075,0.02693569536697999,0.031058518013339125,0.03044439739965022,25.5,2
2,0.03496719687853351,0.04691142843844118,0.03739679775338612,0.035756313765973616,0.036887760882686416,0.03564330330403304,0.034725971166482524,0.033332617176356966,0.03531436027632574,0.034152807487951464,0.033405675633276746,0.031528462772574914,0.033294220139547075,0.03272898788302791,0.02918417149032382,0.0320210998300304,0.029618255536890757,0.02884608726335661,0.0265288772096469,0.028870421419345076,0.026775809488203642,0.028609904269996662,0.028118323527579994,0.02687909158467025,0.02697466067050145,0.02481086743090028,0.03000921863332045,0.023432213635299855,0.02395018364020613,0.027157590049584804,0.031728234530112295,0.030439086231433155,25.6,2
2,0.03508352100262595,0.046954230241606075,0.03621990287994692,0.035979967412480766,0.036859925113967205,0.03576399189941533,0.03521583981535383,0.03351014060092878,0.035367839572762044,0.033985111124560534,0.03401356506190858,0.031329152775619595,0.03323024239615596,0.03294602689063752,0.029283752581400768,0.0320693439364465,0.029354354413699327,0.028208333771277676,0.026902285546835453,0.02874676764253706,0.027018336503947075,0.028617549859369363,0.02812733634558829,0.02641038752438978,0.02650928716546888,0.02471309899542186,0.030167853816489842,0.023730182013654823,0.02391706598204199,0.027267139135299177,0.031746817840193675,0.030750650137969425,25.7,2
2,0.034912711096049875,0.04713163384327031,0.03582807369600828,0.03560051564029139,0.03702486291585423,0.03682653193142199,0.035015739070667906,0.032953515338370036,0.03545054885588103,0.03381217909900044,0.033282587632741535,0.03140357773408124,0.03245158117607767,0.03352518328856434,0.029430330953067328,0.03184033122426007,0.029233469531731577,0.029187926713001227,0.02678995420948809,0.028929462918235557,0.026835600098241277,0.02919606988714028,0.028629965198250645,0.026198336231220146,0.026577424909421637,0.024633199010236334,0.030308391098623755,0.023814114286607298,0.023745266970076288,0.027018587187710674,0.03168473640155562,0.03072759185285172,25.8,2
2,0.03543696498333035,0.04705036168185872,0.03655101686414487,0.03524998007907908,0.03650997902435216,0.036763859567260596,0.03438871493706729,0.033764885037375736,0.03596882784968547,0.034154058544399665,0.03330355388750501,0.03117520680611733,0.032816104854035515,0.033776411195286175,0.02940892490342866,0.031742901601865464,0.02927442419590085,0.02914033439646299,0.026337266560036002,0.028354975311495025,0.027501836726304296,0.02927335107359038,0.0274023018421979,0.02581179496356758,0.026472583181744593,0.024555616893169766,0.030486219480904207,0.02401653945284912,0.02379492871008369,0.02739099142963342,0.03129993434866642,0.030825149616601405,25.9,2
2,0.036332218620069495,0.04653683317298334,0.03552680180462311,0.03485492689682013,0.03664068551611128,0.03661312042152342,0.034424504099885914,0.03383972365767618,0.036627316852200414,0.034333149529580415,0.03440905116399672,0.03141812523985734,0.032892833074935963,0.03410511930293172,0.02866270315184318,0.031347639627493144,0.028871168144527323,0.029290992412003808,0.026319575475947706,0.027859264167756748,0.02751236159417831,0.029396741513559373,0.027919600572919454,0.025908774059660248,0.0261555860458989,0.024435056578648338,0.030760162954148716,0.023715284186167845,0.02361625785621322,0.027191554778338328,0.031757495031704955,0.03072537249579495,26.0,2
2,0.03624563214828504,0.04703791123756073,0.03569756628185512,0.035337881229754516,0.0368064914087293,0.037489836177494774,0.03377328209809596,0.033591139076410266,0.03667350858184558,0.0336558657254005,0.03415783574482824,0.03135869090723786,0.03257685180768253,0.034874167874168326,0.029009273816351773,0.030878669296829166,0.02822469434948528,0.02856530697634407,0.02563398590893778,0.02843142040712972,0.027982293212736514,0.029564310386304936,0.027583856979500696,0.02568457384771681,0.025855280496428577,0.025124983303417236,0.030819974346338295,0.024522096493390644,0.02386036750865942,0.02721409850196965,0.03143244302775319,0.030335710841357336,26.1,2
2,0.03672827742124231,0.04634258979741885,0.03548450969388636,0.03455655100591752,0.03689885345025566,0.03839318491747425,0.03442424778567757,0.03380756977857887,0.03669454772988952,0.032893872252717324,0.034386084182885926,0.030931390243513192,0.03230949222426366,0.03515412653429732,0.02862801302082721,0.030753224621637164,0.028225724779781417,0.02940659996505659,0.026474459174237897,0.02786867025069714,0.02781104109025134,0.029580718378580183,0.027854078449526715,0.02557885745100219,0.026282619774809512,0.02481638262359945,0.031042825711198548,0.024104053548643724,0.02390022164851679,0.026994821913288482,0.03126131290549754,0.030411077674829732,26.2,2
2,0.03666926181283033,0.04586003417070677,0.03523770949606703,0.03465962635739775,0.036950007869171415,0.037515503081112636,0.03415144635590012,0.03403482175190202,0.0370242430120355,0.03284221934305956,0.034763530930076336,0.03090907170695771,0.032137951731649204,0.034977501737108604,0.029447242062452035,0.030772061506855915,0.027460823459266308,0.02935862156231653,0.025879996157004998,0.02908706532418439,0.028429216733504882,0.02976065027686795,0.027218701661468385,0.026437344196449688,0.026583867257543525,0.025067867930682303,0.0306055934118188,0.024145107997312364,0.02382633094586751,0.02706286835560034,0.031141592541186376,0.029982119263642585,26.3,2
2,0.03787918977586508,0.04567269137854714,0.03547150254496057,0.03457473868010148,0.036498075629931896,0.03795681775894278,0.03361588783642627,0.033993379219086954,0.03728948363301663,0.032428176041213536,0.03482259173104763,0.031204327876877287,0.03216922063412699,0.0349426278753421,0.028827975921386265,0.029897352149206514,0.02734259938185767,0.029866058112486223,0.0257741394845002,0.029089186007048552,0.02744142410268291,0.029893290780736475,0.02763144596839286,0.026290523626428315,0.026739438991738144,0.02532715754142358,0.030983168177123058,0.02416053637096608,0.023785392478664256,0.02674286373170118,0.03118947660706575,0.030499259951105487,26.4,2
2,0.03822791937527323,0.04575549668713006,0.035117141430905066,0.03360717495947,0.03652597591877084,0.03805092892415322,0.033944208953973175,0.03397234802995831,0.037380481926405716,0.03293587859462006,0.03475200070786634,0.030953305677464803,0.031900032242167524,0.035061786167450856,0.028838640174740502,0.03049129765663844,0.02717231288747211,0.02907325785385725,0.026135590688373796,0.028887064997119877,0.02786996137826798,0.029730414142564252,0.027892886449722203,0.02648384914926471,0.026480513269215515,0.02502774487965861,0.030791401662628802,0.023883017652915138,0.023712785649113596,0.027165250245921133,0.031813975008379874,0.03036535665853709,26.5,2
2,0.03821744138593572,0.045750226823096325,0.03503137190357722,0.033754506268395164,0.03636725201572999,0.0386610864142373,0.03408106977797168,0.03419795185995987,0.037180331923337695,0.0322850348875112,0.034817323239553735,0.03163912001842343,0.032699174202750286,0.03456418679576748,0.028638144853578285,0.03068085779348034,0.02723843440607783,0.028613795315811645,0.026204011508375813,0.029651813979640205,0.027133806291943598,0.03017379887027129,0.026977724975909622,0.026036268679043035,0.027058402376543788,0.025480560477975936,0.030852513184822225,0.024400713144751982,0.024035975436083053,0.02679489202397242,0.030843884359786616,0.0299383248056855,26.6,2
2,0.03841463546873464,0.04572260048281586,0.03499845088538135,0.03375844291799539,0.03620861828963031,0.03888775831349502,0.03361976062509823,0.0341071547157419,0.0374003115212424,0.032126709897657015,0.03477987164180291,0.03153211008179214,0.032770796325442414,0.034718102258056056,0.028498381189449425,0.030289100432152785,0.027528022159934124,0.028883600659339568,0.02584353653024015,0.029738841459045044,0.026926913804461317,0.029647116946017,0.02740917971738826,0.026788701405220473,0.026824298609129233,0.02520126813165461,0.03033893946431555,0.02358201616880459,0.024074491329537533,0.02709529858981333,0.03138025209100465,0.030904717887606938,26.7,2
2,0.03886360234194263,0.04490317078722959,0.03474818637870029,0.03352840308361176,0.03644296075398798,0.039412734739479864,0.033659601027186334,0.03443630922523519,0.037138418313866516,0.03161002660516808,0.03484845597422516,0.031048386867005114,0.03204057971028458,0.03501756562485615,0.029131326202900532,0.030041629503277902,0.02731354749921102,0.029188060451428213,0.025517287421546544,0.030020099225046514,0.026424126870052578,0.0296984078164184,0.02738257807034913,0.027392729305352987,0.02756056714470259,0.025568213413952778,0.03031200508682427,0.02373752740888393,0.024118395604483332,0.02734157179294814,0.03143316577904739,0.030120359970794413,26.8,2
2,0.0395072547498551,0.04549103235076843,0.03503025142611497,0.033428024065012774,0.03664427529155337,0.03882862625010594,0.033995648116036545,0.034629914211706254,0.036857707960339464,0.03133773065051355,0.03544066047426651,0.03164747144313126,0.03213235256408346,0.034323184987337746,0.028856037717329315,0.03069161806719958,0.027798963755522012,0.02870600340324612,0.026424689164898266,0.0294598885757112,0.02657413876300516,0.028828266715340476,0.027800406370406715,0.027032767950611394,0.027613783880492782,0.024972531313226354,0.030222273621669214,0.023424225540633208,0.02357617691668186,0.026368447986126475,0.03131333263453973,0.031042313082534623,26.9,2
2,0.03974883350426778,0.045090193832430424,0.03510969714259495,0.0334600727000163,0.036383582658359274,0.038609609480759095,0.03403411343923728,0.03467788613724163,0.03765470515981914,0.030446042230373886,0.03597190099898507,0.03193017535431964,0.03314897622493109,0.0336606306603141,0.029049355975078066,0.030886048534653574,0.027681592123933764,0.028813614131684297,0.026222062495271214,0.029711397444250394,0.02594627589480727,0.028937387606409928,0.027455387539142152,0.02711118754044226,0.02682480295366143,0.024911897270003622,0.030211027038063585,0.023593674486056985,0.02357852030601318,0.026890643775036926,0.03142221567080273,0.030826489691038773,27.0,2
2,0.04009815894141584,0.044124784771376775,0.034276619400501966,0.03337160408177624,0.036224121400072126,0.039113774762705764,0.034625246255363486,0.035042548594169325,0.03714840611136966,0.030843041584038222,0.035881111824196864,0.0317696320915508,0.032593046224162606,0.033324342142562344,0.028579331441827706,0.031098812119242022,0.02828094870112693,0.02888774889357792,0.026263165484240035,0.029587199600631886,0.02639934285509512,0.02891160338198083,0.027539759238846676,0.026981873889836073,0.026588546631030784,0.02530671493794636,0.031014705203544112,0.02387179798465246,0.023447185791748235,0.027167830771544447,0.03119306841655932,0.030443926471306802,27.1,2
2,0.04020123921856201,0.04437103333810296,0.03510738311282203,0.0333636090444044,0.03711336460496799,0.03925589228997731,0.03436931882404927,0.035098009020931166,0.03709662410894177,0.030658256007793414,0.035332376310516014,0.03195274634687909,0.03330836089009713,0.032996516925096024,0.028808468431095288,0.03134454084081657,0.028476656381444865,0.02877020479244121,0.026466065739271183,0.028883643490506903,0.0265216342556433,0.028980911942939808,0.02814841580660568,0.026181800282681737,0.026247292576224074,0.02453029596310553,0.030024644300620993,0.024219696902599935,0.023458852829300575,0.026841858775872963,0.03143731771452142,0.030432968931167103,27.2,2
2,0.04065566194024788,0.04389819551037758,0.034760035766504854,0.03338019983406898,0.037250898525153904,0.03839469958442363,0.03444234080644555,0.035439267398940766,0.03633765728825092,0.03081593359978924,0.035243899877979254,0.0319775989294523,0.033331794653313845,0.03299851855853105,0.02892659624855393,0.031891006030334616,0.02834397857780348,0.028662327204079872,0.026759914758249057,0.02933399100150418,0.027078723502993313,0.028384807170625415,0.02796876895678283,0.026090123840175547,0.02615549646107748,0.025125312012021218,0.030431796146272144,0.024306083496360046,0.023256633719372116,0.026479449120812373,0.031156027138665665,0.030722262340836717,27.3,2
2,0.04133347526518238,0.043952409831110956,0.03451126073338315,0.033411242978618826,0.03720091166722834,0.038631466723169215,0.034841668831263155,0.035129742875472554,0.03651518342083081,0.030723817513678708,0.03520526257173819,0.03215136611776875,0.033320720331509734,0.03252408196563642,0.028740452632185033,0.032363133621084575,0.02953916086146827,0.028338326902412475,0.027024639159039694,0.028292258218342466,0.026916048393899106,0.028939151983088635,0.027260945683422032,0.02594444526851431,0.026115546243587678,0.024676321217905327,0.030012804531877494,0.024566874597912465,0.023417234157153168,0.026822807059200864,0.030949786395117935,0.030627452247197387,27.4,2
2,0.04112498953598237,0.04360832447135939,0.03433473223765514,0.03348178293151156,0.03687398594471674,0.03903148820235736,0.03507410273430411,0.035306340734767,0.03573508143392013,0.03127836719845698,0.034572554791974824,0.033008615010504665,0.033591744251285825,0.03223203766416548,0.029829266780396102,0.03207113240799611,0.02943532322203542,0.028664623558750515,0.025939705014882554,0.028320829536986655,0.027439664332361603,0.028884085995295558,0.027733261946366702,0.02603535754765134,0.02538816580604998,0.024564009902253103,0.03040770270795597,0.02425914786436248,0.023582234887811984,0.026722623198244592,0.030924732003263424,0.03054398614437461,27.5,2
2,0.04143056071127839,0.04331353269580257,0.03490358036190586,0.03343264336024433,0.03705161364489744,0.03929320866006024,0.03519704786399774,0.03516157739806522,0.035705851889428715,0.03096316650373885,0.035419750002396694,0.032705500379707535,0.033584612391183336,0.03203388515407302,0.02922576356004048,0.03171234211156674,0.028906383108933956,0.028625411190349472,0.02678162316444086,0.02787773974417964,0.027000945419141543,0.02876593809591004,0.027674178906107492,0.025135715933827886,0.026188914441845138,0.025294828222933136,0.030335786209309244,0.02417172623580393,0.023512464656432516,0.02679010670099936,0.03173190190828593,0.030071699373112604,27.6,2
2,0.042127792183499116,0.04303067104683383,0.034653826752364614,0.03390296757845676,0.03738705963466999,0.03879070058609901,0.03574639816133309,0.035057635246958714,0.03533313635686373,0.030776491627986746,0.03489177506103093,0.032094291853179614,0.03370042679431701,0.03200717505802163,0.02900638129026914,0.032169815904916355,0.029481587186441102,0.0285520692795628,0.026553118557922674,0.027356049966194066,0.02781880849451872,0.02907402369651611,0.027748438409932644,0.02520500924072444,0.02645598068372893,0.024950285005655506,0.030314473561388323,0.023922574115725813,0.024027416572744556,0.02636528158580577,0.03119378943988642,0.030304549066451733,27.7,2
2,0.042699109152049664,0.04267139551189137,0.033936602620960155,0.033593828562999216,0.03725104971587475,0.0383963351153045,0.03576126325827455,0.03458605880134138,0.03505662191824887,0.030945737152584668,0.03476013260137837,0.03254229114254919,0.03353413336134646,0.031667105864446196,0.029636710784388922,0.03189675866788115,0.029627579893579992,0.029258343666167464,0.026114472615891927,0.02854349204796619,0.027654963361114258,0.029515890953885123,0.02738383348055131,0.02582595898986593,0.026286370168569766,0.025182217679587927,0.030204767629497746,0.024209281967618502,0.02394489671639495,0.02672617701022223,0.030705153533166375,0.02988146605440111,27.8,2
2,0.04256608971867072,0.04254514373926962,0.03491664121052683,0.03381346574424735,0.0371614082405269,0.037731299886101216,0.03655346914203657,0.035143682108632564,0.03467514679633117,0.03115616075074322,0.0347466538695069,0.03253879610858751,0.03393998415256188,0.03165491691289613,0.02937628058125067,0.03192413643878229,0.028977388601069253,0.028648640249279413,0.026140227441533697,0.027844162028316116,0.02763017904943043,0.02932229040617252,0.02718835647535941,0.02580569475771352,0.026251774415198475,0.02526998838779366,0.030706236538284932,0.02380645690960346,0.023829462684152616,0.026651731390268888,0.03142141285651006,0.03006272240864156,27.9,2
2,0.042821346552073994,0.042274689973348954,0.03459886587365983,0.0339699293992008,0.03736054128959627,0.03795216353182978,0.036791018467804734,0.035006914020713514,0.034254917664858914,0.0313193742669731,0.03457509515802858,0.032283650500742826,0.03357571460461267,0.031532538139384815,0.029947210960642713,0.0315312677625373,0.028758806101213737,0.028558126189523934,0.026039965401994457,0.02814795598424091,0.027843467539555737,0.029572241621485522,0.0274086133557309,0.026094040073623433,0.026518333418135212,0.024667184463377886,0.030171155185472306,0.023829672284154266,0.02398156376317876,0.027186568778649292,0.030957377759445754,0.030469689914209324,28.0,2
2,0.0431807618990127,0.04239596450650759,0.03445641422665077,0.03352879284471786,0.03732966379964145,0.03765755093074416,0.036520696692709013,0.03483194734689173,0.03449746554371016,0.031553269189774406,0.0345129867243319,0.03207578963747852,0.0336086017822933,0.0320183013399256,0.029221080581868647,0.031478238050372344,0.028116532623761587,0.028896563949677684,0.02591125477376538,0.02847069305526502,0.02796936097789148,0.029531857859848656,0.027523129747024918,0.026555437150730804,0.026792060998345975,0.025101187548554203,0.030491296869315183,0.023395025537296634,0.023827969448095954,0.026957129544299407,0.03148420657981495,0.030108768239682136,28.1,2
2,0.043289174504417126,0.04186097001795851,0.03420161973335056,0.03416085146604084,0.03739919214794768,0.038183676919571585,0.037254352399871654,0.03483550057257866,0.03401258933889225,0.031782077624962435,0.033840761046429996,0.03198338765392157,0.033954307399979906,0.03229508973622597,0.029196844109402556,0.031321012464562745,0.027888191852042315,0.029127922332301808,0.025456911788746983,0.02914798167809749,0.027477567787895972,0.029966413267967305,0.02752759533120382,0.02666391294711377,0.02674183188299657,0.024709070994157468,0.03000735916318166,0.023544994901677215,0.024071250773592432,0.026765182549256764,0.031319969713020264,0.03001243590063421,28.2,2
2,0.04372490241368381,0.041585360388274706,0.035036806939875695,0.03424923385864716,0.03762511237858289,0.03768847185811095,0.03731843602057735,0.0352899297713264,0.033753648684884625,0.03194957378592586,0.033977257452977604,0.032379025699709435,0.0330682534760693,0.03234632950084714,0.029127599853916594,0.03117753796611296,0.02770605880597071,0.02911721638071047,0.02616917397061914,0.02884419875528872,0.02688281452841512,0.029912463258363543,0.027355871128212094,0.027296099203196356,0.026694465714483695,0.02497074001838633,0.03039085744284476,0.023128473817017298,0.02351035728492432,0.02658836787822567,0.031077267691669495,0.030058094072150075,28.3,2
2,0.043822364021218224,0.04177303914776678,0.03496666475079665,0.03472317614800913,0.037929962685051256,0.037220667596506385,0.03723769607813236,0.03513396554968594,0.03325360889298805,0.03182392587671955,0.03337955111296342,0.03246285165168409,0.03385782539261393,0.03323525232731525,0.02912508844509697,0.03062701589612439,0.027536681765789335,0.02907363151950393,0.02573275865270963,0.029781329324408613,0.026667466560661605,0.029459336034367446,0.027574067724341057,0.026725853621201515,0.027285057740249263,0.024855440269885468,0.030121383723139508,0.023365573991305233,0.022817364847445513,0.026778281775737732,0.03132366758528019,0.030329449291301852,28.4,2
2,0.045174794924689156,0.0412448142604812,0.03525900682066685,0.03434016920722399,0.037858333978529696,0.0370147689394817,0.03769251513521323,0.03510030905429186,0.033964295728299065,0.0323824464651504,0.03314857623928165,0.03221583930275082,0.03297864003400837,0.033480589058420766,0.02906462172501053,0.030369314046143486,0.02679773522417262,0.029165963943635714,0.025528012430774214,0.029605311809225897,0.02646808731311739,0.028743399004884523,0.027480624422648856,0.027028845413118768,0.027060122516019827,0.025017606061217775,0.030451045389486255,0.023303059795106464,0.02357275425518425,0.026691197248257637,0.03142978517432544,0.03036741507918164,28.5,2
2,0.0451552084709965,0.04103102288664795,0.035453220023648674,0.0352831907417856,0.03763454682517953,0.036730601208534705,0.03812894213115343,0.034388742532246906,0.03369555366195047,0.03315530049754224,0.033094835203379885,0.03177448602451406,0.03282440588936134,0.03386987973339691,0.028831973273533217,0.030199230425616473,0.026694418822793678,0.02925439059416938,0.025837790645124054,0.02951197046638438,0.02671118189159231,0.028981571519427998,0.02761358023410696,0.027111465880278532,0.02635318441906014,0.025112681455541852,0.029902534697850803,0.023976708563445418,0.023347660217296454,0.02652299139988263,0.03152454035280278,0.03029218931075469,28.6,2
2,0.045594848543194594,0.04080566589248963,0.034941646068350436,0.0351332856916637,0.0385121788344667,0.036580152258253354,0.03790331919852008,0.03417905083065687,0.03399297449219346,0.0335634741254637,0.033560121427487204,0.031814555768118036,0.03248053415940118,0.033788960488127934,0.028533386316675836,0.0299840165599829,0.02730648981660129,0.02901198780697711,0.026202100937036017,0.029458418931542857,0.026386947196032053,0.029318481507583632,0.02743890870366388,0.026324309140027785,0.026460961393797413,0.024648632917676157,0.030502826636125302,0.024223001927613234,0.02310534617750836,0.02684226785380958,0.030888551462383212,0.03051259693657644,28.7,2
2,0.04619107659491605,0.040500736112944025,0.03485120589103185,0.03531521717608847,0.038600145603674314,0.03631716432946768,0.03829681001378121,0.0342743096836216,0.03378386558067499,0.033095570929552426,0.03356645722136375,0.03150443466928921,0.0325953962226174,0.033997629728475795,0.02885390611861202,0.02970527757476723,0.027002047525142948,0.029607972075939418,0.025745267929193696,0.029737142943085656,0.026076710414623363,0.02884687573030054,0.027757277393131455,0.026081665113888694,0.02642409591347053,0.025203133758434026,0.030228305372165677,0.024121369130749453,0.023506892081289164,0.026918193032390587,0.030862617352005003,0.030431230783311697,28.8,2
2,0.046099109475001405,0.040049300174253025,0.03556618995741496,0.03537808298372916,0.03879612826491286,0.03573015301940027,0.03818085309745409,0.03422013106604488,0.03327734245285752,0.033922706593531644,0.0341339767357913,0.03138240686457798,0.032803868352039,0.034576990045356824,0.02875674019918893,0.02962932788727902,0.026910996760997105,0.02914524255836124,0.025649157282582352,0.029712920891692522,0.02653770426912746,0.028722430101663247,0.02821976271081134,0.02562605560075834,0.026055711945245773,0.024549624161664473,0.030674961929542034,0.024257104288779203,0.023409405376235457,0.026464731283650473,0.031097323597999695,0.030463560072056247,28.9,2
2,0.04640199923107693,0.03992903779846141,0.03521601873971892,0.03590783176085795,0.03848024668001219,0.03583422426433988,0.03792369415761607,0.0343881527279678,0.03358780727565472,0.03317459216350019,0.03343532262625903,0.030716526123304187,0.0320560303905043,0.03480693274913273,0.028491702170832276,0.030270409768973064,0.02704216825990492,0.028916763596473275,0.02655981687927028,0.030013235241222326,0.026431226696230287,0.02863738192858269,0.028374358817706075,0.025531376145370405,0.025718718416920104,0.02542823028432576,0.031076054020230393,0.02409052152414825,0.02340985593414093,0.026851457174252774,0.0310762148931852,0.030222091559824794,29.0,2
2,0.04718629868473908,0.03993985373998954,0.035528095680498285,0.03666571706571467,0.038510349487874296,0.03472099518924713,0.03844583454801812,0.03419324774719657,0.03377403373071316,0.033772001052944374,0.032758843466996736,0.0309490415479245,0.03202757523211681,0.03488040663862741,0.02860078114544768,0.03032374105171086,0.026825440745820103,0.02894092647332359,0.026247811127939353,0.028815291154674558,0.026457561646199522,0.02861623408605925,0.028008237541888602,0.025904918495964067,0.025756182904519486,0.02568584235715472,0.03070027507568408,0.023643787126333228,0.02376737369880874,0.026867786839828166,0.03148724224890934,0.02999827246713385,29.1,2
2,0.047053298135606235,0.039532696118446425,0.03516238921304895,0.036260740370437645,0.03891229370589468,0.034844071079855446,0.038479020470611136,0.03348138597190405,0.03390259505251173,0.0336322465383694,0.03375907542819715,0.03126231527169555,0.03202911860428385,0.03474209374636356,0.02840501821305173,0.030525470242080775,0.02755510097002784,0.028995239728411434,0.02628321037840742,0.029285221730579233,0.027578063840702476,0.028311664428167713,0.027591290486438342,0.025410649393387667,0.02605578044664193,0.025089321055350715,0.030663886018247846,0.023518565768283983,0.023799625628230982,0.026584281463512133,0.030782925878997634,0.03051134462225426,29.2,2
2,0.04777710390375898,0.03900060774341162,0.035474083489100715,0.036950525231839136,0.038686089260316296,0.03441963910046205,0.037564301581320944,0.0340165110557285,0.0344405491705165,0.033558194058879255,0.033718645861686485,0.03036524446552293,0.032157439737800594,0.034443314040492445,0.02832171062926074,0.031178183442533865,0.027734657258005006,0.028123791718089885,0.026697888032732063,0.02815015854407142,0.027178901934696728,0.02840483713133341,0.027625371224174272,0.0258481563883223,0.026666338949128815,0.025441270890875438,0.031194539015545048,0.023417444259770277,0.02337578610501041,0.026856211494021287,0.030933592031221046,0.030278912250371454,29.3,2
2,0.04749631540414151,0.038497103666106175,0.035662216722383296,0.03664417997829307,0.03894114403327065,0.03409028603296563,0.03820346114363944,0.03328432361772062,0.03426810727597952,0.034112923135476175,0.034516627518313525,0.0307384214411743,0.03180590723180164,0.03422684797659993,0.028615649492186934,0.030790606341198408,0.02842403029256381,0.028098899755962966,0.02616349247241433,0.027803065720658247,0.02770951631608822,0.028661420455805605,0.027472105709904042,0.025382706447657624,0.026722173575876782,0.02535531226755169,0.030514595439836128,0.023854965899028534,0.023993118862452204,0.026591406054348336,0.03164875944128094,0.02971031027731972,29.4,2
2,0.04764337143145543,0.038621005486211786,0.03632167973308056,0.03733812949580262,0.038285143712757055,0.03353396079625513,0.03787893898777204,0.033358567220487814,0.03499866929850015,0.033691718438211594,0.03381161588359581,0.0302244293855186,0.03177438299184588,0.034254863617880216,0.02866848178763803,0.03182853838471504,0.028305119183760774,0.027386955317505474,0.026489149504762832,0.027976565986257793,0.02720534959611889,0.02946329028846849,0.027240345148268542,0.025902086471494026,0.026867524728829136,0.02470627332428004,0.030623764721478253,0.02343154202882833,0.024001037487455683,0.026653538083738302,0.03128523361228622,0.03022872786473939,29.5,2
2,0.04879137063313814,0.03788797729549043,0.03621589000956086,0.037130028325659016,0.03884375580379983,0.03351025579975578,0.03784798603590671,0.03316203731022016,0.03493131616334195,0.0337596366732464,0.033712091145751605,0.03073110957704059,0.032267598890369203,0.03381373135095744,0.028922786271126866,0.03144751156412603,0.02924275422788873,0.028687033921602757,0.02671388035608275,0.028063846776326902,0.02786998516527468,0.028903106756813086,0.02682177258495033,0.02589621398318242,0.02669959051902487,0.024288955566630435,0.02965207682512854,0.023566812814932454,0.023237678120275457,0.02657791536204772,0.030757615035069245,0.030045679135278537,29.6,2
2,0.04826933662211996,0.03820311041674434,0.036086277952464156,0.03778636880845199,0.03899660891361817,0.03344827376828162,0.037192767548551484,0.03306215603336404,0.034944282181775185,0.033557452521568575,0.034240061588589804,0.030857259662488763,0.032455084200513844,0.033352745636080344,0.029173279387017484,0.032126406498816595,0.02911817739700714,0.0286385500668391,0.026071357718171193,0.027712536044424113,0.027652580794780682,0.028982095310365757,0.026952208505137302,0.026209565785914903,0.02622817711078518,0.025075423524880396,0.029515114002706004,0.023511754532435765,0.02275569791035358,0.02720426853766507,0.03070802943280725,0.029912991585280106,29.7,2
2,0.048677114603631215,0.03809134613745351,0.03650687076543601,0.037639132724083306,0.0386362803060307,0.032653563255751895,0.03737501621020676,0.0330667384238232,0.035061841238913614,0.03290544071767102,0.034252296637129934,0.031010399846975744,0.03222105777926877,0.03305969946413622,0.029658436828939053,0.032006289528391636,0.029574024485053883,0.028248015285306596,0.025760853306567955,0.028358892766574353,0.02771767610637879,0.029286620995593277,0.02718926006430914,0.026261180282090412,0.026330538614000427,0.024736557902409233,0.02941856598348451,0.023539226921556904,0.02264283844426667,0.02624539708844019,0.031114993674245892,0.030753833611879357,29.8,2
2,0.048783043810305945,0.037659708023448125,0.036369923859369116,0.03799713160531917,0.03917184661835669,0.03314911842116301,0.03743280886669111,0.03307897025791946,0.035442438629294824,0.03281735323332657,0.03429908891819037,0.031711937363438136,0.03256897782936251,0.03204647357451214,0.02927104288651315,0.0317646393442899,0.029243422658853418,0.028224263601105137,0.025708519202391117,0.028544770199043643,0.026911037574634835,0.029062220872036575,0.027257617489913854,0.026167246018038253,0.02666650905515652,0.0245424807415257,0.02966721642465843,0.023955895275458286,0.023261030038471683,0.02654346412036727,0.030579642719372836,0.030100160767472253,29.9,2
2,0.022592787622525982,0.04115909831995463,0.0401072776913756,0.03722414380345451,0.03859393460256632,0.03774280122096003,0.038317880214270725,0.036148883447499926,0.0337509947060107,0.03292036924887296,0.0353195011305482,0.030468605510511768,0.03344840016356672,0.03254793104461396,0.029908477732301434,0.03096218569574526,0.02780723862033707,0.029592184154677154,0.027040864007211278,0.02989815006340883,0.027629696173103943,0.03025191652023955,0.028312200032740733,0.02655730444292065,0.027470858551655524,0.02528634167255511,0.03084217549957369,0.024276489549578308,0.023744721588629072,0.02709294494513345,0.032176781128709905,0.030806860894746914,20.0,3
2,0.02247124105774317,0.04130772604680946,0.04090226378348461,0.036755961750842815,0.038569329261986855,0.03844754363537472,0.03754007104035585,0.035765318573932295,0.033412153674806974,0.0323984438646066,0.03468012352283939,0.030495203465102667,0.03290523254477628,0.032670859686876996,0.03075983606476218,0.03127225214652116,0.027687191245491863,0.029945725972462048,0.02731270532717988,0.029558485819535706,0.026887587797466094,0.031009347810437148,0.02798253220903811,0.02704611866269439,0.027211622795891486,0.025399959452753265,0.030765114206878146,0.02424159307706799,0.024453064889261102,0.027425000532286036,0.03188543160692858,0.030834958473806087,20.1,3
2,0.02204169849519022,0.04152549063236784,0.040485198125026,0.037323263289530416,0.03836427657088816,0.03773991909182833,0.03810600316210146,0.036091690912241965,0.03360220457563949,0.03267594244773573,0.0350684148187872,0.030429728350880186,0.03305100926180537,0.0329308883041432,0.02964682633564691,0.03153893033078844,0.027910098393406087,0.030588332896969953,0.02718113471185069,0.029445614648197824,0.026832172211380137,0.030574608059744025,0.028614348318600515,0.02695328421441938,0.026649778898050976,0.025497681416790877,0.03046307638035651,0.02427680511427672,0.023935373228477292,0.027807630529146195,0.031885568366549016,0.030763007907182734,20.2,3
2,0.021677267185235754,0.041918808545818295,0.04112778663856021,0.03770757424301072,0.03812668148081522,0.038151931923729676,0.03682701254818714,0.03635489773881783,0.03356421376134463,0.032892605267479245,0.034705400360464544,0.030558104146981957,0.03319896372603342,0.0333739574774535,0.030316479415892373,0.03179844014202389,0.027642485993454882,0.030315245539640927,0.026709514123026093,0.029509027130272064,0.02701472876046547,0.03020825772044925,0.027615704512484608,0.02704108394016249,0.027391509781847317,0.025154825160663422,0.030191383060006287,0.024210648074087845,0.024655194880667034,0.026715428196963598,0.03199494674598913,0.03132989177797113,20.3,3
2,0.022663751012914398,0.04247833389941851,0.04165486929504363,0.03803371984059249,0.03802304663436328,0.03796924069400741,0.03668426705458808,0.03560226835344943,0.03378504656976061,0.03161067415338852,0.035054885543209575,0.03091530925100087,0.03301046247925572,0.03383460488951443,0.029929206815400327,0.032092966270462556,0.027622032207081374,0.03060707223656862,0.026491155973994082,0.02927410977884326,0.026783414792502864,0.03007157966079468,0.027710837109875944,0.026729521517230338,0.026379965282259034,0.025806937240885442,0.03107888997586375,0.024189342051595168,0.024283473019697563,0.027214238694472717,0.03149266926597183,0.030922108435993714,20.4,3
2,0.022732906194687045,0.04233972271954119,0.04103206345101622,0.03777243073369454,0.0378937281114704,0.038259269223638225,0.03682563901765271,0.03452323854230264,0.033812637912097494,0.03259187579205196,0.03498227569144154,0.03157693836123882,0.03251407954741722,0.03361490492525412,0.029885265869935153,0.0324139185075934,0.02834768106069722,0.03057127004291167,0.026016578234804136,0.02908400758500252,0.027176514386752622,0.030224951983587316,0.027613940656065622,0.02665757646743579,0.02684188335094667,0.025084727860451555,0.03071855757066392,0.024463012747979258,0.02430776866929871,0.027226365169338105,0.03204424746510644,0.030850022147925465,20.5,3
2,0.022713641194537688,0.04281582967617972,0.040862480792839904,0.03864575144826617,0.03837288985354112,0.03875249914684556,0.03537113989898437,0.03552723065003317,0.034222998643899466,0.03220875032530599,0.03531537329554967,0.031182665431410555,0.03290938433045449,0.03439834206117795,0.030090781896134636,0.032756141501713645,0.027632554025313647,0.029420492803625062,0.025497554986576104,0.029025305248686056,0.027378945147060366,0.02894686610082575,0.027669058969185565,0.027109329743645726,0.026333820211436113,0.024635797681760177,0.03158400698853244,0.024551986097580768,0.023946907211160037,0.027587029170284705,0.0317123701883253,0.030822075279127847,20.6,3
2,0.022664319251567002,0.04186976225672522,0.04103488233710335,0.03923447725458476,0.03812461571073916,0.038739867141052424,0.035852742737806406,0.03589286291610226,0.03389488689004516,0.03199434724418027,0.03448289355344335,0.0315685542611627,0.03287576557202236,0.03439249697337648,0.02999078064559202,0.032545756612120245,0.028071637557512824,0.02923959814382729,0.025501359905214155,0.029350916860076223,0.027565362237150236,0.029301202172483935,0.0268889490309679,0.027268116929833535,0.02627417564674195,0.025319180281087452,0.03169531507919409,0.024296501740716746,0.024196017566064557,0.027343426984973794,0.03182008285210244,0.03070914565442971,20.7,3
2,0.02278354369974353,0.04223576907525068,0.04107662621829741,0.039534689877507696,0.03785048661419952,0.03845416777723645,0.03601231392818588,0.03493935645395295,0.03424970405835454,0.03208608082314419,0.034529850345429006,0.032163690168239265,0.03297660726552425,0.034098655881372494,0.02931254441073044,0.0330220276109067,0.027655056666705233,0.029399515077242387,0.02620808396869032,0.028820803343623982,0.027441058324379777,0.02916326313475621,0.027734635284957794,0.026798013208031997,0.026559244714214926,0.025291915802137573,0.031277896439379504,0.024419198757716597,0.023888020873344046,0.02723174213996732,0.03215282365717163,0.030632614399605768,20.8,3
2,0.023222406325892682,0.04324676260951155,0.04157102912737521,0.039373378178331205,0.03797714348827282,0.038841518608209,0.035483320116886964,0.03482691232828073,0.034641956328794056,0.032475987780273385,0.034457000379367816,0.032543702933549884,0.03258682829929558,0.034749902503441295,0.02956824983510397,0.03248330411336573,0.02885927282908226,0.028703507722092868,0.025945340455308576,0.028992220588427726,0.027154733419220985,0.028576712640945936,0.027504501498210106,0.026217710891240902,0.026990637404231396,0.024915443098488855,0.03074405079300457,0.024061092130825995,0.023343925987966026,0.027320389968261125,0.0316618067101858,0.030959250906554943,20.9,3
2,0.022611406661526202,0.04218608766007498,0.04167656054950354,0.03995978213674292,0.038144574980091724,0.03826450434453685,0.03494732275290092,0.03396093806307701,0.034824849147190584,0.03221058144355195,0.03445741643430843,0.03323850764586091,0.03232670641682364,0.03483665558024911,0.02892356687706311,0.03263288745716169,0.029717065360670522,0.028587206865844667,0.026224541846470165,0.02947533265111594,0.02746575561817544,0.028922509304799573,0.027941579416666695,0.026961596990125927,0.026683020890043038,0.025365513568349148,0.031192522217023677,0.023957969855241304,0.023141613735768833,0.026965797589784304,0.031485928570137635,0.030709697369119642,21.0,3
2,0.023445202715018834,0.04250730899144459,0.04096277338906116,0.040367859771669026,0.03785020071720939,0.03809688821511239,0.034219074738042976,0.03463700064833969,0.03563166951458738,0.03206412608582849,0.03436481424961879,0.033557183052408644,0.033556387604501525,0.034862365371835395,0.029166802842635967,0.03159118943033198,0.02976804145106472,0.028643212628109257,0.025850301159961307,0.028991551536474664,0.027564828621122632,0.028647391742304663,0.028046773447797223,0.026020836148219803,0.027201583953158463,0.024996008482587765,0.030585654389130676,0.024366158896691335,0.023428118362335264,0.027099514003841706,0.03144560129985279,0.030463576539701585,21.1,3
2,0.023263099096609778,0.042823044085486935,0.04098171183520855,0.039958087611426475,0.03801741339025516,0.03800766254899622,0.03412450165061987,0.03428507792913669,0.03529127695365427,0.032562354967673936,0.03465707326970793,0.03359691370083286,0.033142743533754,0.03482916845111969,0.029555128434124146,0.03240353485588162,0.02909482059225079,0.02824469470151181,0.026168870047963123,0.029416516084805513,0.027554335289687128,0.02930593406954957,0.02787942740159362,0.026229484426642944,0.026628617236371888,0.025320690194607084,0.030050811742795575,0.02384228324068869,0.023947387574545082,0.02682143041721418,0.03141848100244894,0.0305774236628361,21.2,3
2,0.023739433522947873,0.043586183548657446,0.040663699833414745,0.040873401715232155,0.03786186503515364,0.037537397201506804,0.03400511035684432,0.03429760295525452,0.035797061611803134,0.03277400502826006,0.03490480097468734,0.032995941027270055,0.03355277111740508,0.03445731922393639,0.028838869669432887,0.03128758072252551,0.030163734295196712,0.02775244284048127,0.026077835996088625,0.02892100837512232,0.027757650027383802,0.02906463474704089,0.028025295008872974,0.026297451397152304,0.02726946788946405,0.025038920092355244,0.02995050863081931,0.023759552531853325,0.02444404061888904,0.026276966381058604,0.03130154562958575,0.030725901994303934,21.3,3
2,0.023323027352191827,0.04331411882527268,0.04130539870800688,0.04024213613378774,0.038090989829323726,0.037887639125366815,0.03376787722408126,0.034014598292304424,0.03564768716070978,0.03233887269948779,0.034749143955757254,0.03322916248088721,0.03342124236836296,0.03432095700488746,0.028855476222157103,0.03190890495226863,0.02920530297207056,0.028469236824880957,0.027219015002614866,0.029206113539389685,0.027637330373130632,0.02958495147237064,0.028203118670277194,0.026287330949796274,0.026898936103091835,0.025281135302607286,0.02999181264125681,0.02374396068838949,0.023905303239763243,0.026281370113566987,0.031202128068521816,0.030465721703418144,21.4,3
2,0.023803404535007355,0.04321571748446741,0.04144151560992683,0.04112081959718479,0.03777585029519299,0.03767526303418433,0.033471810092413685,0.03348432841380783,0.03636349925802036,0.03236729957914771,0.03435895688525002,0.033180617272952566,0.033356284834866225,0.034568582429282305,0.028593657855358494,0.031010689357155004,0.029712272180953687,0.027530846478242665,0.026701162069402387,0.029227512893259876,0.027524909770511374,0.030305220828172462,0.028125646866517542,0.02632518965315472,0.026715842699095396,0.02485366359607239,0.0298285310283034,0.024545450371623537,0.02430057266641274,0.02646771565060884,0.03141304728446488,0.030634119428986153,21.5,3
2,0.02413516303846266,0.043462883185976686,0.04092630401526641,0.04105077274895192,0.03788440981739643,0.03736132496700794,0.033535320151462385,0.03392623857944845,0.03656049552496506,0.032631924863534174,0.03478683170404515,0.033339780966385325,0.03378146866453148,0.033901588213032796,0.02914253418587161,0.030955512536772686,0.02868988026655984,0.02827197552176076,0.0273039551537849,0.029518557626921054,0.026912367601281465,0.02982424779102496,0.027981414247596394,0.026302731089748833,0.026275931289346084,0.02530296071126879,0.030049375681135207,0.024287188019531464,0.024004232690859044,0.026611180603952123,0.030806277950478748,0.03047517059163916,21.6,3
2,0.023706835456396697,0.044085469477875186,0.04124893159276774,0.041368068236182325,0.03825690741472767,0.03732569072445416,0.03362698831498206,0.03400851620304929,0.03653339639834406,0.03272035906799673,0.03390596999481206,0.03316526030981953,0.03326026428063826,0.03388621087956076,0.02903195115291336,0.030606912727238606,0.029288220606356153,0.028524163779798047,0.027151716514555814,0.028865765833213444,0.026904920550474765,0.029960761061326963,0.027922910947064464,0.0262425918998082,0.02644857899426089,0.025591118787578738,0.029915670292027092,0.023861694166764792,0.02411649447157051,0.026636230392352203,0.03138070885041026,0.030450720620678905,21.7,3
2,0.024302489262851175,0.04437418744796094,0.04111411471401629,0.041675786912971524,0.03822677533474647,0.037238399541397384,0.033316103432126966,0.033383860200455494,0.03728000488578753,0.03254721900259625,0.03445682091318297,0.03322911369615647,0.03332664397012712,0.03362509602938778,0.028533324811662663,0.0303712546115963,0.028244465584570073,0.028324525038417696,0.0270077282558992,0.02932967268592011,0.02672656938092296,0.029856403244629307,0.028020816101166333,0.026878857703345777,0.02636522658279121,0.024250137571329836,0.03081762361131138,0.024230146359520845,0.023747796239351728,0.02658644749857324,0.03183797340841403,0.030774415966812865,21.8,3
2,0.024593923607937926,0.04446780305406511,0.04120182480368894,0.04152664316675764,0.037919282182988366,0.03736196066724576,0.033082753655974476,0.033652648904187524,0.037810568638430575,0.03283184202732977,0.03456254820865604,0.03309817064579111,0.0336908415487941,0.032751059913535885,0.028813878988477204,0.030316591505552586,0.027836130036296983,0.028604563596524073,0.027134170431116603,0.029395743165779507,0.026990626349867496,0.02982740724120209,0.027341609087189116,0.02642155824824757,0.026405628376807155,0.02496428139243713,0.031074179790640682,0.023952798896226896,0.023258449944993344,0.027554322152023174,0.0312430611492908,0.030313128621944407,21.9,3
2,0.024998193505707103,0.04455940355154659,0.04115788449996753,0.042420677490153165,0.038117803198497384,0.036894080917322915,0.03327427392521415,0.03343538785091973,0.03730622391486881,0.032648990819056624,0.03471208708839313,0.03256330826183833,0.034505101837404205,0.033229566655056934,0.028627295049397112,0.029892300613947348,0.027151788414680637,0.029806949806228396,0.026295134581004253,0.028965632777746757,0.0267607491775268,0.030166832567521645,0.0273686487291818,0.02630505108835748,0.02623927856977075,0.024862078266360964,0.031088897553343906,0.02375617545829263,0.02360611545969618,0.027206264157176325,0.03169595888592238,0.03038186532789801,22.0,3
2,0.0246707592211721,0.04490080002404996,0.04095738957561824,0.042051520873786156,0.038325257898353594,0.03694545116600974,0.03372623619517476,0.033768654014360446,0.03810356501943365,0.03329800771006732,0.03461551013654286,0.03223028596945988,0.033358550841518196,0.033106122374870615,0.02894745317421369,0.030698043731317345,0.02693449538417733,0.029499243634809224,0.026657388936070753,0.028816039785274333,0.026800546887039423,0.02957308491653456,0.027452487403411278,0.026536978808144762,0.025936211840016408,0.024420521925317067,0.031244648318230695,0.023794805666124224,0.023410295236811988,0.02651702407122768,0.03179078744053485,0.030911831820327165,22.1,3
2,0.02553580339902277,0.04464124945409585,0.040963453868079786,0.04237047547698834,0.037905110773837854,0.03632123264624742,0.03394824530047533,0.03375109239157346,0.03741394628939749,0.03384504267961686,0.03436670951249312,0.03225364188262335,0.0336068142646201,0.03256506517129529,0.028938296295659725,0.030466260978954718,0.02701759257843651,0.030002832574019696,0.026287915360296614,0.028990800896843524,0.02681020409685757,0.02917672316729732,0.027131329848216715,0.026559207923687086,0.026263833933868403,0.024826825347650332,0.0314040196868783,0.023750495706391244,0.02385373971793119,0.027394489664428402,0.03134731837866271,0.030290230733552876,22.2,3
2,0.02542479537568255,0.04533948925517245,0.04172249859536237,0.04341612064572035,0.03805941196741732,0.03645994634893834,0.033766978008604245,0.03335226609981238,0.037359355291477526,0.03280084228438558,0.03445332429059995,0.031666831679999445,0.03330334504589162,0.032592696912139084,0.029137031585689012,0.03046335230476389,0.027294162387192903,0.029756093208485407,0.026255833577789284,0.028651916081566493,0.0269681138206875,0.02888111955025577,0.0270850377295437,0.026333234814320827,0.02613684420272069,0.025085175971742476,0.030960305616360352,0.024414942267945786,0.024062048714847753,0.026877212894153308,0.031959981305503905,0.029959692165227876,22.3,3
2,0.026046222980115295,0.045495177215117207,0.040775527536194844,0.04223867757784496,0.03755881139356873,0.03693135311342565,0.034448377703027576,0.0336237918460648,0.037820273635909715,0.033371514770165533,0.034518441959595005,0.0317265288946285,0.03383134845701042,0.03163644371756435,0.02965542783883426,0.03112040069899588,0.026752512159196468,0.02960408714289178,0.0254538814246066,0.028311010879672485,0.02710850964050516,0.028843393619869307,0.027726150460611144,0.02638757889262227,0.026512932206099443,0.02517526607058558,0.030597817637913454,0.02379325202278395,0.023676843409936876,0.027403378650511935,0.031153023711481143,0.030702042732649537,22.4,3
2,0.025806851948287357,0.04532500127447941,0.040825483666165646,0.04305112654711102,0.03794492419914387,0.03629436766589798,0.034663304845121395,0.033669040228545936,0.03739778160741561,0.033772854466204004,0.034394619607860194,0.03108334034306638,0.03302655134413719,0.03209504770998982,0.029554369787168147,0.030793901726165133,0.02728686743814583,0.029757602803767116,0.025632706840586005,0.028440427987813793,0.027534748972729856,0.028544784640184413,0.027599975933156672,0.026514410707673988,0.02665562664761127,0.025083996377947695,0.030696800790511868,0.023790860409407893,0.02419664772804664,0.02700730461783033,0.03135400254968282,0.030204668588144933,22.5,3
2,0.02643895228534113,0.04572082934456158,0.04106580502731714,0.04249265633204014,0.03800168371731181,0.035594362624347585,0.03469321238135573,0.03371693321268352,0.03779962262111658,0.032857810971542986,0.035090454018359266,0.031028714821840962,0.0337196468827902,0.032576854362821435,0.029326951141088083,0.03098590980813761,0.027523194504243103,0.029519960715956597,0.02560207041622749,0.028408365152186366,0.0270936497041062,0.028451042637625323,0.027348815947998935,0.026261848166967187,0.027278814822870742,0.025252301934444565,0.030447968968712526,0.023811257923097025,0.023399094036194463,0.026388590512929334,0.031207607271604102,0.030895017732180466,22.6,3
2,0.026781168852491988,0.04574578866174478,0.04068048502620739,0.04254167552199668,0.03805953982906573,0.036056086065246344,0.03484660388353684,0.03353395593533126,0.037030210899003525,0.033146725228570484,0.03451549480396629,0.030199983573863356,0.03285426670305599,0.032583076491819456,0.029547422827014516,0.03191371059924751,0.027552990192298555,0.029488628651534184,0.02518991958783554,0.028891979390588303,0.028102684047984054,0.028645176939742483,0.027793890960153708,0.025568629343467077,0.027037320902340876,0.025403132503156237,0.029696839687802477,0.0240246877388659,0.023857308515270726,0.026613419696810286,0.03129971758139159,0.03079747935859598,22.7,3
2,0.026705694908430815,0.046021249752007616,0.040692884703200455,0.0422563801968596,0.03777322498828349,0.03539895484051998,0.03549225311491689,0.033922660293549664,0.036818962120049745,0.03296070830548282,0.0346330966930956,0.03037206402075435,0.032954901407230196,0.032393499181136015,0.029760240704909027,0.03171081953244243,0.027771957171707957,0.029102362587896436,0.02524879513108724,0.02914614681754871,0.027069011315828066,0.02841751018870479,0.027447996491809113,0.026309997556262406,0.02707194883073811,0.02558789698263616,0.030028883425674884,0.02376593488918085,0.02434941005227583,0.027098837127895164,0.03117929647985468,0.030536420188030832,22.8,3
2,0.026538197905244067,0.04638878995741247,0.04048588524172723,0.042771227297046036,0.038041618277480246,0.035030917694978,0.036057419748616315,0.033714069207451076,0.03679727373679121,0.033156723689304224,0.03509972624460415,0.03034403952832574,0.032516127345260576,0.032455577481507486,0.029707176959667604,0.03193827386809933,0.028472265873130644,0.02885240109003811,0.025516560173710064,0.02928525840981672,0.027540599852323742,0.028798822980571195,0.0272556902933718,0.025752023937345072,0.0267119311934605,0.025461825024204392,0.029523496692573988,0.02350189338601425,0.024010365711196763,0.0265223033493579,0.031082630206060717,0.03066888764330845,22.9,3
2,0.027014936290375356,0.04592455292347405,0.04060853926856614,0.04261844944356815,0.03768441233447556,0.03489142833185963,0.03526374131979105,0.034199192957014575,0.03608008496299534,0.03224764717296492,0.03417890805906994,0.030255493323271994,0.0322183323930632,0.0325443700295577,0.02974878373311343,0.03245030742417995,0.02909733031890498,0.02817442840231015,0.026042540753585766,0.02938761965407382,0.027568923217196877,0.02890284827456594,0.02807236445169734,0.026115139614151912,0.026661346210984392,0.025488046925578097,0.030276998304485204,0.02357153626077168,0.023565441678835754,0.02660992520928971,0.03135013451872675,0.031186196237500803,23.0,3
2,0.02706275435901781,0.04606049174435385,0.040068185917149335,0.04243934905891742,0.037831674379508066,0.03397974170628958,0.03598670157453534,0.034164977575216755,0.03580802607729443,0.032881288000414725,0.034739260699807865,0.03005818044754703,0.03275917040637307,0.032919650790406006,0.0291621051061847,0.03242579064001641,0.029485964220936366,0.028363775147682846,0.02614686518145935,0.02924563582273893,0.027242606290879764,0.02902150642767343,0.028424115974302118,0.025970734239784486,0.026229750150072152,0.02499723750945046,0.030376337153864785,0.0238734076012638,0.023595642245652974,0.02695080019647626,0.031523718113754484,0.03020455524097549,23.1,3
2,0.027982851783362354,0.04610862159469871,0.04014733864450241,0.042180949344435635,0.037631148304716214,0.03489497244235771,0.036350398525823564,0.034623437763969235,0.03552487097166482,0.03266613577504871,0.034165152973687614,0.03018651996439625,0.031889074179511964,0.03319637812133628,0.02903172752231677,0.03235031270093838,0.028947060674665417,0.02804255019273636,0.02588177589568471,0.02925646730672971,0.026998861141111937,0.030075116526623556,0.02797610000302449,0.026289532451143405,0.025853106396695812,0.025186759842823998,0.030151610576948276,0.023944682209598202,0.02295980016176192,0.026810033945616114,0.03190287788622134,0.030793774175848034,23.2,3
2,0.027830861486551325,0.04592039881421034,0.04068996484951123,0.04226240099949971,0.038108225984827555,0.0347659615511919,0.036994532303717645,0.034413674306657815,0.034992141075272966,0.032932339455853304,0.03401398061002116,0.02990416120398953,0.03228150784291977,0.033440176710552036,0.029218834024731254,0.03194985096051589,0.02938328975879497,0.02771635204531959,0.026123215038174358,0.028807806294381635,0.026830781698743277,0.030239467915898648,0.028088896782063583,0.02681667279161629,0.025818178575383727,0.025338556129909876,0.030507662771379666,0.023691743785890246,0.02331814783085727,0.026651559350285306,0.030801141990837982,0.030147515060440104,23.3,3
2,0.027792183693324552,0.04628432598859719,0.04025238798542965,0.0421870142531784,0.03800826834913005,0.03397946555496507,0.037246607045607096,0.03375525387331072,0.03490876928279709,0.03221113748353541,0.03428551726951909,0.0302342674274193,0.03210960948024833,0.03359372394059998,0.029016999594701835,0.03186463925262149,0.029587285876567917,0.02806640482144758,0.026820371457287502,0.02950247184164414,0.027020565242305932,0.029814344925066752,0.027063959160393034,0.02708011422641452,0.02620731782017156,0.024486268001091275,0.030757062210400116,0.0230859541981193,0.02397707648162522,0.026730656798836547,0.03136718897588812,0.03070278748775513,23.4,3
2,0.028144847891988144,0.046524548989408214,0.04024642889536741,0.04202722483882087,0.037830107915215544,0.03447225594029979,0.03730804300880004,0.03469452594078448,0.03448966102723369,0.032213305429534274,0.034285812167619056,0.030643111319614388,0.03256516252609105,0.034350732351826965,0.02921074445180301,0.03162822872576312,0.028731043717605917,0.02773666423177161,0.02625928554214921,0.029859857851140176,0.026626925073076336,0.029599897358551546,0.027387572527295765,0.026165289139495094,0.026368575523034593,0.024308735317288686,0.03045225292005723,0.02415773055131205,0.023357702212202094,0.02668124606168639,0.03092027367846782,0.030752206874695515,23.5,3
2,0.02857190503061031,0.04625903511030335,0.04000321975803615,0.041651837975602124,0.038398607362767116,0.03362417921310238,0.03719282977415946,0.03454951438462851,0.03424327919768082,0.03202437600932681,0.03404141883595189,0.031403420212919024,0.032032563490162515,0.03424539171752402,0.028960814553072686,0.03125729959582909,0.029095797230174355,0.028776347025535158,0.0265358023517101,0.029836443608289083,0.02675762836979155,0.030330424275220282,0.027387597805297877,0.026202732910782987,0.02587730803254737,0.024807362890897463,0.030372665712548954,0.0235960974136159,0.024001083906572795,0.02649065762891517,0.030814871996501986,0.030657486619922923,23.6,3
2,0.02929890098054519,0.04660095017214429,0.03961385850392607,0.04202277884591581,0.037445974229256225,0.03449186591534935,0.03802269080429609,0.03438848624019033,0.03339774542596264,0.032094761082325854,0.03403797760428051,0.03140791353538521,0.032207890028020075,0.03477933805572296,0.02855964794239633,0.03154032641975252,0.028703206147039233,0.02832141289988668,0.026844840760036574,0.029191241881110462,0.026927337580453407,0.029588180722039687,0.02703372405611293,0.026503775714454943,0.02602663844872894,0.025123220592608075,0.03097638943719677,0.023697344866648103,0.02376746186058149,0.025906405532500336,0.03130057185222609,0.030177141862906803,23.7,3
2,0.029214545735558647,0.04665635409271258,0.038894577332622984,0.0414724597677557,0.037823253555361515,0.034248992208059395,0.03860409361729032,0.03514562623221778,0.033315769679824976,0.031496688142074035,0.03424930160650436,0.03154906941250201,0.03263790962033935,0.03446140192729425,0.02920832291669864,0.031130083956310086,0.02883448234669433,0.028834187728587285,0.026758347103735466,0.028403708261047617,0.026895585012957208,0.028802021758666464,0.027643699330561808,0.026724593013692986,0.026166086160219423,0.0250426698481614,0.030534499414064626,0.02383485805373925,0.024122368795549416,0.02628391605220686,0.030607915132089002,0.030402612184900434,23.8,3
2,0.030029999687300593,0.04716853243906896,0.039951096627365304,0.04076854295350703,0.03768885501571452,0.03407249540463629,0.0385413661342867,0.03482651209840054,0.03388098027802852,0.03174356408939882,0.03436533473920406,0.03224922683452335,0.03222987870776562,0.033944857951987165,0.029004540413821403,0.029952167990724147,0.02841232696426433,0.02897404440920105,0.027023825136266545,0.02908502786945233,0.027325277353167983,0.028780896255099525,0.02662924609204285,0.026344439015503606,0.026464058996485438,0.024474493513026496,0.03063992235124878,0.02362650548795747,0.023714622854342705,0.026448533910623462,0.030746661285130098,0.03089216714045398,23.9,3
2,0.030029197722099537,0.047151645786545696,0.039199647406095696,0.041243667843012956,0.037689632874455786,0.0339325522586177,0.03891359485772205,0.03515642258074264,0.03360240499724861,0.032086924078853524,0.033849699068497344,0.03254617442096366,0.03301009293405665,0.03438631255468456,0.02877388311488554,0.030133298540139672,0.028345683827600197,0.029014758872634404,0.026505146610793236,0.02857738588238895,0.026589705600865477,0.028446505974231543,0.02736714157420319,0.02615083666904959,0.026865191921093667,0.02496860723958281,0.030215383026597604,0.02344876413374425,0.023624607948533723,0.026624174257216384,0.031225564692210266,0.03032539073063321,24.0,3
2,0.03008550006184116,0.046805769478974434,0.039393522897436396,0.040489324110955745,0.03789262997516088,0.03424215147407632,0.03882215469566964,0.035027017467255596,0.03270116828221462,0.03170447442021261,0.03458369425293887,0.03176636817843333,0.033129600742942654,0.03401468050540446,0.028390835778992155,0.030386194383890015,0.027833272554432572,0.02946918819233774,0.026625627067670073,0.028759551875229574,0.026524956019964366,0.02842799031912155,0.027374111557863793,0.026611993210998608,0.027024030225617085,0.025358097065864515,0.029715382480001294,0.024125933674263557,0.023884815582994986,0.026689807416005563,0.03127723391276777,0.030862922138467856,24.1,3
2,0.03063301447025877,0.046820882394668015,0.03900169185852743,0.04024143511601402,0.03810605519367061,0.03420408055480795,0.0385622315169598,0.035594027938182234,0.033307001757215134,0.03152045748816727,0.03425115773297483,0.03307995150090518,0.033244416733742364,0.033718508331995724,0.028965137435765672,0.030259692617303578,0.026768999499435717,0.029230079247810525,0.02626553276821174,0.028544264549674746,0.027016943987686396,0.028707403157513682,0.02741379265538789,0.025822785498714314,0.027050050244149443,0.024886746164744455,0.03013187816353458,0.02373060060157321,0.02362447552010733,0.02723066291223475,0.031486406601972855,0.03057963578608965,24.2,3
2,0.031174039683925008,0.0469905056291542,0.03936035097308499,0.04019272252757765,0.038049896855267315,0.03402794659243658,0.03861735266745662,0.03498308915503091,0.03376495488904743,0.03190537836926965,0.03465525245104571,0.03284209296098819,0.03316614654490429,0.03404490557581601,0.028711147544883624,0.030041229517439923,0.026978435462939127,0.029337448541666138,0.025726330024337423,0.028334319500465572,0.02757350799212951,0.028369789164295278,0.027807242571957082,0.026035650097543245,0.026588224632516307,0.025254306334031553,0.029961071791181876,0.023615684525172553,0.02402095092786813,0.026393657151848503,0.031242859901047897,0.030233509443671636,24.3,3
2,0.03147081196157406,0.04701987127725489,0.03918755446768454,0.03968941136385433,0.03828603531945525,0.03436660365595733,0.03818010647804725,0.03505989583052152,0.033156219771977496,0.0311638585349259,0.034372432298709205,0.03277222958049683,0.03331668017571511,0.03356181990427719,0.028783699158922316,0.03024380177501794,0.02718118327246272,0.029741026074602113,0.025591024852086423,0.028914794801000048,0.02719631767048566,0.02890488050767024,0.028109021419134298,0.026278769060802683,0.026754927342214917,0.024835103613773647,0.030337473615128847,0.023773546489716392,0.023305648128620234,0.026973322670627735,0.031060697753628862,0.030411231173653977,24.4,3
2,0.031183754504720603,0.04701662947451688,0.03872960828866778,0.03942182154470596,0.03802558260026567,0.03442815420163851,0.03896517602028059,0.03497242591419894,0.033647453768199755,0.031886842524165085,0.03411982174616686,0.03325780828732167,0.033268290895941285,0.03340294859796958,0.028364596832178346,0.030461500025201566,0.027305581569191946,0.029737408498142562,0.02558302611005785,0.028090200829605387,0.026893652870844127,0.029352495638390957,0.028499508121369078,0.025932283407684338,0.02701082488217823,0.025149400917561883,0.029759214025865816,0.023817405010706633,0.023649365225218242,0.026837896147932985,0.03143854177854321,0.029790779740567434,24.5,3
2,0.03154017872182587,0.04702368657902026,0.038817698655794486,0.039107993202321195,0.03787677518266749,0.03474115755535652,0.03860428926810711,0.034745591454180706,0.033529579443211235,0.031242154355297837,0.03449380133691057,0.0330044903034519,0.03358813657384978,0.03231280683504705,0.028927052986264787,0.03021810761950867,0.02722453302684525,0.029224918140777614,0.02570492778994174,0.028723873329139945,0.026698898490723173,0.029278826221220067,0.028220526101062442,0.026244205890647306,0.026648427836762457,0.02476434331624071,0.030331489672194463,0.024341446923485964,0.02375276388528182,0.027317355313352592,0.031202573822961172,0.03054739016654783,24.6,3
2,0.0322190872322218,0.04724262584833992,0.03855813769935572,0.038362045209230096,0.0383221346519175,0.035019096617069076,0.03817011402770525,0.03522655086015691,0.03358135036458137,0.03144147911409492,0.034119660016023914,0.03276379339731594,0.03361560949306224,0.032914797978806976,0.02891648508187476,0.030779214671695403,0.026892596560634256,0.028970734816309424,0.02558713058201593,0.028953974854654868,0.027448699855396917,0.02928944801017575,0.02794007217712444,0.026181495266908304,0.026061371881943195,0.0245365406295598,0.030656652813844658,0.024390214172797922,0.02330984736007641,0.02639461566265255,0.03140600665352375,0.030728416438930328,24.7,3
2,0.03200208000249232,0.04701664700917005,0.03833881724897599,0.03850935614878182,0.0379903666787563,0.03508968175589126,0.03824871512225749,0.0351741496940899,0.033329383335340995,0.032055554292631835,0.034536896300755245,0.03313479616757159,0.03402685311032919,0.031601596157593795,0.028920740051558397,0.0302837193933936,0.026963835963847885,0.028889504751119288,0.026224375330557954,0.029209030203809928,0.027358494147299444,0.029965655522323643,0.028555661147725078,0.026537833469421644,0.025939612423059862,0.024577524446284218,0.030762942759362834,0.023505419473805005,0.023694577323648384,0.026633445942759043,0.0310936009809757,0.029829133644410408,24.8,3
2,0.032824217252151754,0.046515824717575184,0.03792469243140493,0.03773354249597258,0.03771993333927269,0.03478450885069916,0.037904478862976806,0.03473438860072714,0.03423404036591046,0.03200606997514737,0.03402448478357549,0.032763128987737915,0.03358869329762727,0.0327412282794699,0.02950622791399712,0.03107887545963729,0.027230793136559874,0.02932350493405938,0.02573158278234774,0.02968387756914475,0.027104847774546095,0.030094267357524095,0.02759360966184989,0.02602044683041727,0.02586307842096126,0.025061944121215072,0.030799819378433665,0.023713745107839027,0.02360847263045491,0.026914216088873948,0.03067075582355327,0.030500702768336496,24.9,3
2,0.03283943471889253,0.047707711598031124,0.03777521569477744,0.03726574069214241,0.03827289686174997,0.035521766570935934,0.03779139316363242,0.03521013213582271,0.03447567706907029,0.03170273492058304,0.034357714956403024,0.03222064678264839,0.033144886099594484,0.031941476414564324,0.029015060780057868,0.03151826940079587,0.02832641236147814,0.02856305936439888,0.025697624847018565,0.029502715065995583,0.02640651573972874,0.029452327164053733,0.027747298154142966,0.02672860179411594,0.026141050776842204,0.024539597022430176,0.031130137144119052,0.023436877570039764,0.023970773685149598,0.02651453065308632,0.030808287066418447,0.030273433731280212,25.0,3
2,0.033376495675021656,0.04721847972367357,0.037786468981638094,0.036936320346367485,0.03760487669387168,0.03528472709808602,0.03735465296503808,0.03457460635350137,0.034904869582313015,0.03229358330034717,0.034171225097699535,0.03255120610264767,0.033520783196199506,0.03210547923643132,0.029406226780118564,0.03224017745790067,0.028409361621917165,0.028107975343598567,0.026129812517927006,0.029352608670792486,0.026788938716425983,0.030000314990300415,0.02715653331937074,0.027135350202503558,0.026038220447429983,0.024748956920763947,0.03041039664897087,0.023362320661449772,0.02388512740814868,0.02648594886371236,0.03081990936118683,0.029838045714646332,25.1,3
2,0.033159943558684776,0.046963543621579555,0.03796587684775582,0.036911977090495506,0.037551813086391064,0.0350755189842407,0.037851837776681364,0.034664375937209654,0.035042429661440604,0.032294217686456496,0.03453855408235372,0.031444521792744894,0.03309049418478236,0.031532224742997855,0.029662256685285455,0.03201039060438132,0.028172524794745763,0.028482443930380564,0.026576483501543208,0.029708684683651537,0.026832486126224974,0.03000260330056653,0.027328082021999215,0.026434355279021056,0.026643715149832575,0.02500562248858908,0.03031156945865162,0.023736511167800012,0.023849097234320233,0.025765297730641595,0.030691455611855805,0.030699091176695146,25.2,3
2,0.03350201776305675,0.04688558493007711,0.03742583986540163,0.03628969107845809,0.03783693825397655,0.035870333113234426,0.03733991148590019,0.034275694372243606,0.035499601408266225,0.03215312688753888,0.034560683334503586,0.03159667133039601,0.03342248957660097,0.03259123169701585,0.029752751544082044,0.03244952838457301,0.02906513002201341,0.028021937462670676,0.026419858319908222,0.029551737300925564,0.026670388742871354,0.029558019635618344,0.027527816120516354,0.026691148127261807,0.02613610696922783,0.02488986992806364,0.02967418990488169,0.02376549318342029,0.023869527453506848,0.026029796361952563,0.0311454213595958,0.02953146408224069,25.3,3
2,0.034353276937670964,0.04709425340079512,0.03720536634014998,0.03580858476998321,0.03818892203029084,0.035972902591059765,0.03705393122838496,0.034318353785400046,0.035772866952272456,0.032615750865744995,0.034027849347111616,0.031196993877008077,0.03264686027811354,0.03203667398668437,0.029453934834205414,0.03154260078562993,0.02926982759359541,0.02829539112799382,0.026982446414799816,0.029094706654192413,0.027042083444179743,0.02888543948502284,0.027587749632315788,0.026024730088700293,0.026509040016482098,0.02488128760303155,0.029758878800490423,0.024087754737399422,0.024241665335592556,0.026721001286851842,0.03158125496003978,0.029747620808806944,25.4,3
2,0.034970421016428235,0.04660989059612605,0.037498000749380346,0.03549618314568749,0.03745301029382341,0.0359591225986385,0.03627931934478533,0.03449641757960512,0.036352149689967195,0.033195709553431436,0.034381898282979204,0.031182075626051017,0.033538355814755914,0.03285863656645671,0.029959296174655425,0.03214804445810606,0.029344355616885646,0.02805869453551905,0.02690623165700528,0.028569601430748586,0.02659918479510713,0.02869509620650353,0.026800209508705004,0.025663897062826874,0.02608409426879247,0.025171733967402642,0.029987782129105106,0.023533373168988195,0.023907936725531327,0.02691286119685423,0.031065139922242302,0.030321276316905028,25.5,3
2,0.034985211642419974,0.046415624109980784,0.038017188021690046,0.0352248026733996,0.03775350142363585,0.036283141529861916,0.03594341021727489,0.033940669565612445,0.03658861429766543,0.03281051958974233,0.03434219969928556,0.03065244271517871,0.03251637667271813,0.03304298175091082,0.029141203602782887,0.0318218262825868,0.029402142681168517,0.02837656449742333,0.02681715491972852,0.029046880437702795,0.026834499851993238,0.028535824034869272,0.02746336934506285,0.026162299031537054,0.026881981999973038,0.025128035073299155,0.02955251560435957,0.02363523108827395,0.023575801601420743,0.027170756815130714,0.031653390568721455,0.030283838654589557,25.6,3
2,0.03522990254647668,0.046522791133868924,0.036869183878297365,0.03531473302027557,0.037849937296614795,0.03627646455417849,0.03621503178627583,0.034011019953691636,0.03659993731133229,0.032724533038828406,0.034954277984593045,0.030346528614395345,0.032523896234071245,0.03319807570010759,0.029184988908001204,0.03189573376020322,0.0291491212017084,0.027765221761779132,0.02708898704037034,0.02898361494208615,0.02687309380462683,0.028307200296166842,0.027517886804395746,0.025830462432629958,0.026694545516256316,0.025105503738219424,0.02993326862890427,0.02397098867351717,0.02362797943894406,0.02728912255970955,0.0316106114894933,0.030535355949980705,25.7,3
2,0.034921219388656305,0.04665975814723081,0.036477252438488386,0.034917806813883394,0.038103595326081825,0.03728920721572562,0.03579093393494045,0.03327148416028667,0.036538336255181054,0.03266434161741582,0.034178881324826146,0.030277046464326815,0.03191220534740178,0.03371506895126726,0.02945333504708193,0.03172607812650567,0.02920088863692527,0.02877989988793391,0.027018768486435772,0.029308822107846657,0.026460118421770058,0.028572910945200557,0.0281326295669792,0.02583875933278922,0.026985041135520867,0.02501364692056195,0.030248085475297285,0.023934566213440683,0.023519333311205703,0.026967878105756193,0.031538597069012964,0.03058350382402359,25.8,3
2,0.03554227874910479,0.04657900667154265,0.03723869179523696,0.03450478530064722,0.037536883673597664,0.0371149667635211,0.0352189660178631,0.0338827953289412,0.037062703667351114,0.033111252110129066,0.03406340330959891,0.030016357513732207,0.032369097504624335,0.03376491842645319,0.029376000446956985,0.03160815846712141,0.029206111992484865,0.029022458619100685,0.02637965372242563,0.028864402572740335,0.026871247875455688,0.02858839266110317,0.02724611043160205,0.02569297339856048,0.026905904467523552,0.024820684796821983,0.030658608758873558,0.02411938119550919,0.023720139111925023,0.02727632771070457,0.03100764910769252,0.030629687831055057,25.9,3
2,0.036370506245225684,0.04615327970863011,0.03622056402375834,0.034056992172958135,0.037783892853182906,0.03687226372463936,0.03501655423337007,0.03381644154249764,0.037663017385621625,0.033502672725416516,0.03501155467930506,0.030345727324235575,0.03262444011883259,0.03416896800370341,0.028629018542320143,0.03123575494650901,0.028861137804441803,0.029191061088455726,0.026226570451507194,0.028253556969291646,0.026829205132501505,0.028613871712779383,0.027947288950065326,0.026024590764371632,0.02654966267395718,0.024586591670908774,0.031063559232729826,0.023698779299615547,0.023592056448761164,0.02702355360468568,0.031512333809536094,0.030554532156185366,26.0,3
2,0.036412675454757355,0.04664816524045501,0.036460388579629265,0.03450053157445054,0.03793539200008517,0.037513849842768454,0.034269517172790046,0.03341833853024844,0.03760362004252242,0.033007907693364015,0.03458837411225423,0.030389153279316173,0.03243955685824641,0.03486848317442466,0.02886992011551062,0.03081511456772837,0.028194828058145063,0.028658701814525272,0.02545092964406725,0.02868971546950773,0.02739897864260399,0.028846245116424682,0.027894421095009676,0.026037388030799514,0.026029140121890695,0.025154602309363838,0.031092309998725316,0.024332435915220444,0.02404046278265673,0.02699032495729865,0.031192916945203843,0.030255610860006214,26.1,3
2,0.036905604700525306,0.046043587011672146,0.036279270938289435,0.03367334973960579,0.03816654721900666,0.03828135770940321,0.03479430113116626,0.03343161985407798,0.03749410378343753,0.032541110207395835,0.0346674083790552,0.029968247678127887,0.032409017841238376,0.03506343967578331,0.028520869581890332,0.030680786373753918,0.02839002153424942,0.029609511837806968,0.02619345224766968,0.027936719822905708,0.02727480018149029,0.02896782205274851,0.028405303543159524,0.026086128694487253,0.026426462707763106,0.024602382478008555,0.031410814273568635,0.02376852409396494,0.02402673885117527,0.026762874033384575,0.030981599940192433,0.030236221882996146,26.2,3
2,0.03699440539116478,0.045737762139181806,0.03610952354105476,0.03378118685690095,0.03812709368619949,0.03733168856475467,0.03442328169243399,0.03346459529934629,0.03773116461264634,0.03265199241451499,0.03495101206484927,0.030171732400777043,0.032325775038443805,0.034739353914922555,0.02933885693251296,0.030703998216923597,0.027599631965962438,0.029631378126629488,0.02549177950395464,0.029086355629279984,0.02792876479701055,0.029328720640796568,0.0278235775637502,0.026968809473791353,0.02648259516242481,0.024645756392712867,0.030789246350164442,0.023737381091607543,0.024043690309929606,0.02681515986256564,0.03109476913974246,0.029948961223050116,26.3,3
2,0.03816992602966597,0.04558400576894371,0.036426320033039146,0.03372944595392583,0.03780404628066385,0.03763183238327151,0.03367337522230248,0.033271818370973975,0.037804929602276445,0.03253536655637052,0.034880686839280924,0.030654198063278137,0.032560686735168126,0.034659836344816675,0.02862931938008052,0.029875239641014635,0.027478111167977284,0.030287248252844963,0.02539986801346002,0.028799956357924726,0.02712114475170501,0.02974578428841158,0.028215446304193335,0.02694386202448697,0.026457659569219992,0.02484421739269387,0.03100475291334704,0.02380092962770668,0.023855125551229966,0.026527513837876947,0.03120863634228819,0.03041871039956091,26.4,3
2,0.03854569635739139,0.04568411718153064,0.03602204058030516,0.032741649439205024,0.037869505790175326,0.03768694891583473,0.033872019748083224,0.033134472705031816,0.037694694667821146,0.03335822098044475,0.034559007640814064,0.030628510522616812,0.032407160621618684,0.03466910293952618,0.028756357723881885,0.030529555878132067,0.02731760985336196,0.029443162133883042,0.02577142164695138,0.028583929245190952,0.027776779779044157,0.02982100000019734,0.028390799991686182,0.026900838888432872,0.026098016684941792,0.024511341512101183,0.030599711778495405,0.0235515290518977,0.023675797311437506,0.02708552977368231,0.031862213041207905,0.030451257615075413,26.5,3
2,0.03855219360244807,0.045792870686879525,0.036052182645405204,0.032861273746669334,0.037751590256321285,0.038080307247036135,0.033809561274057785,0.03327648899753271,0.03725996495323925,0.03284394154371253,0.03450271818659662,0.03152466799492168,0.03338482247116689,0.034110027066127625,0.028482297776487652,0.030686694924516377,0.027330246257179544,0.029067059060086536,0.025834824373392077,0.029162649158275197,0.02729018004426032,0.030546573947693192,0.02727520433595715,0.0263316149659235,0.026594217214026862,0.025025197148338424,0.03059335481863378,0.024173740047363435,0.02394119854570994,0.026859001544928214,0.03096616809689463,0.030037167068218563,26.6,3
2,0.03873108175604737,0.04581268162911253,0.036034619935498155,0.032779504966862785,0.0376547898466501,0.038310859895773486,0.03331493076489145,0.032988228453878214,0.03736018470363883,0.032938459770046016,0.0342970486557258,0.0316228724291488,0.03344052671323756,0.03429805261918782,0.02843361917283423,0.030274175062921436,0.027566358706779096,0.029213001831647024,0.02552543384993388,0.029230315009137742,0.02734480589235229,0.030203598607805866,0.027514721317324478,0.02667370302321069,0.026269790376965498,0.024971539913973315,0.02992147931010102,0.023616654454038613,0.02391976958606275,0.027273314313063526,0.03157311557068055,0.0308907618614692,26.7,3
2,0.03932742053980318,0.04502394938077758,0.0357880555278684,0.03250092811312674,0.03777725900344219,0.03869282384762585,0.03314369552491246,0.03323866995977907,0.036948867725530375,0.03253198969216927,0.03425985004903044,0.03139642910720418,0.032811700588958596,0.03456469716619155,0.029032797637267214,0.030018872204831137,0.027391190785205712,0.029373250160631234,0.025334675417774698,0.02951700601850773,0.026956160230631264,0.030380280967056156,0.027192027006991918,0.027074368724040856,0.02714139960456701,0.025568024705834892,0.029892138079762907,0.023968142428122122,0.023833132613652986,0.02754066796826973,0.031568616641364095,0.030210912579068522,26.8,3
2,0.039971509174570014,0.0456978769153404,0.03609181004019837,0.03240884935330188,0.03789234333983576,0.03795116529622502,0.03333486745695815,0.03345146161202064,0.03642520466250248,0.032384392322025536,0.03465568222774237,0.03217925536503684,0.03277970498693883,0.03385705288714296,0.028761027613073295,0.030665681912166762,0.027829069489785602,0.028857277991985317,0.026366951479361952,0.029072669876322586,0.027149009285647722,0.029557684907754265,0.027466241599535843,0.02661043024112618,0.02742755878147126,0.025147072661825448,0.029918380494746214,0.023763837234448085,0.023318502885470438,0.02658744413440158,0.03139148292432528,0.03102850084671299,26.9,3
2,0.040187987152466145,0.045307815606418354,0.0362036391029356,0.03240191969955513,0.037558679081111504,0.03771031055783932,0.033237766655603164,0.03338148537949324,0.03703640086800213,0.03166484724169929,0.03516406984051941,0.032640182924157886,0.033802983648312614,0.03316040239126574,0.02897714470898201,0.03085119433578092,0.027614064832387996,0.028767713407247507,0.026251839788979707,0.029415719691272404,0.02653347657945482,0.02958034870187571,0.02689915094102015,0.026640746506620218,0.02679044638292687,0.0253493573330115,0.030032728756247577,0.024098092366619996,0.02343656497890194,0.026984815399860387,0.03143142626868415,0.03088667887074661,27.0,3
2,0.04057576521331157,0.04434212185523801,0.03521205897863761,0.03239619310817235,0.03731081191806973,0.03809522878049276,0.033674498448970115,0.0336763474391964,0.03638173782417956,0.03214580015589764,0.03495703008159579,0.032574589867592076,0.03316203362643366,0.03302796303789893,0.02849436796879963,0.031081310943429655,0.02812399321267212,0.028693985517293605,0.026432853761240094,0.029383481805225216,0.02700906689496102,0.029468430091708735,0.026986222681214714,0.026414808716076967,0.02682735198158932,0.025790203405629684,0.031014277093180186,0.024270904573603563,0.02345950768079662,0.02723042453124117,0.03124331580920949,0.03054331299644188,27.1,3
2,0.040581679468240345,0.044637179579574464,0.0360857020853915,0.032329021380747704,0.03814547252543025,0.03818227784973364,0.03332182106495219,0.033687118961127624,0.03611976425243522,0.031955683921766884,0.03434303062412384,0.03285715395756721,0.03374414031209968,0.03269515846860716,0.02878825255158323,0.0314081122186253,0.028384657672488246,0.028533257837214162,0.026771811557881102,0.028916778934795207,0.02701077749714537,0.02928101220633942,0.027675413778398283,0.025681294427731666,0.02664539069152905,0.025029632357390214,0.030294125832030512,0.024478080924384783,0.023657506290188205,0.026863022594026134,0.03138674847903987,0.030508919697411315,27.2,3
2,0.04102252255636232,0.0441616131954578,0.03568692097884405,0.03228599984128493,0.038190920567389146,0.03715345441639016,0.03333901569904885,0.03403215848531812,0.035202715460941225,0.03210610322913256,0.0342325918046437,0.033025877500455714,0.03373578859361157,0.032929299024158254,0.02896051410068495,0.03188005151705559,0.02825078637320141,0.02841406251238812,0.02707688990920126,0.029559293934456686,0.02734665644418775,0.02841561836639586,0.027544788536732034,0.0257912499082351,0.02665899760659269,0.0256210670615581,0.03090862936382114,0.024425106173951064,0.02355510007549018,0.026460622994957567,0.0311596694251919,0.030865914342860262,27.3,3
2,0.04172715032731233,0.04424056248666739,0.03540024122744532,0.03228070180938742,0.0380942525153783,0.0373388759629092,0.033672105827630715,0.033776879712801,0.0352624812368568,0.03207468438911125,0.03428945562896381,0.033173206909739676,0.03355838288201299,0.03251335888084841,0.02878760039946972,0.03239517177405509,0.029442216559770855,0.027988699953981677,0.027472489947541538,0.02868922623112537,0.026971453812176874,0.028754027460632332,0.027074464014264332,0.025970730363142014,0.026752870995373455,0.02501442597674856,0.030525719327693813,0.02451628889793789,0.02374102530686775,0.026732482960173706,0.031018425909721443,0.030750340312258987,27.4,3
2,0.041588278611211005,0.043945267282204825,0.035295055579457835,0.03239192815725775,0.037579767038935306,0.03769417532832226,0.03379882910091197,0.034102429235333936,0.03449664218507714,0.03248758647835103,0.03370993267604628,0.03405142035112511,0.03370771027038947,0.032276871808959676,0.029883578880743885,0.032144166393179616,0.029333190584882797,0.028295668375732504,0.02640928019689478,0.028869239535615317,0.02736155776062392,0.028514180703628607,0.02772687933753198,0.026288687122808838,0.026040049414245228,0.02462771377200473,0.030987199275911242,0.024084310839249265,0.023934088072856238,0.02670915760448969,0.03099455009995647,0.030670607926061567,27.5,3
2,0.04188406440988193,0.04371849834135855,0.035903554035095764,0.03231951994484422,0.03779211791887356,0.03797899454734324,0.0339319972663629,0.03397501105067553,0.03439404150044391,0.03209112468944969,0.034773163740652875,0.03370455343870664,0.03355688473487395,0.03227890550146034,0.029320856727983145,0.03173596333786358,0.028850337985453476,0.02836959838469732,0.027203681891536477,0.02852612574733005,0.026819666431501212,0.02830499058160008,0.027930037629409248,0.025659547391281817,0.026582300281354172,0.025150754404295577,0.030875690824358648,0.023923119935942205,0.023734974208363534,0.026681379394109198,0.03184243549824451,0.0301861082246526,27.6,3
2,0.04259069814884741,0.04334535005794406,0.03561322589865078,0.03302278179177517,0.03798926288696098,0.03748923795129115,0.03433302451152668,0.03406019707922726,0.03405254769155921,0.03178601260730312,0.03431909241077434,0.03300191909905074,0.033517346282096565,0.03242121192710697,0.029186907518485343,0.0322559429607058,0.029485176665883576,0.028338392623290114,0.026985699717541597,0.028046915013352776,0.027526678092578343,0.02852985455646404,0.02823824975283927,0.025839947963630244,0.026707814065737148,0.024623482474732717,0.030703014685336417,0.023673894453265,0.024214100733339187,0.026398180313728953,0.03133455496582386,0.030369285099151426,27.7,3
2,0.043144526953987176,0.04309758490669257,0.03487409457368956,0.03261212053132997,0.037775079864886596,0.037156551367116555,0.03438238710776125,0.03377630690966026,0.03388513068528727,0.031815291340915444,0.03435648806935957,0.03341155017679375,0.033281833819966515,0.03214557203517119,0.029929245649631134,0.03202621940931924,0.029763372629116113,0.029147167524406926,0.026512921201595794,0.029144950286501787,0.027200829266268472,0.029016310073855578,0.028113443458052105,0.02662393857013054,0.026227335834682543,0.024723958555396795,0.03018414663629354,0.024078922185275176,0.023903372424839166,0.026766256572844295,0.030957432581938983,0.02996565879723427,27.8,3
2,0.04309120566374805,0.043095320051692726,0.03583896007685961,0.032855225044912145,0.03761684725294809,0.03645076792661557,0.0351954024615285,0.03445721094598499,0.03346501857647895,0.03170495551850882,0.034478856566779036,0.03324090110127939,0.03362319637236733,0.03222594799324314,0.029640956901332224,0.03204009938765343,0.029159037812639524,0.028624900535874846,0.026332170235081477,0.028304060851772898,0.027193317289122637,0.02901458155761508,0.02802796775427477,0.026453070018724517,0.026107585393995256,0.024872868786992592,0.030613751551927193,0.023765244288695083,0.023731625158822777,0.026911894096577335,0.03166384414327274,0.030203208682679582,27.9,3
2,0.043396979145377,0.04275138683026563,0.035428959692667475,0.033024001598992755,0.037777698900819646,0.03668582206921604,0.03543428876252054,0.03447059431983192,0.03317665038299076,0.031745133017035895,0.03447160387676992,0.032743848480778937,0.03309582880598974,0.032154433625827934,0.030141764473238627,0.03176753594230956,0.028956187545383334,0.028748548480579218,0.026092898300816764,0.02861719834289569,0.02746520054540094,0.029412440325256417,0.028098260645368495,0.02663295101208773,0.026193594365877596,0.024356691832917086,0.029969925067351657,0.023936956602560164,0.023911467289121368,0.027530594353914955,0.031219693872169402,0.030590861493666917,28.0,3
2,0.04366980133850195,0.04293669893738524,0.03520176909585474,0.03261852355192162,0.03752273926644428,0.036479478596321877,0.035303556315552605,0.03453830123836344,0.033486657720454345,0.031824270083493325,0.03470938274124023,0.032397952472745205,0.03319793163983024,0.03268810184881726,0.029480696025214134,0.03159963628267152,0.028432795620436522,0.02915690261560358,0.025837027459476785,0.028641290928848165,0.027709333700297385,0.029710472554394626,0.02810840449623952,0.026924356772179463,0.02626782781509435,0.024869289814537596,0.030150922277278055,0.02374094412552692,0.023686671293569647,0.027260302851217114,0.031682388179265865,0.030165572341222215,28.1,3
2,0.043753076029419004,0.04243031767694357,0.035045358521583615,0.03322494089433233,0.0374971465168502,0.03706907653817104,0.036105007910410665,0.03461213915154357,0.03315441831797727,0.03182369290155827,0.034174750744397284,0.03212123439419213,0.03343398841105172,0.03292305668970136,0.029457646115427408,0.03152591292702078,0.028190974824194217,0.029521143799303262,0.025368051934962478,0.02907950989067899,0.027456783931820945,0.030214442602727827,0.027877734820632688,0.026715656515677165,0.02631407260000052,0.0248408593832994,0.029705342173443634,0.02393397751077891,0.023891374852583525,0.027016533791226597,0.0313791059270419,0.030142671701047844,28.2,3
2,0.04423806799420622,0.04213406320141433,0.035689744068486164,0.03338508748945197,0.037595602792761244,0.03655968708536904,0.03626077000570784,0.03528045760100013,0.03304379438265752,0.03177621789030677,0.034555672121590754,0.03235813047468326,0.03255329326329321,0.03297041816025336,0.029375380208811152,0.031310493919503135,0.02802795102681811,0.029574328083260486,0.02602845816541058,0.028502822370829534,0.027027920140968713,0.030471385909646976,0.027480638010421103,0.027008891444390375,0.02636546800038252,0.025183274541825,0.03018747954508346,0.023631763691932824,0.023386977464535247,0.026708854151037364,0.031129749294986818,0.030197157498974947,28.3,3
2,0.04424873257835003,0.042180726106881866,0.03563745186094318,0.033866885778611244,0.03776354413370921,0.0362263346380879,0.03628404221207123,0.03528363944176966,0.032713121002913285,0.03137399529872955,0.03408160433451136,0.03216406422357045,0.03333377532061897,0.03375735332944812,0.029386116407774172,0.030817599124925904,0.0277300200042647,0.02958693919947879,0.025496250826875233,0.029405974729777615,0.02688996400233827,0.030027184491396724,0.027463328851376503,0.026368684028776665,0.027183900112926745,0.025239895094747118,0.030027042668546538,0.02389470640175422,0.02294185156371356,0.026850640357826756,0.03135308215378692,0.03042154971949739,28.4,3
2,0.04563641514850665,0.041847401669893564,0.03579441318794573,0.03354292822441892,0.03751721929394121,0.03607011433021051,0.036845355783162205,0.03551241819895576,0.033668065412732866,0.03179295331700118,0.03392379961046484,0.03173986982907505,0.032591849876214676,0.03386872563564167,0.02926530876507004,0.03045324870256627,0.02702221754892644,0.02962083927900301,0.025210528814447724,0.029083902734193944,0.026946555526601662,0.029432207722138153,0.02708415323037534,0.026453519057667817,0.027197241060791234,0.02555173550401458,0.030519721358349752,0.023579472771405242,0.023799808615404344,0.026668177741663482,0.031335828379630636,0.030424003669585302,28.5,3
2,0.04557968610942531,0.04158988223333636,0.03602009366325641,0.03449112522248367,0.037211500881603646,0.035771267485445124,0.037327305586042164,0.03488203249252347,0.03355846787507573,0.03242577995594423,0.03403093803682328,0.031098015840557488,0.03249153574088512,0.03418575032140283,0.02883717861870934,0.030222066484346406,0.026903380248954466,0.029602557886254734,0.0255236856854154,0.028986384662352347,0.02730375112126922,0.0296242837830407,0.02701034951688536,0.02654773818332246,0.026672732236503464,0.025689557071757862,0.03025329437791233,0.024140935889036645,0.023658605464258256,0.026411690916195676,0.03149291910776431,0.030455507301216336,28.6,3
2,0.045987562362798315,0.04131873216822132,0.03538398760663923,0.034371429422872496,0.03789700034738979,0.03579228899785341,0.037289670111670496,0.03489431644778466,0.034075518830906225,0.03255476619917185,0.0345802493650009,0.030996192052750046,0.032130704391894485,0.033938878053907426,0.028573609607961414,0.030078022023269015,0.027421961371552284,0.029311342121620586,0.025997765128109022,0.028971463178261082,0.02695112407192764,0.02987036163224009,0.02683199780188059,0.025769297879197864,0.027006915675809203,0.025183561348468973,0.030962869735286152,0.024122455814751503,0.023479532943393777,0.026767894104949532,0.03098913420044257,0.030499395002017815,28.7,3
2,0.0465389605548744,0.041096138133950924,0.03529933847590697,0.03461751426036505,0.037897962522347235,0.035700587366065975,0.037855145393021684,0.03515971246986288,0.03402875035984964,0.032028298415403035,0.034544044304692455,0.030734525009908396,0.03247742154141648,0.03395562012826645,0.028798554233947695,0.029732749687691334,0.02701306804701199,0.0298406919001773,0.025627368573789784,0.02932888063522641,0.026562804677110995,0.02925141407715173,0.027234269513282908,0.025779495534269628,0.026937940951426678,0.02544400979403269,0.030729875522728205,0.023896927204586353,0.0237177999349168,0.026747581377498587,0.030956603811781763,0.030465945587437492,28.8,3
2,0.04647079446594964,0.040520282502855776,0.03590403518919153,0.03468902426848757,0.03800469193522059,0.03522564703000754,0.03783254627021684,0.03524003374430226,0.033783514173002356,0.032744213174205596,0.03529217095553677,0.030497395334590623,0.032839619738160845,0.034401186164003006,0.028659311531534507,0.029603067376719285,0.026863076017877366,0.029303106634148743,0.02572607781837211,0.029418560325495002,0.026973226008691346,0.0287991960766373,0.027846563469962945,0.025498958800268503,0.026619987138536604,0.02459023819278524,0.03111923599563008,0.02393117483288843,0.023608562347893502,0.026413675858723805,0.03120454233137593,0.03037628429672863,28.9,3
2,0.046705108375033486,0.040433925428666896,0.035527710795233196,0.03531393211925974,0.03761922597193874,0.03550029739907186,0.03784957880536711,0.035612208462122395,0.0342364658294271,0.03195062541050614,0.03449994052564416,0.02978370126851729,0.03222084589204479,0.03460659112705724,0.028393388362511908,0.030227263983149892,0.026966402482981083,0.028887840706091513,0.026578821801438106,0.029938173596701114,0.0267113828735431,0.028495435701528904,0.028089545059509165,0.025676648675158745,0.026156392304420448,0.02527995279044552,0.03133162209264695,0.023640209385703492,0.023426389474086994,0.026867968207051826,0.031264367599382906,0.03020803749375822,29.0,3
2,0.047543195183150505,0.04043991724596035,0.03577356588083432,0.03617268939346545,0.03747025502350199,0.03444303428352781,0.03844962452446897,0.03534579288289096,0.03466670800540791,0.032576921863710404,0.033800650978743976,0.029999068155924038,0.03231475991501095,0.03455706915592522,0.028367998423066105,0.030267981934799522,0.02673714089835832,0.028799869659993198,0.02642231482268312,0.028914393946711726,0.026567744134860904,0.02826927454183245,0.028037233338820536,0.026276260461044882,0.026072668258582368,0.025338917275509812,0.03081645610900127,0.023388072515693095,0.023609312323862205,0.02697235167000176,0.031574254183281976,0.030014503009374038,29.1,3
2,0.04741093931039123,0.040020872560777444,0.03539826319898952,0.03585866625418973,0.03777913818010112,0.03471646898841251,0.03866452293247145,0.03480647736452543,0.03489595202003398,0.03247865324189638,0.03475222935722226,0.03046385331032592,0.0324259001865502,0.03426737671399505,0.028229749813470824,0.03048583790956851,0.027349819904329938,0.028610384913463512,0.026502987796190022,0.02954397014230345,0.0274285499018286,0.02781562175442844,0.02786085003687157,0.025929444778338643,0.026126368635800923,0.024531051332921328,0.03054287819229234,0.023377531562217956,0.023579699475673118,0.026771140474941613,0.030876739995297865,0.030498059760178914,29.2,3
2,0.04806331489937505,0.039574566777740135,0.03563681535967214,0.036577702075460614,0.03752330015427475,0.03448366030725684,0.037905314344036774,0.03539840112046904,0.03555734590254306,0.03241236983620189,0.03456255664149931,0.029665534640616466,0.0326423989172604,0.03394654564236471,0.028098000400022617,0.031110709585732393,0.02754104117643499,0.027756333755760074,0.026993810249106763,0.028624731348418843,0.026878645783417327,0.027698066738944968,0.02809381516804747,0.026407880583220678,0.026488966549649585,0.02483440944435003,0.0308691593687832,0.02336179683891365,0.023089289406255743,0.026952495746728113,0.03105475266391126,0.030196268573531172,29.3,3
2,0.04773778176067755,0.03898111867307487,0.03566274206403532,0.03635836070246068,0.03771290035078277,0.034266950280605016,0.03874601449819816,0.03465025839635693,0.035468261275883234,0.03308948439769654,0.035189477870934356,0.030114074650897358,0.03241359709036706,0.03379624249146988,0.028358305635263373,0.030663801825253075,0.028259725293293285,0.027699020262868343,0.02647423147560663,0.028317817424018437,0.027259098073003897,0.028005195435743018,0.028022473198777736,0.02595228389758613,0.026294757088326296,0.024887805242928548,0.030028772958144618,0.02387567563443872,0.023678028723016376,0.026775855050491522,0.031598050687491754,0.029661837590308538,29.4,3
2,0.04789682506020784,0.03910722793399328,0.036233493598309865,0.037116654485236975,0.03707032569366936,0.03378138910436863,0.03858483814175195,0.0347154297963472,0.036312191156979874,0.032648549782460304,0.03431974407592133,0.02980707608292876,0.032321614799231284,0.03368058825536031,0.028589833615125543,0.0316247014566981,0.028028308412150437,0.026903665023979527,0.026856789643942756,0.028486127304640445,0.026634060776481238,0.028750616345191986,0.027875116572888308,0.026387258526705835,0.026322059143389052,0.024390007587183467,0.03008438229452068,0.023751348629566044,0.023759988856460697,0.026683704210773304,0.031168656794498227,0.03010742683903779,29.5,3
2,0.04901611701215772,0.03825038075193031,0.0362031612048459,0.03693672925603156,0.03744490976164281,0.033845367784656875,0.03865667699824832,0.0345904198149118,0.03621013647481095,0.03294616110025087,0.03388015916360072,0.03038811615092762,0.03278499318222241,0.03327119170608127,0.028807998081635724,0.031202317887010167,0.02898598090751644,0.028242745810944513,0.027040341324812513,0.028556315803470844,0.027231303244208832,0.028474833587865456,0.02743382522867455,0.026157305811609955,0.026045500036075833,0.024225672287072356,0.029154782411218137,0.02391533683313072,0.023106581578375866,0.026465969140707545,0.030503646557062725,0.03002502310628862,29.6,3
2,0.048516378592879085,0.03865596237150707,0.035938261018163775,0.03764394640181619,0.037615289150210764,0.033896484889971115,0.03802278544192499,0.034354385756256045,0.03615645736338894,0.03295179844943302,0.034291490843532085,0.030745396889901962,0.03295039604643923,0.032843971464396354,0.02898235033779783,0.03188599873518129,0.028963550653632895,0.028186918365669694,0.026266447944165137,0.028019432805086435,0.02703100097854989,0.028647641549636393,0.027285589559175698,0.026186805884144834,0.02567922057502531,0.02518196515993532,0.029219661235275515,0.023813544097824466,0.022754604760966517,0.027029968864731645,0.03045756480366671,0.029824729009713474,29.7,3
2,0.04881480721814027,0.03850021761421906,0.03622431104896696,0.037537161780890296,0.03717762172477607,0.03323849289275556,0.03831839429984029,0.034265416529146005,0.03637524462248236,0.032354114851570887,0.03404807548058186,0.03096816373548074,0.03267257725859743,0.032705395097910775,0.029511258703930798,0.03180229560630857,0.029346220043845437,0.027916264218137716,0.025776658904415165,0.02856918151405026,0.027134082284532426,0.029248960599293522,0.027348344796219205,0.02591060978052867,0.025877130820253613,0.025001560102544382,0.029159299843554237,0.023750267599153798,0.022778467036285426,0.02598931376342188,0.030952118872123045,0.030727971356043562,29.8,3
2,0.048886249946759636,0.038022942539727995,0.036106359310446534,0.03796102326443168,0.03771812494083746,0.03390883164245979,0.038457362231421134,0.034215435398264625,0.03660789948111282,0.032498972335130216,0.03381937068500972,0.03186870709098537,0.03289282836761254,0.03175877345201009,0.029086378929053008,0.03163356833518645,0.029076110567796694,0.02799000010853579,0.025617309389407306,0.028519443279629186,0.026501274569617105,0.02919890300152671,0.027194021427591412,0.02565028541376389,0.026399400660011802,0.024948144280682316,0.02968066687529829,0.023887413460285025,0.023361991378794744,0.0262658065649248,0.030322520507220518,0.029943880564465383,29.9,3
2,0.02218163590028295,0.04192468608774484,0.04069221220381013,0.03692841252766433,0.03852165302527904,0.0380134125288019,0.03756919359982821,0.03552401928676568,0.03440521430664672,0.03231693832054295,0.03516893714672733,0.03114257125781483,0.033951704653644985,0.03272620105776426,0.030415042563307862,0.03135918608563765,0.028111467413952637,0.029188495365733588,0.027138943313637236,0.0295241556879452,0.027420500749415957,0.02993857663297962,0.02802338912670618,0.026249739937074242,0.027182490531656864,0.02515962657861459,0.031105752115130402,0.024510338211133683,0.023509807286924443,0.02705457592792288,0.03207688875998782,0.03096423180892097,20.0,4
2,0.022062357328254928,0.04205948687250411,0.04144679466307718,0.03646811418882403,0.03852901053130902,0.038754031849166086,0.036803517858410614,0.03505494129417637,0.03400819200162924,0.03175399120488976,0.03464610391237764,0.03118232483491564,0.033519755825197096,0.03270799195262149,0.031293134920761134,0.03160016606251356,0.028079740494419466,0.02954696933560297,0.027478525942569092,0.02919924744540937,0.026711126172725228,0.03062119087177607,0.027745826441638023,0.026721476103759502,0.02690313538002452,0.025095973996546048,0.031064120213360934,0.024461575347183143,0.02423328301510446,0.027470111379180994,0.03186573760839355,0.03091204495167883,20.1,4
2,0.02158022402168814,0.04222882652959927,0.04098408648693563,0.036910695386832934,0.038415086486508994,0.03806525958616239,0.037398187734044346,0.03534407420049485,0.034155276292924815,0.03212648774005194,0.03518953640455941,0.03113401653268784,0.033586823961899985,0.03280478796635169,0.030160170827622734,0.031733276850119105,0.028352637385249107,0.03023290187593943,0.027457870355708264,0.029065007349340838,0.026787834880293033,0.030205412315268233,0.028489620038757175,0.026648398472548965,0.026403863660110855,0.025199505267101945,0.03073576087531078,0.02435060584421365,0.023725849122454963,0.027914861798448556,0.031927525407467496,0.030685528343302754,20.2,4
2,0.021201681509945152,0.04253826010913749,0.04151078753942465,0.03721252308363544,0.038245524799808694,0.03852736632705389,0.03620779844815198,0.035549596362482304,0.03395580728779231,0.03224518602442139,0.03495805630988593,0.031228798436992826,0.03374310045818544,0.03310481028698863,0.03074459040919288,0.03184459082426746,0.02818393736034948,0.030056925515383272,0.027085444344528666,0.02918220047095479,0.027069026787443957,0.029916895521760682,0.027624690188019864,0.026702076978538422,0.02712242320728333,0.02490741240908075,0.030341421334809167,0.02422232888651313,0.02453761458519918,0.026886387524961457,0.03217103162729193,0.031171705040515477,20.3,4
2,0.022204261827447988,0.043164448485907565,0.04203879530020414,0.03743598465639367,0.038170754620650074,0.03837682967071943,0.036111624383842245,0.03483643949633009,0.034006026824216135,0.0309988061200646,0.035401289613731075,0.03143635389422352,0.033548159657154984,0.03342959420203536,0.030285598904414054,0.03194104999731497,0.028118666659078626,0.030470741860121678,0.026892857345198497,0.02903830156161825,0.026961751306624503,0.02985515306129098,0.027816103064229356,0.02651264795686273,0.026225412078431924,0.025621145719741216,0.03107530113002739,0.02408823251166317,0.024270277308190133,0.02733673588301364,0.03163080461654557,0.030699850282712535,20.4,4
2,0.02225355432167213,0.04290620392776502,0.041419666988769706,0.03718731734092465,0.03805503873853635,0.038723988084048186,0.036300828516279575,0.03380099678157469,0.033945914864569035,0.03200298798422047,0.03533288413420183,0.03201447298855314,0.03292136742804909,0.03313546967602509,0.030131899110131432,0.032164216237507245,0.028739955762002,0.030565021117804302,0.02639475200722573,0.028919817421038965,0.027387635191606426,0.030121119941229398,0.02783575983754498,0.02653837445120802,0.026863863026908952,0.024976749914586534,0.030587752916381297,0.024200061399207447,0.024404400181712416,0.02731101074664086,0.03218136336621579,0.030675555595859442,20.5,4
2,0.022204775362150833,0.043344574818053185,0.04113463496331391,0.03804940781134112,0.0386301136775981,0.03926549608304398,0.03492019714764992,0.034777339811160074,0.03425768284833371,0.03162934733745302,0.0357154428969012,0.03153488315286708,0.0332295638280138,0.03382381636120469,0.030190265176207244,0.03241826820008842,0.027922673434693998,0.0295519905214763,0.0257995900354635,0.028999583512266877,0.027683778127468604,0.029026967789822992,0.027956403423260112,0.027127219790235305,0.026407843536186523,0.024720580530156196,0.03130753307905948,0.024284991746066808,0.0240504570570082,0.02763089218726006,0.03169322322711533,0.030710462527079343,20.6,4
2,0.022197729365079556,0.04242528736156805,0.041249975561189756,0.038528496038359075,0.03844179024907158,0.039290013800703516,0.035459301785460265,0.03515612172392617,0.03388092970581287,0.03156875703817641,0.035000721240103554,0.03177408580418307,0.03308560815156622,0.03372552330864853,0.029921177890325466,0.032075539070549094,0.028211935508171856,0.029434308514451828,0.025724991739974702,0.029458681718906764,0.02786770984849024,0.029494345629471605,0.027182815727173248,0.02741863691309909,0.026519427734028825,0.025428786887388734,0.03134395697954647,0.024029947142230935,0.024413220634703452,0.02728272849313372,0.031757531876092815,0.03064991655841262,20.7,4
2,0.02224184597525576,0.04278780631901167,0.041291233706028586,0.03881919413558815,0.038225215838489146,0.039060499575251435,0.03574255652125039,0.03431792458339183,0.03407905810922677,0.03181880628149206,0.0351077565499846,0.032237489140959336,0.033062029238165404,0.03348772515010729,0.02920781915239154,0.03250555487207006,0.027735160909313883,0.02971347146235536,0.02630217709544404,0.02897885573708628,0.027675795200681627,0.029438177449737743,0.027971275865843498,0.027077003986597313,0.026722249048033452,0.025453451291318055,0.030935640715090962,0.024222560018113595,0.024024364755704474,0.027037232184806612,0.03200521095116724,0.030714858180041674,20.8,4
2,0.022696651868853484,0.04369488055789277,0.04175822762425229,0.03863508417468936,0.038407348101389786,0.03946623661793259,0.03535695316772047,0.034299825447456404,0.034354534055613485,0.03226534100436854,0.03505535296898596,0.03254559279565069,0.032550768638066066,0.03418731575354988,0.029288073357629372,0.03190337103760423,0.02878075133370447,0.029059363720133277,0.025909616086062574,0.0293132954672461,0.027383694605863748,0.028901091345510433,0.0276775473506207,0.026495634756076407,0.027292589521901837,0.02517659110903023,0.030505450171620794,0.02399890442555489,0.023440846694029058,0.02709513899564987,0.031472502624260566,0.031031424621079804,20.9,4
2,0.0220671117957041,0.04270194899304319,0.041838347937190275,0.039142901901672696,0.03866727515903762,0.038938291677144916,0.034829746986045525,0.03355334105968003,0.03446901370033743,0.03212282609812171,0.03505834501377482,0.0331905139133459,0.03221760896646898,0.03431389316176254,0.028564237423299173,0.03210057138633742,0.02950618687360978,0.028990338953815288,0.0260434960231091,0.029861233045310843,0.027565874902143378,0.029279484583627856,0.028025232794272034,0.027228298325667935,0.026878489782585002,0.02561782631413395,0.031013778531809536,0.0240582916798203,0.02322150131846268,0.026774234229224446,0.03126767744159361,0.03089208002784791,21.0,4
2,0.02295751754222883,0.043001378287564354,0.04116843911156499,0.0395794399701476,0.03850639498519164,0.03878735337242139,0.03430874797785863,0.03433962470787385,0.035186216765029865,0.032097963577020446,0.03494777249164078,0.0333154774718386,0.033271299609031114,0.03442904538724043,0.028718085043328172,0.031208692154579554,0.02948615346461538,0.02905123329113417,0.02560289027739474,0.029372570044728163,0.02758943722839056,0.028967272887699763,0.027977374124833854,0.02627340511430544,0.02733888060318857,0.02521165537983144,0.03058297763253202,0.02451016205879671,0.023379469906810207,0.026896842294272822,0.03132646144947395,0.03060976578743205,21.1,4
2,0.02279152140109572,0.04336995858449198,0.04108149297509933,0.03915825885367597,0.03870138991002048,0.03876730541157115,0.03432300171971354,0.03403338758650699,0.034800374508013786,0.03274773404259751,0.0352112801914972,0.03327783393682611,0.03280130478578392,0.034582952998794346,0.029080950885381117,0.032129910967645385,0.028697811393976477,0.02860136282550334,0.025838070087276455,0.02983563140242025,0.027509503157386615,0.02951956372068702,0.02769222948431566,0.02641169972405583,0.026758076238511005,0.02542283120530193,0.030242180231718915,0.024056144587965983,0.023799230096182997,0.026745784581735182,0.03133231135157793,0.03067891115266968,21.2,4
2,0.023299080675655556,0.04410913126966869,0.040828619356445175,0.04009165642764138,0.03862330960672238,0.038323545258864146,0.034281946882441926,0.03423039725229237,0.03529033986763288,0.03306777716969549,0.03541978001934868,0.03259751755363975,0.033153997881234305,0.034317821058483536,0.0283598614498725,0.031110009920479353,0.029744718082968392,0.028078458753475456,0.02576961340582316,0.02919156683339683,0.02757085353392446,0.029207914554178177,0.02776042704661903,0.02637244768065394,0.02719873629363793,0.02505285518499083,0.0301864429000229,0.02406983745922023,0.024269744753047363,0.026314378463812477,0.03135025722189392,0.030756956182216657,21.3,4
2,0.02283719059936512,0.043834983305644025,0.04145635619092259,0.039439568423087934,0.03889624716868712,0.03871002261045935,0.034167598742978006,0.0340493132587857,0.035112257429878384,0.03278747701332599,0.035283597688746185,0.032716352662382354,0.03291651060921662,0.03430374478384106,0.028415018577322752,0.03184733422643716,0.02878677583495968,0.028648969441590552,0.02686783111859414,0.02936456413450784,0.02741626298117574,0.029629293332053518,0.027899991029577256,0.02626365676194876,0.02674114968463793,0.025213397838100136,0.030311127507550478,0.023994061025818123,0.023783243227687365,0.02644556554951485,0.0314094425162321,0.03045109472497115,21.4,4
2,0.023339347102457723,0.04360543039010455,0.041577555499594625,0.040356411811332954,0.038636989951435066,0.03843215483017994,0.03395727987064248,0.03359287810172137,0.035806498711740624,0.03292896569143771,0.03474506591757631,0.03268366892731339,0.03288053372905224,0.034799647996308206,0.028182482311768377,0.031119289496674328,0.02926871279211576,0.027639884016410883,0.02636628488359809,0.02931953645817767,0.027191054005726273,0.03019649590594493,0.02784751442496866,0.026212623889415913,0.026582138969484272,0.024701832428067262,0.030180083884004272,0.02467323506653171,0.024175677039891808,0.0267286189226708,0.03165275984425207,0.030619347129399538,21.5,4
2,0.023723828271703423,0.04395206778525709,0.04095955054350602,0.04025029755126755,0.038769268063783495,0.03815108025140037,0.03408008681212115,0.03408506982722809,0.03594891223291461,0.03319560296627753,0.035018493300395324,0.03279703309064365,0.03328400859563062,0.03419868536166393,0.02879321888889288,0.031218000529995786,0.02836263096954977,0.02824809255926678,0.02702304224765436,0.029406706742322448,0.02663439417780213,0.02964627143150879,0.02776673108376851,0.026126711200782363,0.026088171042682736,0.02511697401770893,0.03038582053427878,0.024345406871229706,0.024022872101472692,0.026878195953445153,0.031116715746728,0.030406059247117347,21.6,4
2,0.023286413364738176,0.04453660821301033,0.0412054079067151,0.040541830845713646,0.039117701214844744,0.03808621079149933,0.03423302652284459,0.03434400475221362,0.03594989291663086,0.033386024704293714,0.03406920257641332,0.03263515497840613,0.03274847236027051,0.034288146855557027,0.028758981640311192,0.030989392213955955,0.029021065324593573,0.02835052661642597,0.026969680403013976,0.0287226481360486,0.02664630229543347,0.02968740470061259,0.02780191551102983,0.026038374483320453,0.026227226942381335,0.02538077464841077,0.03009670314070052,0.023819445206700672,0.0242531785091875,0.02689722790924286,0.031533433676856945,0.030377620638622507,21.7,4
2,0.023759431062979043,0.04472467240435705,0.04107125882242317,0.04085972640959059,0.03904979259137172,0.03792782306255084,0.033990195660660714,0.03375056543687557,0.03661814955393638,0.03329023909826519,0.03446053127191402,0.03262615915189775,0.032826981019638116,0.034126362442999866,0.02837441681177629,0.03084556661052664,0.02811299716416654,0.02810283172913341,0.026985500010734534,0.02900336269205648,0.026560160473963104,0.029616282475015077,0.027988993548583356,0.026647739397411822,0.026203406677905144,0.024186607720012174,0.030876378206453697,0.02407499269077954,0.023954955125339683,0.026701946235170134,0.03193416988688347,0.03074780455462926,21.8,4
2,0.024086952070261493,0.04480724204518389,0.04103241263972067,0.04068607495744447,0.038739651262101625,0.03796446774289963,0.03383725860546111,0.034093619447800566,0.037086288907527507,0.033499818963721735,0.03447340367700099,0.03252729239660548,0.03326540707629833,0.03329819640463045,0.028775570274665648,0.03087064963563603,0.027785842935679737,0.028234318202300122,0.027177108245723745,0.0290959299469596,0.026894819534072602,0.02952264490428344,0.027432393288823884,0.026225767249231553,0.026348780956156056,0.02493673907234435,0.030946172611385766,0.023724181450763004,0.023459766948646543,0.02753285679782116,0.031257413208825933,0.030380958540022877,21.9,4
2,0.024491493024032664,0.044766063674945816,0.040936730178462145,0.04148918776098086,0.038922520003391144,0.037425320444226993,0.03388774586133755,0.033914307655324286,0.03668324345266513,0.03325363010766017,0.03444153244859672,0.03201878748898016,0.0341104101430559,0.033763925258963184,0.028715373359985696,0.030353870067047827,0.027231001838783676,0.02935573995442124,0.026528026601534103,0.0285246779020446,0.02682870610551766,0.02994685829569215,0.027512314287753664,0.026255184917616498,0.02631592061183761,0.024944252855940353,0.03087296820992416,0.023512721185971128,0.023801706020447646,0.027093030063781862,0.03158716032216232,0.030515589896915284,22.0,4
2,0.02405530089896133,0.04504186523552476,0.04064384924479755,0.041070040132554636,0.03900170322138155,0.03734569385623911,0.0343918225718228,0.03426857872895099,0.037495523396225396,0.03383697954127982,0.034246466142342676,0.03174277458256166,0.033099154323681546,0.033597708711309085,0.029137578213757447,0.031196416000441096,0.027174478136068183,0.029031353249099594,0.026956472873788075,0.028457876739826395,0.026962934038890298,0.029459511567353734,0.027616243968409216,0.026523791463658658,0.026064639121137927,0.02455728145270087,0.0309770697276662,0.023572619962613846,0.02355988443345923,0.026322887526648575,0.031597771081742235,0.030993729855105387,22.1,4
2,0.024894685018105985,0.04468971977984182,0.040514814845568875,0.0413696002001935,0.038561741355181166,0.03663786165026476,0.03461327550591063,0.03432257012964684,0.036797798059418955,0.03435650090639964,0.03383067197753071,0.03194112809801766,0.033338477400314113,0.033039389841114,0.02914708985173412,0.0308303341713385,0.027299233829476577,0.029538393093125576,0.02662143095220433,0.028694519875201673,0.02705195374562938,0.02914551673061958,0.027418104578645942,0.02668143866850915,0.02647391815232291,0.02500340975651119,0.031078166039184996,0.023621257558538774,0.023895932294913647,0.027131329100005555,0.03110644120228517,0.030353295632244322,22.2,4
2,0.024800677297692718,0.04528812086721131,0.04122475568037067,0.042430234872723196,0.03870732651345055,0.03670580773845411,0.03437982326788049,0.033958814120238386,0.03681328621331627,0.03328040357876398,0.033859350311396134,0.03137150612125436,0.03318744728381533,0.032990173703606795,0.029455927844854714,0.030728947237626935,0.027651321252958185,0.029382767357485656,0.026571767905963342,0.028441117764628272,0.02723322358982394,0.028975951376431896,0.027339626844210464,0.026477836203570276,0.02632150568231855,0.025226513452815277,0.03072374123637014,0.02437444888968003,0.023895817999498904,0.026601012089014334,0.031659694142180186,0.02994105156039447,22.3,4
2,0.025417657589978146,0.04541232537289849,0.04020385946018083,0.041258760133972,0.03819857351155087,0.03703917803896619,0.03509633403032541,0.03418096937057742,0.03734261640810071,0.03367958619382928,0.03382405422103281,0.03147623508928904,0.03376367145912708,0.031948375650536126,0.03001710829051641,0.03132395043528853,0.027091740097904753,0.02936086430640502,0.025774493443695833,0.0282315250077495,0.027362822172019952,0.028997962592982575,0.02787875758684712,0.026569589004035443,0.0267157871981723,0.02531482829924605,0.03041118543674011,0.023857353850060138,0.023498452953620474,0.027172978943640392,0.030986895563807036,0.03059150828690411,22.4,4
2,0.025203146727458138,0.04519693191620782,0.04026297481260803,0.0420230009952366,0.03853036598915445,0.03631775614126465,0.0352855158282995,0.03426412166156728,0.03700594767796256,0.03404995408110332,0.033669555958310914,0.03100803254887324,0.03310378531091729,0.03225512056108631,0.02990047885523403,0.030794454152228187,0.02769229245978363,0.029544129858544384,0.025879788539983763,0.028459147905204915,0.02785963694313864,0.02880266031763835,0.02767461910916362,0.026701056488138596,0.026801383426859386,0.025213969414535683,0.030611898693499007,0.023895126780439882,0.023873753965276807,0.02684389156397506,0.03122702814155077,0.030048473174754866,22.5,4
2,0.02582206571403699,0.04560762503850121,0.040396337829721185,0.0415504124187898,0.03857442436945246,0.035677758703054986,0.03533648383151116,0.03435972580626519,0.03756009991300412,0.0330932777347139,0.034328963260372186,0.031124293802320412,0.03392761563987757,0.03262196701146918,0.029704892741007904,0.030833846844448357,0.02789838548544796,0.029421983051122782,0.02570947220198398,0.028563554418409656,0.02725675563095408,0.02871557737714128,0.02727982826642219,0.026377536960364916,0.027256808447895697,0.0252118908340639,0.030440007203888234,0.023971414127593398,0.023130325154061982,0.02637669494116346,0.031193080411387943,0.030676894829551823,22.6,4
2,0.026138763585857455,0.04557986713661938,0.04004435735284224,0.04167417196368605,0.038583031063912594,0.03603537263880591,0.03546516590212658,0.03418092833393023,0.036896339617556013,0.03328084797630002,0.033692016505747956,0.030433908011948015,0.03319270504817619,0.0324892408001723,0.029953282978240126,0.03173611114172469,0.02787481858802903,0.02962029735405585,0.02528164407373582,0.029132434544451392,0.02811085873116069,0.02891879929074598,0.027595152388479795,0.025618339461809938,0.02689528355357318,0.025278666921845522,0.029883278514421248,0.024167412753107798,0.023595368734476554,0.02673839618347644,0.03140514450221347,0.030507994346771528,22.7,4
2,0.026094548630369065,0.04588435641441907,0.04003975507979011,0.04147480696531748,0.03829190967240088,0.03530183958681097,0.03606262772563668,0.03449487715586199,0.036817714912982406,0.03299953812605244,0.03393813304461478,0.03068723574382397,0.03342238810403723,0.03229512782597864,0.030091410452921727,0.0314030978147227,0.027961546796512776,0.029422821196194653,0.02528381496677276,0.02950412927167233,0.027061495549037588,0.028665522378894442,0.027209387867935503,0.026277198752572534,0.026861164016463133,0.02533351672046842,0.030225827361064668,0.023842233840297346,0.024217059142565868,0.02725994732919741,0.03125028878058037,0.030324678774030382,22.8,4
2,0.026037595530195006,0.046245414721350346,0.03985083888603626,0.04203928659956057,0.03860015707506131,0.03485412969342891,0.03661116305537519,0.03433151141322405,0.036949322631834335,0.033073463965592076,0.03461857408199085,0.03081206835705906,0.03300399088936894,0.03222986397594448,0.02997497556048627,0.0315228866784108,0.028648418966924747,0.029214712776351924,0.025381357684917914,0.029677971875160736,0.027447958071711374,0.028886693490975238,0.026958880977405963,0.025607391179030388,0.02641869232720691,0.025217475525820415,0.029788726777724636,0.02351653592694616,0.02403089483359455,0.02665437387385212,0.031237951095599882,0.030556721501858577,22.9,4
2,0.026475841397677825,0.045832097649843424,0.04004801959997794,0.042034972825164156,0.03823008818719064,0.03477369522115163,0.03580597564106584,0.034779929463336946,0.03637753894103392,0.03213124899834469,0.03379094626758348,0.030786596876928692,0.03284170529722786,0.032220560764271745,0.029969686783175922,0.03198188451824731,0.029150284672725887,0.028633248417573292,0.025786998559806585,0.029712890468417717,0.027404859818342033,0.02892685583516238,0.027775126041929183,0.025927835945845266,0.026347080159975382,0.025271654812633045,0.030426919255624026,0.023505537450317738,0.023726320598867975,0.026740839775790573,0.031419797071854105,0.031162962682912743,23.0,4
2,0.026518288355413904,0.046028319103321884,0.039547444275804686,0.04190193082744045,0.03833700969995204,0.033823174963270246,0.03653908927094833,0.034827023668743476,0.03623864446880642,0.03273477671126538,0.0344440090394287,0.03071569045196463,0.033418371069906444,0.032542978998074595,0.029291507645632486,0.03197331116043583,0.029406149841678376,0.02882863619986085,0.025905977622603306,0.029616240620358822,0.026997778185104886,0.02895479921899061,0.028069901276060946,0.02578003165810895,0.02599804451271717,0.02477950313568141,0.030461443349781705,0.023694992528534856,0.023775415379784514,0.026931125779874193,0.031556719492866626,0.030361671487583054,23.1,4
2,0.02748154743785576,0.046033288907412255,0.039594869787431944,0.04179685756336806,0.03814283437352908,0.03472312992317268,0.03686563628613644,0.0352084368118316,0.036109431015126744,0.03243368980989599,0.03401186097406231,0.030878467313757253,0.03249990756389801,0.032779528861683865,0.02905244313151024,0.03192928140686553,0.028765098030863013,0.0285461770987841,0.025548345376391685,0.02956039404833159,0.026718087195741008,0.02989725524481983,0.027711134058884448,0.02610559844800303,0.025729385764399988,0.025128939803649913,0.030144434240439496,0.023756436631345582,0.023222877973566917,0.026752442874191068,0.03186872758487942,0.031003454458171247,23.2,4
2,0.027349847833104124,0.04592406242277547,0.04018368670463176,0.04193548040942666,0.03858594059038693,0.03452865101144575,0.037461139861533446,0.03493544381096499,0.03572553379999735,0.03265553912710895,0.0339685890863894,0.03065673661763444,0.03286215348341524,0.032979740098233616,0.029156505693653183,0.03161778472188864,0.029106011086469756,0.028063500797197324,0.025749353571398306,0.02891853747313281,0.026516831739485238,0.029992706059764306,0.02805081349677821,0.026633320823713846,0.02575526551576743,0.02533843992554693,0.03047040732920777,0.02356250521247853,0.023533021500714894,0.02662239830259533,0.030725215858368096,0.030434836034791208,23.3,4
2,0.027333276670239232,0.04626629970050304,0.03970864141865024,0.04196108857409027,0.03836690374306977,0.033683426521415955,0.037636619175451275,0.03429817050994127,0.03572212961382519,0.03183791869192197,0.034396086520992075,0.03097615257822051,0.03271037567722819,0.03315572875220378,0.028817204379956156,0.03153884714511218,0.029261583727871802,0.028385932703262295,0.02649895486771603,0.02948057783707966,0.026774679551539744,0.029542567315304902,0.02706117428257158,0.027000956389226664,0.02626822569404856,0.024647701221874728,0.030666962103894174,0.023015437404148995,0.024204140202289722,0.026603965878888625,0.03128719381303054,0.03089107733443086,23.4,4
2,0.027680955102446194,0.04639143421971316,0.03969580460628421,0.04178085775016238,0.038188788168523065,0.034081198476502164,0.03756693500091326,0.035102078132023984,0.035383016507091615,0.03180269902502402,0.034529770732719726,0.03137719938546061,0.032960499062819684,0.03395489970386862,0.028917739908860086,0.03138393882192839,0.028339988116160366,0.027967840004326047,0.02602627926853896,0.029740445408560485,0.026559084011279658,0.029373630099443743,0.027585839741221047,0.026121826310788215,0.026547572632260753,0.024560876891355207,0.030355444642247594,0.02416565911891119,0.023461878686772998,0.02655519597528565,0.030942608135595365,0.03089801635291148,23.5,4
2,0.028108847241600347,0.04611075003496975,0.03941787095844689,0.041484117197001784,0.03869799401642628,0.0332179794099959,0.037422415403282935,0.03478761170318955,0.0350481538373269,0.031505004056910015,0.034382311805740744,0.03199242687104057,0.03233240077797833,0.033878286186236534,0.028643128516689268,0.031172259496625387,0.02862908160224711,0.028771354037092692,0.02642105997480205,0.02960445955769646,0.026709346036814095,0.03011280863322392,0.027697235654962227,0.02635746927815721,0.026156806057595235,0.025108208096162137,0.030319889436018026,0.023795834117857604,0.024009138431431182,0.026458289077077125,0.030874049983415974,0.03077341251198591,23.6,4
2,0.02881857354251922,0.04645290512774314,0.0389461808339884,0.041912560644823474,0.037638412951194924,0.03399313363562953,0.03806785996747506,0.03459857813121661,0.03420660531791114,0.03157693428649947,0.03446446213676363,0.03181351949866894,0.03233001208845342,0.034516627950775765,0.028113113810762112,0.03158425226001864,0.028374827314461094,0.02825634872773322,0.026800186125811712,0.028924354694488855,0.027018237731890462,0.02949245085750352,0.02742286695661854,0.026708059898166856,0.026382739491492332,0.02543122429825352,0.03094862225364907,0.02384588289716921,0.02371473040883012,0.025990646605094318,0.03147008426783531,0.030185005286558618,23.7,4
2,0.028713277763958028,0.04640360460750545,0.03824500859139406,0.04140656463486713,0.0378457091482717,0.03372571476839287,0.038532226731247246,0.03516651509005309,0.03411018349430969,0.030936050373265665,0.03477777086867083,0.03183067032800515,0.0326425387877816,0.034236684674546075,0.028787184796610823,0.03133018519273752,0.028572450542763354,0.028566411462035122,0.0268608914390696,0.028074867579000854,0.0271021883235987,0.028841800800025266,0.028050188856355244,0.026993132419290196,0.02650132445632321,0.025386532731642226,0.030658794703029204,0.02409109620342868,0.023950604989978367,0.02647362619331349,0.030842723126858592,0.030343476321670667,23.8,4
2,0.02952959560260922,0.04693218883002658,0.039203198995078424,0.040751978866641746,0.03763565143895891,0.03349081559931742,0.0384405354658753,0.034694100300969116,0.03462475075030321,0.031157741163823034,0.03493287495021497,0.03239689179605421,0.032067787906760674,0.03385321247463665,0.028620563999580854,0.030206175031243676,0.028150234873849614,0.028633194084454788,0.027255332488560616,0.028820532976631556,0.027583538679945636,0.028912892496497797,0.027038995758669016,0.026738393851802975,0.026768914350160423,0.024757662104585142,0.030798700540685425,0.023913698144439152,0.023583972245688985,0.02666641849291654,0.030992620024165068,0.030846835714853204,23.9,4
2,0.029472513569774178,0.04682706433093369,0.0384810687925015,0.04124056935947549,0.037566229569922185,0.033290144605226606,0.038681452395044155,0.03492136087412103,0.0343383443970729,0.03150034520894852,0.03449285225642979,0.032517425615937824,0.03276366432664789,0.03444250113319869,0.028366515338347695,0.03058336389374615,0.028264727235752192,0.028631253194914212,0.02680474380478729,0.0283440055940196,0.027035378689799935,0.028723790194233236,0.02772254015384858,0.026452891811978848,0.02710649175155809,0.02511972784692688,0.03044638414959733,0.023742864096438013,0.023527446056479526,0.026867782798538395,0.031455870129341146,0.03026868682445846,24.0,4
2,0.029585652728643993,0.04643013426134725,0.03861662558115626,0.04055271587894121,0.037734540851611216,0.03358249144922884,0.03847188183080756,0.03475963471666162,0.03342990190768174,0.031246015785688957,0.03521599440516706,0.03175012541356121,0.032742591481963054,0.034165299794988606,0.028126609513234122,0.030890767984582287,0.027906061197094732,0.02906652070271489,0.027024830565216346,0.028655110710857367,0.02685242841018189,0.028809423221106103,0.02764537098004622,0.0268978771019668,0.027115099883654677,0.025321437463001896,0.02994852033765846,0.024286628114078817,0.023865457111554963,0.02690935965324249,0.03148612138226671,0.030908769580092865,24.1,4
2,0.03013081157125347,0.04646221331934059,0.038263067476938785,0.04039793076193387,0.03792841179731,0.03356257138737802,0.03816459637386486,0.0352349983648583,0.0339428870027457,0.031096732667933533,0.03495110896980596,0.03289679879005422,0.0327361728909632,0.0340199719888079,0.028804013282858195,0.03081185911898399,0.026945505088758072,0.028895807533520123,0.02677509954343558,0.028591943393455516,0.027434380867698907,0.029049844920716234,0.027489478605978335,0.02602625452949063,0.027034900797982462,0.024751189031239625,0.030415449364228745,0.023764111591875456,0.023724008902487475,0.027419621525346626,0.03161807366105898,0.030660184877696454,24.2,4
2,0.03063222084832157,0.046624115000208785,0.03864761051663085,0.040435953014633055,0.03779080764404735,0.033415806304668956,0.03819302280584604,0.034540724168783,0.034331757765956046,0.031543320546896673,0.035406395044944625,0.03256476732835928,0.032653986015586924,0.03442295364756001,0.028624681617794596,0.030635339665865156,0.027322097284617368,0.029157048435331866,0.026298802739138816,0.02847985980570931,0.027939316415203332,0.028759349662534843,0.02781022404478262,0.02610622482631414,0.026492851774617996,0.02514285856158426,0.03015322993656108,0.0236103205593635,0.02417617489108051,0.02646080453108083,0.03120354931421651,0.030423825281759853,24.3,4
2,0.031022557547347417,0.046683261757582556,0.038487875880047304,0.03996955252824337,0.037973282772596206,0.033724704745930145,0.03767301934958998,0.034549893577652445,0.03359371910880292,0.030880221397971485,0.03508969796034266,0.03237211264317102,0.032847607248682804,0.03410581085257906,0.028850782936912144,0.030797183411357325,0.0276967734263225,0.029605231902444858,0.02611176201479955,0.0291998739287824,0.0275035968368419,0.02930696960000216,0.027983826422132232,0.026291154319436176,0.026562154211639613,0.024620690354642448,0.030527069312843418,0.02367463040455054,0.023590377012816535,0.027011316290327145,0.031015965614976663,0.0306773246286329,24.4,4
2,0.030712175930421408,0.04661260929933231,0.038052530644383915,0.039725387443268124,0.03770895438434969,0.03386819804072701,0.0384206744892861,0.03447043495171274,0.034079004614956734,0.031733302108179484,0.03482806241660802,0.03284013433044527,0.03277400366523112,0.034015133547980005,0.028633658295069163,0.031085799828532098,0.027869044779467736,0.029732844876139444,0.02596032306530177,0.028528385744810168,0.02705972418890476,0.02967808565532324,0.02824411728335132,0.025837047231651814,0.02680695492914269,0.024992845387357035,0.029842751239460712,0.023632479942638607,0.023983546063904324,0.02681272588664475,0.03140519928463973,0.030053860450778742,24.5,4
2,0.031107989774761133,0.04662871246529751,0.038150328916561206,0.03953563391926041,0.03751220617837647,0.03418684870670337,0.03804189849483383,0.034190549362623314,0.03386528443136435,0.031177517693450927,0.035101798477890474,0.032506086949119335,0.033158362740879424,0.032995165945194506,0.029311599064681004,0.030727370641147646,0.027868247388585503,0.029442794965716352,0.026035711199141432,0.029229593551290626,0.026825364410538573,0.02943917952518818,0.027974408654620055,0.026037239651602487,0.026482051766687522,0.02471054572632671,0.030325038349548597,0.024193513320139026,0.024021319051395686,0.0272767136508168,0.031140728512403616,0.030800196513853895,24.6,4
2,0.03179308729553934,0.046899989503829134,0.03795129557611236,0.03887015208813175,0.037879447903547664,0.03451036221104741,0.0375202007191328,0.034694086537245254,0.03376466392721814,0.031568958011063845,0.03472204245594585,0.0322905279119054,0.03330814228699474,0.03362734876107445,0.029413495504715344,0.03116242044382933,0.02746775691985501,0.02929977710979428,0.02580018533689339,0.02945583332786983,0.02742694365496072,0.02942385599557707,0.027737469880277393,0.02596413747062349,0.02592577700238702,0.02454907704063731,0.030528319726081,0.024309841791259924,0.02350645005355414,0.026313923079407466,0.03143809354735407,0.030876336926135364,24.7,4
2,0.03162035627228238,0.04659496093548844,0.03768853480585725,0.03911940750797838,0.03760786010954817,0.034594217437053064,0.03763909246531964,0.0345815921548393,0.033398054752253006,0.03223619179598724,0.03505865856638228,0.0326614513433645,0.033778418596152236,0.03231841631287689,0.029478354186825637,0.03050561820334202,0.027531001198213705,0.029393285807638624,0.02625755180156813,0.02967170929129371,0.02730386986323305,0.029908036823755743,0.028353175909506503,0.02631685495017641,0.025982436766202148,0.024705978810143612,0.030657059668133552,0.02356244055428021,0.023734149237581048,0.026640812400307533,0.031191952924391555,0.029908498548024087,24.8,4
2,0.03236733280960552,0.046093927001072066,0.03726792364178936,0.038344960848699365,0.037245964804471086,0.03434027687158025,0.03732024069586605,0.03413003656441258,0.03421675294245286,0.032328316731544925,0.03436359256622168,0.03227298353017431,0.03348597046974706,0.03340948900770947,0.030124280670993604,0.03124752917257041,0.027690600474907352,0.029889250346981595,0.025642660950604877,0.03014284450721746,0.02684790929995823,0.02994429574954239,0.027554022226302485,0.025872748535769725,0.025940818842315888,0.025320288688941324,0.030693424718881215,0.02390083234076495,0.023625358622150202,0.026993876658305018,0.03088019082280084,0.030501298885645765,24.9,4
2,0.032419630188709,0.047218323446194706,0.03716348700144654,0.03790291773846512,0.037791037381509865,0.03510165711141897,0.03719890310035367,0.03466991053707726,0.03433870975218841,0.03213768713554865,0.034556897350335576,0.03181565522722649,0.03304483246592828,0.032555465548863,0.029631316660308504,0.03153406233581605,0.028642060398947348,0.0291061952319865,0.025546248032444804,0.02983795484477597,0.02625096590672254,0.029236516322113246,0.02774691169996804,0.026682209330274015,0.02642199081957328,0.024884258432186772,0.031019922351212835,0.023659562602362995,0.0238464006282949,0.026652698835412405,0.031089915997288206,0.03029569558504616,25.0,4
2,0.03291844711269714,0.0467390248353647,0.03710072190211178,0.03765097296277104,0.03704369854987293,0.034917625172859554,0.03677925517654527,0.03398744660226601,0.034693935049493176,0.032826270267108056,0.03430308138847666,0.032202719833935495,0.033572186234358974,0.03258852342161914,0.030026181132941396,0.032086921155793965,0.02858968819012909,0.028634927133786136,0.025891887785577775,0.029526974521575575,0.026507375194565426,0.029752631145993195,0.02734918653143714,0.02721189714074135,0.026325120271669097,0.025124989658972356,0.030441244530185145,0.02367333919729858,0.02373680448642314,0.026772059627633245,0.031151160434630128,0.02987370335116699,25.1,4
2,0.03270762674902363,0.04643025070091995,0.03730815418598484,0.03765404935237762,0.036897312979264824,0.034757696529464144,0.03727797205950151,0.03414261022834816,0.034725482965717064,0.032877316065213026,0.034535223730393985,0.031181677815635276,0.03332587610197792,0.03186617179430628,0.030205661007398337,0.0317457189500571,0.02822480837581269,0.028954789483249904,0.02620930322622873,0.029728123689812567,0.026694658663282675,0.029744739081018226,0.027702513830451664,0.026657678537697346,0.027017753091927887,0.025344854054180337,0.030511946565254414,0.024057553531089293,0.02375316317805004,0.02608810287405141,0.030969928231487413,0.03070128237082167,25.2,4
2,0.03307177024850458,0.046335664358435495,0.03683763073242544,0.03706962774119728,0.03722258673804093,0.035641262316090376,0.036779066742420125,0.033809825660566506,0.03509572462834299,0.032758781826607394,0.034433555380855387,0.031468326861140004,0.033737546711488486,0.032747875069644265,0.030253537719233437,0.03214120603221836,0.028989190822959456,0.028472407809963206,0.02610629025143685,0.029427276512335822,0.026593290413756028,0.02942638647460288,0.027879797426136554,0.027013616302036896,0.0264568721718638,0.025114033656150295,0.029961854612530394,0.024054540229753358,0.02376632624963589,0.02631944058800784,0.03136239940968309,0.029652288301936544,25.3,4
2,0.033912348032620415,0.04651287912736242,0.03664352373513975,0.03664164820039126,0.037452783586216475,0.03576403560969922,0.03652028557150332,0.033896266043359644,0.03522349951033914,0.033290813214867696,0.033735369831188466,0.031180898468832496,0.03312622772981695,0.032101504314825786,0.02982575273928535,0.031191898513722872,0.02907929559013084,0.02868494583569731,0.02670901020685527,0.028900274049706284,0.02706615237107083,0.02885924761624304,0.02801777088162699,0.026363889732327506,0.026859356881850635,0.025073784374544855,0.03008983324827775,0.02429449939016092,0.02435076123380466,0.026974153607787817,0.03168528986991474,0.029972000880829328,25.4,4
2,0.03449651253378445,0.046031767182121555,0.03689218808396444,0.03636377932453574,0.036788110523319546,0.03587416025730342,0.03576690023104928,0.03408609364240642,0.035822961209308585,0.03400013149200592,0.03406572225033083,0.031292796766920185,0.034087979030726405,0.03278993439864349,0.03026953044553609,0.03179776052742381,0.029019061236585732,0.028299189114607153,0.026729995718288407,0.028337664123072377,0.026804883932544342,0.028803858768942085,0.027226609133548206,0.026034742207149325,0.026296596525601165,0.025247555696918618,0.030374416896838223,0.023625454377332947,0.024051507676297112,0.02708448301838268,0.031105492391283605,0.03053216128322795,25.5,4
2,0.0346135059206165,0.04582426605113076,0.03744923254349675,0.036151726641729574,0.03713216250724411,0.03630342068522212,0.035457273049205186,0.03374398649716992,0.03598871642681956,0.03359886525607527,0.03395136269576974,0.030893552687068664,0.0331593151197673,0.0328789216836973,0.029289403164975022,0.03150316904993307,0.02907269943629327,0.028447008902269914,0.026790706689021594,0.028820809908793963,0.02709923880932337,0.028751434089955983,0.02775259658222124,0.026474007857909754,0.027013335118662336,0.025042290290794515,0.02991237441127253,0.02365275269957188,0.023851202081814998,0.027226983646151278,0.03162375773375433,0.030529921762268375,25.6,4
2,0.03478070720298123,0.04588065805442098,0.036353071532028415,0.036303216194045425,0.037186715492682085,0.03632666336821996,0.03585682652138512,0.03386186664975252,0.03599533350717385,0.03348292203697146,0.034490478912993165,0.03072831166868979,0.03323286914854431,0.03295926913817436,0.029233084126425973,0.0316661739693907,0.02877486208838176,0.027748971506113832,0.0272426848527124,0.02880847433538163,0.027213045110173834,0.028695699311989984,0.027778199568432225,0.026099893762320373,0.02668900993336282,0.025001597533850922,0.03017695084110389,0.023890751496565322,0.023924940095873436,0.027283074900245508,0.031532683463715676,0.030800993675897118,25.7,4
2,0.034530025157553254,0.04599524891535414,0.03599072888448548,0.03587305494395175,0.037424817210895446,0.037386760209614706,0.035540771837937135,0.03319860159074208,0.036037474364912385,0.033436905455533766,0.033684300809656016,0.030780443815223654,0.03262412327952669,0.03340072503981717,0.029337672931208127,0.03156994298703054,0.028851753036214272,0.028701498729921403,0.027212738299483473,0.02916534736530769,0.026912191394268474,0.029077438936859976,0.02831143165159815,0.026016848039673045,0.02683787161851055,0.02489584227320964,0.03044996075886085,0.023836670615444543,0.023837139749499036,0.0268760786321533,0.03145676620985604,0.030748825255697398,25.8,4
2,0.03510752480107056,0.0459229994123346,0.03677910503427752,0.03550729090105763,0.03693941475083988,0.03730202096073496,0.03501473879765329,0.03393144298748255,0.0365145014692447,0.03385593348694092,0.033556800492630205,0.030634786223235184,0.033109736569473476,0.03339853375673364,0.029144633094347765,0.031576837907522644,0.028920805882017862,0.028746904080908135,0.026757978473489104,0.028715630978657453,0.027393401380378143,0.029072666305642175,0.027262658344511012,0.02575403007691718,0.02672185480902586,0.02467279497929767,0.030699124437833975,0.023974582326899828,0.023985253207148532,0.02721644102715328,0.031086063054154664,0.030723509990385464,25.9,4
2,0.03599255130456158,0.04549977575481471,0.03577826328763157,0.03506113494716327,0.037162006134819056,0.037080613828906185,0.0348942265183735,0.03391128891414767,0.037128729041207544,0.03417516031896002,0.0345362753104532,0.031004337690656504,0.033280533347073316,0.03368619208391902,0.028325375292049565,0.031328663247077726,0.028637674981845728,0.028891139309494333,0.026678877684122602,0.028249028476786904,0.02730921674608007,0.029075544422417183,0.02785358179715791,0.025989794847530185,0.026388245775990124,0.024517627627017938,0.031017161131870565,0.023591501885722958,0.023789429042445256,0.027016874411413327,0.03160608474684328,0.030543090091447452,26.0,4
2,0.035928679544361776,0.046003802830401445,0.036044882461230415,0.03548958937779457,0.03737686994796358,0.03785933728180154,0.03419957301291837,0.03354999498547647,0.037075815439803296,0.03358062905804175,0.034129406460898085,0.031080923174710243,0.03304618028941384,0.03442998738493093,0.028556495913683397,0.031004005630614024,0.02810843676651844,0.02833994246468878,0.025989597493869702,0.02882176264255934,0.027690764535883938,0.029184882482637446,0.02771407981881324,0.025846546364377422,0.025930979810969666,0.02506446299221687,0.030989624041428455,0.024308362934614785,0.024021717949009813,0.02699425000802674,0.03142909071626038,0.03020932618408102,26.1,4
2,0.036433648107592094,0.04529797318376543,0.03580196076279056,0.034649205012891274,0.03755711214174896,0.03865524571571756,0.034800046506852374,0.03372910461410769,0.036988860209782454,0.03299236417819336,0.034242760893978326,0.030714994071256357,0.03288839940554904,0.03460299485137855,0.028050363505845617,0.03102680866923057,0.028373451178979502,0.029302535834020257,0.02669962108581048,0.02821891980392347,0.02746121420649304,0.029230251901642443,0.028086229668688727,0.025828990063712153,0.026334611848448056,0.024675942304206062,0.031186596068754836,0.023859816970898215,0.023975618153283442,0.02688449122478219,0.031249724676037878,0.030200143179638907,26.2,4
2,0.03640584532304134,0.04487657632801847,0.035633069405577734,0.03473660814176102,0.03759892656968078,0.03774389781312952,0.03446888201866645,0.03383163198727009,0.03727039825136986,0.03299831516362686,0.03451053802088338,0.03088147553242026,0.03268982824626835,0.03434022740394084,0.028873830293503898,0.031107105411309913,0.0276829357298037,0.029373535087244464,0.025980334459830595,0.029383676115606314,0.028009535650323818,0.02941191251775262,0.027569092007865347,0.026688592273781234,0.026563078298123644,0.02481691316292011,0.03058073160493487,0.02390703377635488,0.02384852103645237,0.027012785291879983,0.03130163706891097,0.029902530007746442,26.3,4
2,0.03763603352131189,0.044677600000520054,0.03594252218671258,0.03461221359486045,0.03719454854548328,0.03806490350246946,0.033827226092291524,0.03364590899670998,0.03740777125537853,0.03273517269188485,0.03447320166988643,0.03126311533785853,0.03278490778336287,0.03433060737072635,0.028258020445048142,0.030352057860452912,0.027725850428892113,0.0300424878247854,0.025756875382256662,0.029181012266523712,0.027081465738008206,0.029658500797362885,0.027928756124538698,0.026634032742864674,0.026523143732923086,0.02506704798394825,0.030856529188147516,0.02401218249333416,0.0236937065664055,0.026752230875617865,0.03140124930214507,0.030479117697288585,26.4,4
2,0.037933616347197635,0.04480175380446752,0.035584932474889815,0.033591195714624184,0.037289880983974275,0.038079754157104406,0.03407856351527371,0.033548687001712485,0.037418220851914916,0.03337326115095009,0.03428821897945841,0.031175615503935616,0.032484538929943345,0.03445746933089102,0.028350278351150112,0.03097254676585167,0.027646377401132172,0.02931843890808697,0.026007064834915997,0.02889947458725125,0.02756843452489658,0.029640246357274566,0.02821552791969765,0.026709869968851916,0.026240047400153562,0.024775913889489156,0.03056583062466027,0.023795979668085273,0.023487680744764428,0.027275124849416212,0.031930597985679605,0.03049485647230501,26.5,4
2,0.03796955052400216,0.04483295395947944,0.035631733270138764,0.03364847023125072,0.03716396248549895,0.03859770899228415,0.03411610116222116,0.033724956481660524,0.03703017977048013,0.032796308259723586,0.03422459080918005,0.03198671977819974,0.03322123663509445,0.034039758640597766,0.02820739855030697,0.031168599583470055,0.027723716100659303,0.029001976648857626,0.02588452131578631,0.029535259799361457,0.02696007388889361,0.03022929624125832,0.02721265526081281,0.026199291245228483,0.02677938874602785,0.025273165288813952,0.0306055976893721,0.02438014409198378,0.023827360325571766,0.026983425363601047,0.030950153822924025,0.03009374503725899,26.6,4
2,0.038128113397392825,0.04478826260748333,0.03558601815649599,0.033620665681016126,0.03708854774073474,0.0387818616101087,0.033617062924225075,0.033505395197926065,0.037184782603756635,0.03270742237708744,0.034223987121473017,0.03197314807958933,0.03317094710022849,0.034312990066624305,0.028224398233486422,0.030775522361724355,0.02800934298842216,0.029293649157807855,0.025470551042245788,0.02953199746815347,0.02694259958479777,0.029813881228504518,0.027520463941335525,0.026740363966636076,0.02648412522371285,0.025101299776993758,0.030051498396219484,0.02374292140089665,0.02390496008591196,0.027307748924125446,0.031383209968037604,0.031012261586846446,26.7,4
2,0.03872143732599256,0.044028142573919855,0.03542164690271585,0.0333205942704075,0.03727682571869881,0.03919724364303275,0.03352682751773444,0.03385498356515696,0.036854827930952974,0.032212318892160224,0.034228970157373174,0.03162618154137925,0.03239174312187982,0.03469704764672779,0.02893654134417125,0.03041900856045005,0.027771939757906584,0.029612402537441858,0.025148687583394273,0.02968415699570402,0.026510779505819412,0.029931935851170995,0.02739642321401387,0.027210615465727336,0.027332303811571017,0.025598936370907047,0.030098440658327473,0.023942341093040973,0.023943054782011624,0.027478213130519968,0.03136109860496252,0.03026432992472781,26.8,4
2,0.0393366703785274,0.04466837392154571,0.035722700624653846,0.03317850370218957,0.03752079787614224,0.03850839652489423,0.033808092624887404,0.03402914731964521,0.036461689534424184,0.0319892129735251,0.03479931572259926,0.032273379132331595,0.03231245411767276,0.03413807115178177,0.028792472515096153,0.0310057913699067,0.028231103944927533,0.02913453832504291,0.025982975328575953,0.029107888640975892,0.026786104552138507,0.02917819312686535,0.02769847506090056,0.026821616833313154,0.027512926778603022,0.025123710125837848,0.03012623762700764,0.023657240460668794,0.023496501749235784,0.026385736319703798,0.03116891993033412,0.031042761706045748,26.9,4
2,0.03959499454400546,0.04426737763511068,0.03583198716066333,0.03317322201741298,0.037225280370079335,0.03828910306738396,0.03375822660189431,0.03400242422218477,0.03711411189299351,0.031214650194249825,0.03537883001389151,0.03257305426227459,0.03327829413390155,0.03358235576401461,0.029160237332545018,0.03105771060310061,0.027983598116839765,0.02916447164604463,0.025843173477600827,0.029320323300669304,0.026270461359359197,0.029358200503953043,0.027201744666923138,0.02683005711103894,0.026864098789530125,0.025173394560977506,0.030201999969377294,0.023884702802918014,0.02360328775671248,0.02677087634542601,0.031206873617675244,0.030820876159248358,27.0,4
2,0.03993698635667901,0.04330932869716664,0.03501502672990558,0.033111972878337365,0.037049592381815925,0.03872639760137512,0.034256287688180904,0.034326806044547735,0.03662704441201237,0.03155711044831181,0.035287007198087174,0.03241768582116096,0.032559935215670424,0.033480220733993114,0.028803544798696307,0.03118225464486995,0.028414404614297877,0.029155980581763115,0.025929096005495172,0.02925077919071963,0.026827453055114275,0.029317833179399053,0.02728325276217327,0.02665657598557694,0.026799352240120856,0.025568804235121142,0.031085804789701795,0.024021949346760836,0.023559913985270277,0.02700798748044105,0.03107382216833524,0.030399788728899025,27.1,4
2,0.04006918922109286,0.04362229425592219,0.035902162582104664,0.03305550214957629,0.037988766487250386,0.03883611805380287,0.03396101704252838,0.03437523868900492,0.03645884174234417,0.031361893394257295,0.034734044898316004,0.032596185494657225,0.03316728633495527,0.03322463766383744,0.029159536580105585,0.03129604558317597,0.028507030656491888,0.028889187507681845,0.026319657420139798,0.028622915994489382,0.02695812118159124,0.029269031910771834,0.0278796700023017,0.025917468549226816,0.026527077153867578,0.024745079030951345,0.030266207705419643,0.02422859051484043,0.02368052264478899,0.026715679877956176,0.031323582718607496,0.030341416957942475,27.2,4
2,0.04053119552834358,0.04316357927968222,0.03556476445667763,0.03296790714522154,0.03809366144646844,0.03785415726223817,0.03398872900500417,0.034721815415571275,0.035725196809136286,0.031479396753746565,0.034760202655064985,0.03260951494210292,0.03310208782773206,0.033394740859305945,0.029441579165985086,0.03166470760218532,0.028239161091484038,0.028731437633421206,0.026735416714406962,0.029129326149684737,0.02749026853539261,0.028544254847843783,0.02770203347325816,0.025894034504425515,0.026443558838922195,0.025332037201767847,0.03070277666720381,0.0242320657323011,0.02351976172763675,0.02634232256650494,0.03124696676601841,0.030651341395261805,27.3,4
2,0.041177856220403035,0.04329755123833126,0.035324952534796845,0.03299912407957306,0.03805472619793836,0.03805034185803682,0.03436212601646931,0.03448640420125965,0.0358341713327713,0.031408284715722504,0.034849437964395526,0.03265707684533609,0.03297355331040826,0.0330407059700488,0.029254488481516305,0.032096842902105446,0.029264686212122547,0.028239641248059246,0.027141591999992654,0.0282527000896307,0.02721987450215559,0.02900870210346032,0.027052182516664976,0.025939518835149094,0.0264302123651274,0.02478454110093944,0.030306921472844493,0.02441858298096789,0.02362246493044491,0.026740349097691466,0.03108121353133926,0.030629173144297073,27.4,4
2,0.041082569596929436,0.0429698765217668,0.0351940887133006,0.033051180617125024,0.03766940930921928,0.03840012297002705,0.034496745239499194,0.03470222061827342,0.035145733950967775,0.03180046238348192,0.03429879439866048,0.033509981022352156,0.033156715826693085,0.03278287983551179,0.030356104892002054,0.03174253892348014,0.02907192255382934,0.028460157308652527,0.0262013258674584,0.02845210410277004,0.027640200024255927,0.028848413926548758,0.027659410937403223,0.026132594205434408,0.025689539077907258,0.024559637262679113,0.030683401153363023,0.024099823622388737,0.02371216613521925,0.026724317323035984,0.031166469974711553,0.030539091705052174,27.5,4
2,0.04136570847931833,0.04275015451353805,0.03588112384941809,0.03291370767237131,0.037919271686010864,0.038634319989402234,0.03462321561979721,0.03458019562393028,0.03504846199156641,0.03139180534609439,0.03535417978800912,0.03307422677706422,0.033091254132374896,0.03269536714964704,0.029749544492229475,0.03129738666449445,0.028472547212985495,0.028352687257028157,0.027091429844309754,0.028177481077399643,0.02710233076638057,0.028618980549749425,0.02771706264938978,0.025412070153876875,0.026365146286050745,0.02519413732527395,0.030541374204419377,0.02401416593301201,0.023534155553904954,0.026835471445036087,0.0320022496508477,0.030198786315069098,27.6,4
2,0.042025841430053286,0.04241996765561646,0.035618025746380684,0.03347518892267284,0.03815755952593798,0.03813170860603291,0.0351270692872598,0.03458634482109747,0.034802328802223725,0.031135674836975404,0.03485798358172868,0.03236234561016191,0.03323107968305715,0.032697116541816965,0.029551671913947444,0.031703033790141784,0.029008717174080018,0.028210572083705716,0.027030860883098837,0.02776067365435036,0.02779638782050569,0.0288809620605469,0.02790740684671943,0.025510588773404286,0.02655905270648725,0.024754032903837344,0.030430515701009853,0.02383049807310846,0.024007076186652057,0.026561690937275746,0.03135933575705707,0.03050868768305644,27.7,4
2,0.04265560745843857,0.042138183558065284,0.0349446642323371,0.0330693729865826,0.03800546817976667,0.037789134019943396,0.03511171205359942,0.03417249101305687,0.03456719185286343,0.031223067855237624,0.034888704719530254,0.03268668728636001,0.033027722178032445,0.03235080421537155,0.030157539964230377,0.031477992692286835,0.029244929555141793,0.028873899172495096,0.02664367667083194,0.02901550942818711,0.02746918526926194,0.029243493113880234,0.027728115169199895,0.02623140507104928,0.02621341598301768,0.0249692025737016,0.030074800093533343,0.024244896823167883,0.023779330877000255,0.026966664017507604,0.030916100711034674,0.030119031205287267,27.8,4
2,0.04259183361091777,0.042066772438253255,0.03592444850129027,0.033286379053526806,0.03792119358552879,0.03702040406045021,0.035907347274562226,0.0348017478655129,0.03414774505045489,0.031272330176462616,0.03496436077928638,0.032584855482619524,0.03352682648854262,0.032240380114925686,0.02980495751548196,0.03156434550403005,0.02860116465837709,0.028316310293475335,0.0266098343028101,0.028306936466065122,0.027367374933157777,0.02907277088314456,0.02761854921303552,0.026176809336950095,0.02617407700882933,0.025123179850638836,0.03054736029371083,0.02392957522134635,0.02367045049294752,0.026964203010528615,0.03154688035750923,0.030348596175627723,27.9,4
2,0.04284364440610205,0.04179239284987844,0.03557162982780129,0.033368603704521535,0.03805072128896096,0.0372745250252566,0.0360913803330347,0.03476385201117622,0.033836777266068645,0.031341566162723496,0.03490176428649241,0.03216287978914732,0.03315538723724331,0.03201344297705378,0.030197563683881053,0.03127741951388212,0.028514126539364856,0.02830443646240992,0.026496199996866313,0.028681412346571667,0.02754011404447882,0.029416114583318317,0.027827771406560186,0.0264581471388861,0.026365017449257008,0.0245635987898979,0.030055614133514902,0.02407179334916491,0.023905579261957445,0.02749208112651569,0.03099818896655019,0.030666254041462046,28.0,4
2,0.04314266648912838,0.04198723652546986,0.035434563426499234,0.032976125604991136,0.03792508290633962,0.03693911586740916,0.03593422045303112,0.03468355850271232,0.03415977048327076,0.03144006403010758,0.03505965991581795,0.03183090123406237,0.033354931078768975,0.03246384378338698,0.029381620748304187,0.03130402454840853,0.02801703029272654,0.028678607680113506,0.026214990737152874,0.028901294337081596,0.02768558247931842,0.029518403088116724,0.02785613168811096,0.026827005484355,0.026514069176941876,0.025080118648925488,0.030341207827221536,0.023741877317927023,0.023813731464688404,0.027127757460673772,0.03144780332995996,0.030217003388977915,28.1,4
2,0.04327527268260103,0.04147813107558292,0.03529590586401568,0.03354101580686396,0.03791607269277783,0.03754871350857787,0.036661864013755124,0.034701422156289685,0.033776498951878224,0.03160539841311485,0.03442145544037633,0.03166230737654689,0.03371400692140816,0.032578202995264,0.029237358841145034,0.03132536743781739,0.027871684099307095,0.02908765839577304,0.025675832129994674,0.029405587752042182,0.027244072840993006,0.029971545439859103,0.02782820843513211,0.02674624000146592,0.026582074920680578,0.024877301203232165,0.029969719463630282,0.023793332984202116,0.02409141623897092,0.026825972123768433,0.03124990952036091,0.030040450272572447,28.2,4
2,0.043745687290820415,0.04119767518254616,0.03605394607434853,0.03359468254798667,0.038056059428244075,0.03698468729695454,0.0367090333650071,0.03529621154520778,0.03352977328287312,0.031685498205034184,0.034660145390690456,0.03199884623241008,0.032974995871474795,0.032536583051872306,0.029097249829308326,0.03129280394138021,0.027842120074845534,0.029235815480895495,0.02633887632359027,0.02890548242067553,0.026701146241948946,0.030074900201903662,0.0275590882194091,0.02721150985261274,0.02656741339699942,0.02513804537283813,0.03034036488104157,0.023425876662254003,0.023631017615508246,0.026526556899648664,0.03103630277939451,0.0300516050402755,28.3,4
2,0.04377652488146669,0.041341483349068085,0.03594939243366518,0.034040132314808645,0.038326563731170514,0.03657827710428506,0.036678908613936,0.03520329837272792,0.033191550732310955,0.03140858649303395,0.03405697115871865,0.032015096504736294,0.033811334254470464,0.03319401952822141,0.02895382681407265,0.030876366297227252,0.02775029493212309,0.02923746040931183,0.025701462471713444,0.029785422911486146,0.026596690311650063,0.029679956424401868,0.02766642606806655,0.02658202703049407,0.027324500023510067,0.0251381271438355,0.030207153975522795,0.023622356405756155,0.023094933063629017,0.026628875614383672,0.03134128085044562,0.03024069977975072,28.4,4
2,0.04516713776890635,0.04092057013927355,0.03618999912032383,0.033649584763414564,0.03814716637732024,0.03632156072471479,0.03721663255770018,0.03529397319469002,0.03399773170314021,0.03190400636513248,0.03383127169265226,0.0316859298044618,0.03310379008479947,0.03334595029417963,0.028755374887239032,0.030733340841909176,0.027170752243803005,0.029416297746869696,0.02534437453067946,0.029416509083414935,0.026534999167776293,0.02910262939671538,0.027377350634533303,0.026773046564086477,0.027201746267559324,0.025277522196545853,0.030629946247129412,0.023328446848905372,0.023850511698839186,0.026565855189901347,0.0314828952245946,0.030263096638789056,28.5,4
2,0.04515663613794202,0.0407255776626968,0.03645349840517736,0.0345757117554867,0.03784594641498728,0.035973559364439016,0.03761191231721786,0.034643144599660364,0.03384726760088446,0.03259295312947783,0.033787187382491826,0.031183802774937357,0.033035130445600226,0.033600519351280424,0.028356090938699147,0.030641985630863757,0.027170286902695417,0.02955727085301991,0.025548779695093813,0.02922388387557237,0.026949063539589743,0.029391524647308577,0.027408701567244873,0.02677359872354341,0.026542094545679327,0.02541416582952476,0.030167466675045898,0.02392600462907214,0.0235811523953555,0.02640768563614439,0.031628346075613725,0.030279050497653663,28.6,4
2,0.04556234840184901,0.04048636995669863,0.03586621282786198,0.034385905880963644,0.03862648352884985,0.03592110397683241,0.037473155929942756,0.034536659721507136,0.03417515601242721,0.032927854377378135,0.03423273767982446,0.0312143482562273,0.032765413304825866,0.03339142417781942,0.028029108942683612,0.030500569703602032,0.027784369337667692,0.029407590623224285,0.025831313742673327,0.029101383429695604,0.02667463333124999,0.0296871159635502,0.027135180721224374,0.026035851341255575,0.026815802908279236,0.024906112667265577,0.030798673064302187,0.024018542087923592,0.023317860729452744,0.026797031025501777,0.03110094436811421,0.030492741979325933,28.7,4
2,0.04615032563798082,0.04022253926837278,0.035777451101449774,0.034537874627849394,0.03858368750332688,0.035716515975091914,0.037910400675495955,0.03472162148190058,0.034076508635992084,0.03246875502011989,0.034153768583187874,0.031007411711791544,0.03299526199683921,0.03348300995495314,0.028338144394388132,0.03026258415244956,0.02747390731931258,0.030038441659411694,0.025382374082285806,0.029343832167721656,0.026413854274407872,0.029179882761494167,0.02745235889434976,0.025917976160976013,0.026700284000082508,0.02529232344982105,0.03044072614757387,0.023894898138893624,0.023554905262779348,0.026924435301149484,0.03106619699015008,0.030517742668400856,28.8,4
2,0.04602956353235646,0.03974583754557658,0.036452794267161893,0.03458184108814698,0.03871479574340626,0.03522349141675021,0.03788002156595775,0.03470833054098647,0.03368760119784896,0.03321020978248271,0.03474859395390037,0.030923397547462587,0.03334219066506114,0.033969711460820694,0.02829523475146576,0.03013714143524706,0.02741531459699462,0.02961180865323594,0.02529428923426556,0.02927274710879606,0.026906224747047208,0.02892695312522258,0.02792300530338626,0.025545069829555407,0.026297010534153637,0.024510150990278964,0.030809290097656712,0.024030139753497277,0.0233576164309898,0.026642198647806186,0.0312454140464061,0.030562010406075528,28.9,4
2,0.04628991055273442,0.039641943138698045,0.036125358208858975,0.03517475816801156,0.038373538471360866,0.03534946353029939,0.03767450935304821,0.0349675867845795,0.034055869898988456,0.03252898288118069,0.033964321510740386,0.030321899962946635,0.03259076784258015,0.03425994391061953,0.028032139741289975,0.030741817606483236,0.02744591992675293,0.029302369512388144,0.02621444759059183,0.02968163145212282,0.026817602452292727,0.028671799867836405,0.028121143544386894,0.0255729623602844,0.025924882633200926,0.025318887728877183,0.031091784061978527,0.023902035776651603,0.023258231099688324,0.02705476544348079,0.031169690863230595,0.03035903412381564,29.0,4
2,0.04711153021770784,0.03968401960791681,0.03641105133854794,0.035930003469605294,0.03828246474639962,0.034302732032288806,0.038287923243735436,0.03477538716004188,0.03439281775013087,0.03318426075884914,0.03316709456761555,0.03061171704356484,0.03263076766492157,0.034313203908594034,0.028198931124728755,0.030706379865421164,0.02720808157558488,0.029233161683863997,0.025981271930867068,0.02858543624568787,0.026737760322321613,0.028584235654350146,0.02786680305870323,0.026022793417122228,0.02588426639110969,0.02547763744915346,0.030615357040766653,0.023640469954858936,0.023525296805803682,0.027037149097287126,0.03146440268698824,0.030145592185461388,29.1,4
2,0.04702772263724388,0.03932507943945095,0.03602883785959954,0.035583393318606146,0.038622019727909906,0.034484353270742917,0.03835909200070226,0.03416974436697017,0.034550964478725035,0.03304627384994562,0.034125897201900984,0.03104396547646857,0.03262240435997978,0.03420775771355399,0.02814274356641003,0.030833345678191404,0.02771800140877708,0.02907496120839782,0.026140221411219133,0.029153852114672064,0.02774584368865493,0.028167317555770417,0.02762293576132787,0.025667734097598562,0.02604265769668299,0.02478441542359246,0.030511860383148636,0.02356587930825263,0.023600599453418296,0.026756289702573127,0.030688467319130913,0.030585368520382027,29.2,4
2,0.04772232048218253,0.038830712539866724,0.03628519104924135,0.036247808963763846,0.03834036559190716,0.03418591305435216,0.0375944667056651,0.0347075543547352,0.035069821767416014,0.033053220600351534,0.03395404363454585,0.030308236416048344,0.0327073478654921,0.03401640744474425,0.028206155443204213,0.031358138198799464,0.027795962593923928,0.0281667324057254,0.02667132289670477,0.028207845998468165,0.02722754041443736,0.028125186707625417,0.027766136939246778,0.02611457985734512,0.026541126481150864,0.025105409184780447,0.03098848085867497,0.023548995030649465,0.02324322124186413,0.026904453705576786,0.03079703006746869,0.030208271504041852,29.3,4
2,0.047400414886898695,0.03834710251051252,0.03642662236457535,0.03593894203036036,0.038529690899633075,0.03389890831325999,0.038335364117080904,0.03397309154728741,0.034911727104989035,0.03367618931119567,0.03461740092370416,0.030715012228145207,0.0323458305910591,0.0339460428003103,0.028630571983271565,0.030790763851326404,0.028366425545101197,0.02802528622822259,0.026283726076454253,0.027990255195346727,0.027657667708127116,0.028345250404969678,0.027675013826580084,0.025648429976275724,0.026485436396285495,0.025207796514532768,0.03026207381829834,0.0239944488767403,0.023913663433426345,0.026575099381843364,0.0314784925724661,0.02960725858172035,29.4,4
2,0.04759019236684777,0.038474638978360655,0.03701530561849144,0.0366408295011361,0.03784636876242263,0.03339591875800864,0.03807696491611037,0.03405965411595857,0.03567605576101816,0.033276276903957146,0.033742629477386314,0.03038237417709529,0.03219886075358837,0.03401712849882954,0.028907284013223292,0.03167217735890797,0.028084859042937702,0.027200159413720622,0.02678521768115545,0.028260845378834755,0.027011937858776574,0.029052398837361253,0.027545411523632244,0.02618570369589367,0.026578406386939583,0.024614977312867232,0.03034872788530722,0.023682331734913624,0.02401347595880251,0.026546860800864047,0.031129094966484194,0.02998693156016679,29.5,4
2,0.04869648048559524,0.037746285017606275,0.036987534091660786,0.03648762116156283,0.03831787347140358,0.033460494938924244,0.038118581698599704,0.033845703703365565,0.03558414847613164,0.033558594129918885,0.033450123372072864,0.030955148056060942,0.032523719149452686,0.03372358465663764,0.02922668494785857,0.03111844202447833,0.028874718160777905,0.028337852883390063,0.027084459201719497,0.028434473755906263,0.02747520002832122,0.02858477703548092,0.02719452467261619,0.02605831454651906,0.026383642355875096,0.024320783549262166,0.029455732377880763,0.023769423144126924,0.02330064966795901,0.026366560085349783,0.030645543473894376,0.029912325679590856,29.6,4
2,0.04823582770074924,0.03811415046499281,0.03673156662821339,0.0371104697745411,0.03836095303394323,0.03342524164044667,0.037516013554860075,0.033735860891579345,0.03556200303530908,0.03341915582191715,0.03392462210338063,0.031203047035382653,0.032606992094714,0.033372859684269764,0.029474364663504025,0.03167683120287382,0.028707838613602453,0.028222956104282604,0.026462925228606868,0.028074625671714967,0.027183436531675507,0.028684240913209286,0.027247412791941563,0.026237945096450603,0.026030929397728993,0.025193149032405698,0.02949185046002064,0.02361593862541126,0.022941790182025055,0.02693536634139268,0.030695106393286344,0.029804529285568312,29.7,4
2,0.048604246953661764,0.0380039569302001,0.03708683004299061,0.03697600544066295,0.03800147219950658,0.03273063230519449,0.03772641702093602,0.033689805528810415,0.035730933502701345,0.03284601178501887,0.033840145331473614,0.03137491846783753,0.032277629821287956,0.033254932662713226,0.030035484405421836,0.031487894353414356,0.02903557538384518,0.02776445572814879,0.026144912970752342,0.02871946258553537,0.027249990002912415,0.029127907929719032,0.027374102303485734,0.02610424386228048,0.02617285688808961,0.0249433660176892,0.029418541305916552,0.02354813697999669,0.02285070944466262,0.026004567251972168,0.0311556003307865,0.03071825426237571,29.8,4
2,0.04869117551739761,0.037602723648217914,0.036913391233991864,0.037384851088071276,0.03847355806736142,0.03335221029344173,0.03787020969212859,0.033654833496414564,0.036017185596168566,0.03289471010200081,0.033730790415559965,0.03213806647113658,0.032450664597017086,0.03234309673374051,0.02966569700113925,0.031236323429377568,0.028681142004398436,0.027713257356728343,0.026033521940817143,0.02881003538527225,0.026491849249256582,0.028999759333396397,0.02734807680265662,0.025908935440491374,0.026614514493178785,0.02479014116133435,0.02980002334337729,0.023832639176475708,0.023388522582375726,0.026431648502361554,0.030639638538896653,0.03009680730581737,29.9,4
