0,1,2,3,4,5,6,7,8,9,10,11,12,13,14,15,16,17,18,19,20,21,22,23,24,25,26,27,28,29,30,31,Chip,Class
-0.056592576,0.18912786,0.1708952,0.16987692,0.7942483,0.11617759,-0.1796646,-0.20582734,0.0034611374,-0.26260236,-0.5361304,-0.2733525,0.11712698,-0.063926294,-0.021556046,0.0007095374,-0.12562008,0.07196037,-0.109029666,-0.16794556,-0.088625796,-0.1260513,-0.29478934,-0.004904263,-0.022949146,-0.25709367,-0.23194063,-0.08301091,-0.1619711,-0.25891846,-0.28276414,-0.104182675,33,1.0
-0.043497898,0.17926851,0.121873364,0.123716936,0.75808406,0.14214526,-0.12728679,-0.12810862,-0.060646206,-0.20535645,-0.41610873,-0.19953337,-0.015172057,-0.10692088,0.06825769,0.007935042,-0.13612564,0.011407524,-0.0018830597,-0.14087664,-0.047333013,-0.12408271,-0.2182414,-0.010362397,-0.021498675,-0.21912844,-0.14906287,-0.10200891,-0.14452511,-0.15730041,-0.10277759,-0.1382574,33,4.0
-0.041150883,0.18434104,0.12996218,0.12096286,0.75893044,0.15315416,-0.12527034,-0.12989575,-0.0585201,-0.20292385,-0.40689048,-0.19369219,-0.011163885,-0.110053405,0.06347583,0.013305899,-0.12812458,0.016366675,0.007163301,-0.14685051,-0.045706235,-0.11916297,-0.2099193,-0.010801981,-0.022401016,-0.21725796,-0.1529485,-0.09077653,-0.1500492,-0.1544109,-0.1036835,-0.14213385,33,4.0
-0.020699646,0.11657151,0.037828956,0.12770216,0.74179924,0.118270345,-0.057397917,-0.083019555,-0.07437369,-0.0068787187,-0.3502362,-0.07087563,-0.081553474,-0.076333985,0.0348548,-0.08761939,-0.2352616,-0.1539234,0.0042526126,0.057273827,-0.09835276,-0.013471741,-0.2026762,-0.09771292,-0.020739187,-0.160253,-0.06469718,-0.15660906,-0.020955276,-0.054870114,-0.0024198722,-0.14358744,33,4.0
-0.07605499,0.0061587878,-0.02348306,0.0930728,0.32500216,0.11576158,0.06325237,0.10166642,-0.07701525,0.13180543,0.014420496,0.05766095,0.082846925,0.15603642,0.25646207,0.09497861,0.13982329,0.032388926,-0.1122603,-0.1325582,-0.13062747,0.020664522,0.010974139,0.032362074,-0.018632289,0.035663676,0.014702812,-0.21046975,-0.1644853,-0.14802133,0.1449729,0.024558805,33,2.0
-0.055401973,0.21689737,0.18673328,0.15638989,0.732654,0.026725521,-0.23528858,-0.23772709,0.0450653,-0.3030257,-0.5836208,-0.23648466,0.17906952,-0.019870188,-0.056647804,0.026049979,-0.16076137,0.11427384,-0.24807023,-0.13008976,-0.061777815,-0.04264053,-0.29313087,-0.058970332,-0.029011577,-0.17880984,-0.30901924,0.01923416,-0.12964103,-0.24882826,-0.41548145,-0.08675055,33,1.0
-0.10582145,0.05085539,-0.018034434,0.07976082,0.84124357,0.13057978,0.0006408356,-0.07020956,-0.009196214,0.072550476,-0.31186506,-0.0115472805,-0.04167516,-0.079569355,-0.07495755,-0.16501547,-0.36285555,-0.22809476,-0.00956817,0.10668719,-0.21508253,0.068600506,-0.22301283,-0.18081573,0.024120646,-0.17844251,-0.013195345,-0.2511716,-0.0012066439,-0.08170918,-0.056832124,-0.12422131,33,2.0
-0.07928424,-0.005331576,-0.044832658,0.091854796,0.326603,0.11203655,0.06668185,0.1023309,-0.09956908,0.11657229,0.00848089,0.08144729,0.07825828,0.157342,0.27223542,0.100694865,0.13721931,0.029840022,-0.1221213,-0.16143829,-0.13152824,0.016846877,0.015267357,0.048455425,-0.01488399,0.03202965,0.013852203,-0.20225537,-0.17363317,-0.14656988,0.14101587,0.0031904876,33,4.0
-0.072389185,0.006506972,-0.02356983,0.0914762,0.3234602,0.11479702,0.06549371,0.106436566,-0.08324349,0.12969565,0.015595152,0.06980005,0.079674,0.16947192,0.2660071,0.09931622,0.14302133,0.029484391,-0.117948085,-0.1407604,-0.1283466,0.02529532,0.01859644,0.038018294,-0.016185524,0.043747384,0.0013608225,-0.20744143,-0.16803339,-0.15061095,0.14881201,0.021981027,33,3.0
-0.08245677,0.09819501,0.015904628,-0.02894321,0.6277898,-0.086652055,-0.14774436,-0.10709593,-0.012012921,-0.25788704,-0.2461071,-0.17905673,0.060804203,-0.005308993,-0.096008494,0.03025144,-0.23569335,0.02674649,-0.2822499,0.0112448055,0.0024292432,0.05852272,-0.20249969,-0.23380797,-0.15586212,0.0733183,-0.1626537,0.032553013,-0.07194699,-0.15651411,-0.32891503,-0.06310337,33,4.0
-0.052676227,0.17930147,0.13710438,0.13666192,0.7595191,0.14418294,-0.13521756,-0.14275673,-0.042300627,-0.22381656,-0.4384705,-0.23781791,0.029136013,-0.090008155,0.036684815,0.0141596645,-0.12086508,0.039045252,-0.018074408,-0.16110176,-0.054335855,-0.12664622,-0.23436877,-0.009002273,-0.025118675,-0.25143653,-0.17047778,-0.10516851,-0.16517091,-0.19155566,-0.15363179,-0.13188869,33,1.0
-0.07829395,0.002261117,-0.038486656,0.09654927,0.32188043,0.123716,0.05721519,0.09702685,-0.085621856,0.11178574,-0.0039325356,0.072075084,0.08231915,0.15765524,0.2670179,0.090867735,0.1390229,0.029024333,-0.11271486,-0.15549773,-0.1393857,0.008730479,0.0047225133,0.042411752,-0.01794596,0.038642216,0.014314769,-0.198127,-0.1622839,-0.1423072,0.13566777,0.013848882,33,2.0
-0.068194166,0.009015303,-0.013228705,0.09137981,0.32274848,0.11501569,0.06711069,0.103472285,-0.07651842,0.14176778,0.022406215,0.058317456,0.080483824,0.1695142,0.25753897,0.10284491,0.14384572,0.035020865,-0.11821438,-0.12531325,-0.12128942,0.031885803,0.024672724,0.026381282,-0.020971105,0.045329202,0.004259305,-0.21262595,-0.16645147,-0.15043943,0.15371293,0.02446292,33,1.0
-0.065126605,0.006675668,-0.014911497,0.09275238,0.3248039,0.115402974,0.06794207,0.09964129,-0.08643276,0.1349419,0.015913375,0.07079351,0.076032855,0.18025726,0.2655257,0.10441392,0.14542395,0.032852165,-0.12293655,-0.1381339,-0.12352865,0.03117322,0.031129435,0.0309977,-0.020713883,0.051701717,-0.005337555,-0.20947641,-0.17097864,-0.15188614,0.15813522,0.016012575,33,1.0
-0.06102199,0.14128897,0.08938633,0.021028306,0.57999665,-0.049225606,-0.18512341,-0.15670167,0.022204168,-0.29558772,-0.37605166,-0.17182301,0.10176847,-0.010338627,-0.087309,0.031129967,-0.18732886,0.08636772,-0.287123,-0.03206473,0.002592191,0.048434705,-0.21134222,-0.2079,-0.13134144,0.016217906,-0.23432332,0.053353243,-0.11771697,-0.1891143,-0.36310175,-0.08502778,33,2.0
-0.080439925,-0.0033129528,-0.04634903,0.09558216,0.3248506,0.11909544,0.05882722,0.09555865,-0.095376894,0.10707645,-0.006275774,0.078903705,0.080768585,0.15516791,0.27075496,0.09365765,0.13713175,0.029891796,-0.11667909,-0.16573979,-0.13885668,0.0064120376,0.006231956,0.04518646,-0.017901164,0.034519307,0.016260954,-0.1978493,-0.16701359,-0.1432182,0.13434002,0.004285354,33,3.0
-0.078197755,0.003478665,-0.03799467,0.09033245,0.32194403,0.11435156,0.06430105,0.10803574,-0.08646507,0.12143643,0.012363664,0.069426656,0.07968013,0.15604655,0.2667011,0.09605127,0.13740215,0.03092663,-0.11596752,-0.14806484,-0.12978512,0.019092182,0.009732477,0.0452436,-0.015689557,0.032070097,0.0118734,-0.20278901,-0.16685894,-0.14788854,0.13758166,0.017662056,33,2.0
-0.05430127,0.1677166,0.14225289,0.15402657,0.76202744,0.09754671,-0.16244507,-0.1668336,-0.018511757,-0.24190535,-0.49837756,-0.26974514,0.08523513,-0.061837662,-0.0051621543,0.014945359,-0.13974866,0.05554094,-0.088675156,-0.16244209,-0.068087555,-0.13014331,-0.27485707,-0.0012275316,-0.026824087,-0.26445347,-0.21282478,-0.09644037,-0.16317001,-0.23551367,-0.22899403,-0.10752326,33,3.0
-0.010810049,0.16108112,0.07197338,0.11078295,0.7289653,0.124558926,-0.10385324,-0.11017151,-0.08972247,-0.12644413,-0.38586804,-0.11027384,-0.077016145,-0.13546354,0.07974312,-0.019321151,-0.18008275,-0.06340925,-0.019308195,-0.054546554,-0.042429708,-0.09787788,-0.1979045,-0.034913883,-0.020526154,-0.14830579,-0.11349652,-0.09393988,-0.0927003,-0.11334686,-0.02457056,-0.13840169,33,3.0
-0.050806507,0.16819772,0.1442266,0.15061282,0.7619063,0.09430461,-0.16607693,-0.17087479,-0.014887936,-0.23940898,-0.5010816,-0.26701528,0.08985436,-0.061630543,-0.012179899,0.01584321,-0.14135668,0.057673953,-0.09577039,-0.16106297,-0.07017663,-0.12703696,-0.27537555,-0.002044124,-0.02629308,-0.25817305,-0.2204852,-0.08665426,-0.16289008,-0.23722856,-0.23706935,-0.10426165,33,1.0
-0.051066395,0.09064028,0.015262201,0.116866514,0.7702942,0.11360715,-0.03400775,-0.07447341,-0.053507715,0.03132673,-0.34233755,-0.05649576,-0.07190877,-0.06566545,-0.00063937926,-0.11767757,-0.27907413,-0.17809194,0.0009571612,0.08041079,-0.13665992,0.026240535,-0.21928087,-0.12965278,-0.012655608,-0.17509104,-0.043208793,-0.1953092,-0.006708458,-0.05648686,-0.023763841,-0.13574955,33,3.0
-0.06366415,0.16304377,0.10148193,0.0474356,0.57761663,-0.01576373,-0.19371183,-0.17606565,0.02730652,-0.300031,-0.40746135,-0.17414773,0.1162437,-0.0047930516,-0.07425628,0.0401027,-0.17991336,0.09666454,-0.28153718,-0.045574058,0.0029403195,0.03406047,-0.20996389,-0.18268144,-0.11672804,-0.009319138,-0.24999113,0.04808534,-0.12656453,-0.20106885,-0.3727467,-0.09111345,33,3.0
-0.026179338,0.13021642,0.045058887,0.13368276,0.7312464,0.108377405,-0.069194674,-0.088003784,-0.079751484,-0.059243318,-0.3714173,-0.105541006,-0.070737615,-0.08613326,0.06256439,-0.049464077,-0.21197541,-0.10803737,-0.0049256533,0.012560092,-0.06478644,-0.043149736,-0.2130993,-0.0713498,-0.027998475,-0.17213899,-0.08447101,-0.13536803,-0.042310067,-0.068459004,-0.015027624,-0.14259365,33,4.0
-0.035982747,0.14673366,0.11149818,0.12659687,0.7173564,0.0797891,-0.15133277,-0.124871165,-0.03684148,-0.20646808,-0.45011428,-0.23773819,0.03610927,-0.07707286,0.015321254,0.019891765,-0.14961924,0.028892003,-0.06301442,-0.14670981,-0.059337992,-0.13436875,-0.24065146,-0.00023454847,-0.018053414,-0.24698944,-0.18410692,-0.10263112,-0.14947492,-0.1987664,-0.15290774,-0.1040145,33,2.0
-0.04775712,0.17429313,0.11790848,0.12531087,0.7513732,0.12666635,-0.13897127,-0.1318583,-0.04685135,-0.2161199,-0.4285932,-0.21709481,0.014032248,-0.098680004,0.048781093,0.022832936,-0.13948208,0.027940162,-0.024796944,-0.15231991,-0.05089422,-0.13780287,-0.22711399,-0.0001266161,-0.01892731,-0.2362837,-0.1697716,-0.10039129,-0.16098171,-0.18742813,-0.13271591,-0.12627515,33,4.0
-0.050464034,0.14701885,0.10069057,0.025444131,0.57517993,-0.06837223,-0.19439162,-0.16837613,0.032685615,-0.2985707,-0.41893703,-0.17418018,0.1187071,-0.015042175,-0.09155209,0.02185575,-0.17314395,0.096607484,-0.2947364,-0.044154834,-0.003433317,0.044742763,-0.22335863,-0.20419179,-0.11760237,-0.010515861,-0.2533805,0.050352573,-0.12733522,-0.20227744,-0.3784591,-0.07979426,33,3.0
-0.08321523,0.0078608375,-0.04389136,0.09703237,0.31862107,0.12982655,0.04753296,0.092123106,-0.0747671,0.09939811,-0.017023692,0.05767906,0.08553743,0.14128685,0.2585613,0.07768842,0.13431123,0.030547492,-0.10316287,-0.15260558,-0.14335892,-0.0045895,-0.013489816,0.040813155,-0.02188021,0.030589046,0.022853399,-0.19210355,-0.15074708,-0.13951868,0.11933974,0.019995555,33,2.0
-0.001285404,0.13249004,0.05941252,0.12559621,0.7255431,0.12491079,-0.071692556,-0.09341496,-0.09148447,-0.04117671,-0.3518461,-0.067637585,-0.09054789,-0.09793493,0.049323548,-0.06574927,-0.19622542,-0.1281207,0.006665483,0.03842455,-0.07386072,-0.048564814,-0.18268472,-0.07884794,-0.025127554,-0.1472245,-0.08098976,-0.122092776,-0.040089495,-0.05370193,0.018946785,-0.15212321,33,3.0
-0.04617964,0.16697133,0.124022394,0.13168728,0.74290353,0.11205877,-0.14766523,-0.13788988,-0.035663445,-0.22019514,-0.44872683,-0.23955429,0.03955043,-0.083457306,0.023869177,0.022641832,-0.14052802,0.036507033,-0.045015823,-0.15688212,-0.056045257,-0.1347394,-0.24012125,0.0010323129,-0.020266533,-0.24881269,-0.18477596,-0.09983301,-0.162168,-0.20349745,-0.1623574,-0.11647646,33,1.0
-0.08085588,0.06566504,-0.004094731,0.09307642,0.80894315,0.12017818,-0.020141039,-0.07249002,-0.030062888,0.054761373,-0.32453105,-0.02003574,-0.057545815,-0.07165155,-0.04928458,-0.15344638,-0.3211344,-0.21458778,-0.0021600053,0.10488592,-0.19498482,0.04823501,-0.2168136,-0.16712356,0.013854882,-0.17884901,-0.030421216,-0.23134087,-0.004833244,-0.06959343,-0.039319128,-0.12700367,33,4.0
-0.062179305,0.17410466,0.13050532,0.14191909,0.7657696,0.13381734,-0.13718212,-0.14650145,-0.042490244,-0.2357289,-0.45414668,-0.24939892,0.034749273,-0.08266561,0.042898092,0.007810641,-0.122361675,0.041689306,-0.033057727,-0.15950377,-0.06193997,-0.13560891,-0.24885848,-0.007187033,-0.02720421,-0.26074123,-0.17128198,-0.121477626,-0.1657301,-0.20687993,-0.16298911,-0.12724061,33,3.0
-0.069739886,0.19159341,0.16364892,0.18247676,0.80757326,0.13252941,-0.16830118,-0.21196248,-0.002183631,-0.27007896,-0.5306634,-0.27375394,0.12144282,-0.073939115,0.00039077015,-0.0068451613,-0.10272439,0.07622548,-0.08929387,-0.17560649,-0.09382389,-0.13955328,-0.2945786,-0.0129697565,-0.033014007,-0.2781828,-0.21649522,-0.12091,-0.17012928,-0.2717477,-0.27633926,-0.104003996,33,3.0
-0.02720115,0.11651776,0.036554474,0.13010672,0.74117696,0.11146644,-0.057545368,-0.08047381,-0.07407337,-0.019098349,-0.35875145,-0.08228583,-0.07824124,-0.07725434,0.039820053,-0.0754101,-0.23229252,-0.13883005,0.00074891746,0.04424037,-0.08707431,-0.017048929,-0.20989332,-0.09142888,-0.023808692,-0.16789274,-0.06846888,-0.14887577,-0.025070688,-0.056220777,-0.008346607,-0.14380902,33,1.0
-0.17242184,0.02501626,-0.041543376,0.038774975,0.9562359,0.1706089,0.048657447,-0.061948236,0.057691738,0.113282666,-0.27200574,0.00065160915,0.0028135423,-0.1282741,-0.1535375,-0.19485804,-0.47442597,-0.24482158,-0.02709179,0.10324006,-0.27015442,0.12465341,-0.24293658,-0.23816215,0.06436733,-0.19941747,0.033796236,-0.31171295,0.011302151,-0.12692133,-0.08540404,-0.10458958,33,1.0
-0.071942605,0.08740894,-0.0071479194,-0.058246065,0.59171975,-0.118395776,-0.14383185,-0.12097189,-0.0036023036,-0.2600465,-0.23899575,-0.19578604,0.084331766,0.0015773475,-0.096783355,0.015295218,-0.19630264,-0.004521273,-0.30363896,-0.0065810755,0.0017586015,0.06773773,-0.20311171,-0.25114802,-0.13730617,0.07035178,-0.1576862,0.034681343,-0.100242764,-0.17822081,-0.3284322,-0.05983747,33,1.0
-0.032069463,0.11122881,0.030718755,0.13151473,0.7442269,0.110444345,-0.05285502,-0.07711443,-0.06914533,-0.007303819,-0.3551564,-0.078094706,-0.07619797,-0.074186936,0.032009862,-0.08243749,-0.23812278,-0.148653,0.0017409846,0.050485358,-0.095823735,-0.0068476964,-0.20985326,-0.10136623,-0.018647982,-0.16879667,-0.062625885,-0.15680362,-0.018747676,-0.05315129,-0.009145299,-0.14206019,33,1.0
-0.08307686,0.003907535,-0.030747764,0.087766364,0.32697356,0.10699789,0.07046634,0.1141486,-0.0814762,0.13547824,0.025141712,0.058648717,0.08115005,0.14650519,0.25684473,0.098500825,0.13436499,0.03245727,-0.11324152,-0.13323033,-0.124992706,0.024983149,0.008375347,0.038627483,-0.015908008,0.022577848,0.016515104,-0.21169977,-0.16991898,-0.15212294,0.14073777,0.023395546,33,2.0
-0.07970108,-0.0071377195,-0.04350929,0.087952375,0.33264795,0.10059136,0.070669524,0.100205705,-0.10643102,0.12115045,0.0133187305,0.07789679,0.07447838,0.15605211,0.2696047,0.10524205,0.1361213,0.03246353,-0.12667036,-0.15957752,-0.12537488,0.018541245,0.020976104,0.041574053,-0.018449452,0.02858843,0.01418476,-0.21316655,-0.18000998,-0.1540241,0.14737728,-0.00017692894,33,1.0
-0.050815556,0.17943129,0.12708718,0.12948917,0.76296854,0.14332998,-0.12675297,-0.13501787,-0.056447342,-0.21321872,-0.42052624,-0.21477513,0.0010869093,-0.10014364,0.06149904,0.013372263,-0.12400906,0.026930898,-0.007898971,-0.15009637,-0.04946,-0.12977561,-0.22580117,-0.013660682,-0.023818929,-0.23936413,-0.1567643,-0.110724956,-0.15763302,-0.1722061,-0.12204997,-0.13805759,33,4.0
-0.07069775,0.015057325,-0.04149635,0.09304722,0.31220114,0.12422893,0.04331988,0.08239706,-0.08383984,0.09214972,-0.030768668,0.0570308,0.07862117,0.16096106,0.26636696,0.07611128,0.14145833,0.033377565,-0.112429716,-0.16247863,-0.13703449,-0.008040659,-0.0024745539,0.030530518,-0.03411455,0.044210516,0.008844135,-0.20018521,-0.14847597,-0.14609239,0.12269665,0.01991753,33,3.0
-0.050900213,0.1680949,0.13532548,0.13683268,0.7471203,0.11822403,-0.14953563,-0.14529161,-0.03154094,-0.2294328,-0.46262887,-0.25445944,0.04873146,-0.07440801,0.015051881,0.013984622,-0.13520409,0.041377947,-0.04937684,-0.15805022,-0.061358236,-0.12732929,-0.24974856,-0.00041440222,-0.023848122,-0.25269514,-0.18739538,-0.09889758,-0.16096419,-0.20884958,-0.17888473,-0.1181452,33,1.0
-0.11584338,0.04570917,-0.022532599,0.06713618,0.8672648,0.1350188,0.0014471449,-0.07374056,0.0019404292,0.073166505,-0.30561903,0.0025336742,-0.03692415,-0.086937144,-0.09921785,-0.18225713,-0.38141578,-0.24173722,-0.009279348,0.11520684,-0.2443093,0.07356753,-0.21848908,-0.19685723,0.040422946,-0.1818839,-0.009724276,-0.26602292,-0.0011452772,-0.09282088,-0.0628877,-0.11584887,33,2.0
-0.07374775,0.00603316,-0.025673209,0.09257284,0.3211337,0.11715576,0.06283324,0.10162429,-0.07805176,0.13073921,0.014993409,0.05872007,0.08135811,0.15800814,0.25813162,0.095021546,0.14119107,0.0324445,-0.11423576,-0.1338957,-0.12820116,0.021798868,0.013122328,0.03544712,-0.019494487,0.037114367,0.014390359,-0.20757847,-0.16385157,-0.14613947,0.14442712,0.022535115,33,2.0
-0.08715252,0.0027761683,-0.048594855,0.09241207,0.32116148,0.12232701,0.056660086,0.10328005,-0.08090827,0.1066722,-0.0028678542,0.06425424,0.08385035,0.13595124,0.2602361,0.084271714,0.13072714,0.03108301,-0.106157795,-0.1533221,-0.13869461,0.003809305,-0.009560503,0.049456857,-0.01685423,0.021017324,0.024720972,-0.19258903,-0.15888679,-0.14196348,0.12029517,0.015652664,33,4.0
-0.0072065108,0.12354034,0.04480203,0.118265554,0.73416966,0.12578064,-0.06443972,-0.088075384,-0.08484967,-0.01160695,-0.34439966,-0.05268954,-0.09070632,-0.08874594,0.034423772,-0.08986218,-0.22302862,-0.1586631,0.0061019436,0.06240861,-0.09925589,-0.028327461,-0.18812409,-0.095389575,-0.017692048,-0.146185,-0.07182267,-0.14456378,-0.029659363,-0.054186918,0.0114846835,-0.14407973,33,2.0
-0.04023686,0.16805348,0.09878023,0.052119754,0.5653451,-0.0408182,-0.20608775,-0.20001279,0.033532925,-0.3013504,-0.47053424,-0.19772196,0.15958807,-0.011116721,-0.065343484,0.019524792,-0.15255225,0.08387449,-0.28661013,-0.06801668,0.0034231022,0.014077056,-0.23588574,-0.16392428,-0.09489011,-0.078741215,-0.2839622,0.02154816,-0.15669581,-0.23182562,-0.3875233,-0.07674728,33,4.0
-0.04528102,0.17830926,0.11452669,0.1284141,0.7619686,0.13751465,-0.12568203,-0.12250468,-0.061722733,-0.20022136,-0.41299137,-0.19677305,-0.016450442,-0.10935183,0.06681923,0.016471628,-0.14458884,0.010927089,-0.0030926988,-0.13898307,-0.041933756,-0.123152874,-0.21490997,-0.01037836,-0.021789728,-0.21609591,-0.14725064,-0.09347816,-0.14160252,-0.1531155,-0.09779269,-0.14111711,33,2.0
-0.036664408,0.17775553,0.14569727,0.08635174,0.62723714,-0.039538637,-0.2181372,-0.20427036,0.03752146,-0.302862,-0.52568793,-0.20566271,0.15339777,-0.009638693,-0.06913436,0.02666564,-0.16569613,0.111670576,-0.27960342,-0.08270022,-0.022751097,-0.002511438,-0.26128474,-0.13340354,-0.06526431,-0.11347148,-0.3005854,0.026522938,-0.13812904,-0.23027985,-0.39503944,-0.08381782,33,2.0
-0.081168056,-0.006912153,-0.041635323,0.09183705,0.3311032,0.10788567,0.06838127,0.1020484,-0.101205476,0.11845267,0.008967115,0.08309074,0.07932806,0.15870692,0.27278364,0.102738746,0.13784319,0.029177018,-0.122792795,-0.16211374,-0.13334861,0.017036583,0.015893668,0.04485234,-0.013950283,0.032433648,0.012298444,-0.2066222,-0.17699994,-0.14897922,0.14546394,0.003262218,33,4.0
-0.08622837,0.007560244,-0.051029652,0.09802511,0.31783676,0.13419107,0.043968022,0.08795994,-0.073216096,0.09008613,-0.02634623,0.053087357,0.08654239,0.13157076,0.25608677,0.071624264,0.13027973,0.032198258,-0.09992148,-0.15610018,-0.14550638,-0.012478638,-0.022669446,0.042968042,-0.024460062,0.024078028,0.0293532,-0.18632495,-0.1466004,-0.13653171,0.109519295,0.017286278,33,1.0
-0.027568508,0.10779668,0.031675328,0.12291737,0.7512391,0.11706887,-0.05222401,-0.08299035,-0.070008144,0.007769935,-0.34544125,-0.05878154,-0.080296844,-0.07327293,0.020039294,-0.10167077,-0.24797438,-0.16780557,0.0055946335,0.07279199,-0.11610475,-0.0029184632,-0.20263317,-0.11116733,-0.017803494,-0.16263683,-0.05872763,-0.17069316,-0.01695789,-0.054099463,-0.005231184,-0.14165331,33,3.0
-0.02452948,0.11922433,0.03958306,0.13181102,0.730895,0.109056175,-0.06341392,-0.08224906,-0.07587422,-0.031957205,-0.35987112,-0.083751544,-0.077290066,-0.08145568,0.044982743,-0.06999884,-0.2180302,-0.13269216,-0.0010603666,0.0394466,-0.08423077,-0.024945255,-0.20619348,-0.09157972,-0.020765588,-0.16733126,-0.07456093,-0.14507128,-0.028512092,-0.056208663,-0.004243914,-0.14344044,33,4.0
-0.05560176,0.18210906,0.14152373,0.14227623,0.7698637,0.15353355,-0.13061681,-0.15230913,-0.044191368,-0.22798885,-0.4406066,-0.23817964,0.02987171,-0.09081532,0.046498626,0.0063096154,-0.10629791,0.042997085,-0.014582343,-0.16378343,-0.05892936,-0.13051027,-0.23793837,-0.016149646,-0.027552918,-0.25927848,-0.16725612,-0.11944794,-0.16820624,-0.19592199,-0.15699154,-0.13394843,33,2.0
-0.065087534,0.11437579,0.04576995,-0.023650683,0.57017195,-0.09680347,-0.16677347,-0.13679552,0.014002822,-0.2843877,-0.3272945,-0.18003939,0.09660499,-0.013695404,-0.10120273,0.01085476,-0.1821641,0.05034417,-0.29767692,-0.02327453,0.0008105114,0.058797807,-0.20916036,-0.23930374,-0.13814616,0.040434476,-0.20610258,0.049988676,-0.11247964,-0.18462665,-0.34961998,-0.06790562,33,1.0
-0.042243935,0.14357251,0.089487135,0.01318398,0.5495549,-0.074339114,-0.1925502,-0.17415014,0.030671045,-0.29910132,-0.42095092,-0.1814419,0.13139468,-0.012572594,-0.08195216,0.016620947,-0.15496679,0.08152897,-0.29663423,-0.049042996,0.0031390265,0.04136724,-0.22074279,-0.20801307,-0.111504726,-0.018473528,-0.26016307,0.043362454,-0.14186376,-0.21254377,-0.3706505,-0.075487845,33,1.0
-0.054705225,0.21293598,0.18042049,0.14797035,0.72141737,0.020808497,-0.2321799,-0.23350452,0.04374048,-0.30173722,-0.57870644,-0.23256467,0.17451835,-0.016450126,-0.059393518,0.026247557,-0.16560647,0.11524708,-0.25315082,-0.12145303,-0.055017166,-0.039419055,-0.2882697,-0.06809517,-0.035269383,-0.17210717,-0.30730343,0.017897872,-0.12860897,-0.24555029,-0.4142611,-0.08612828,33,4.0
-0.08957102,0.0044782013,-0.054139383,0.09718567,0.3236318,0.13090192,0.04554271,0.08925085,-0.07763446,0.088164866,-0.025902579,0.057727445,0.08631267,0.12721127,0.25656044,0.07357403,0.12760149,0.03223607,-0.10034999,-0.16110167,-0.14677306,-0.014303919,-0.023899741,0.044912048,-0.023104446,0.019377125,0.030166322,-0.1880092,-0.15090209,-0.1389733,0.108866565,0.013037443,33,2.0
-0.052840516,0.088277966,0.013555363,0.11883178,0.76729655,0.1070613,-0.037884556,-0.08030687,-0.0552184,0.024362605,-0.34226802,-0.051228628,-0.06786934,-0.06931399,-0.002010709,-0.11169639,-0.27316606,-0.18281505,-0.00085775554,0.08257793,-0.13824496,0.014500502,-0.20965162,-0.12654923,-0.010848919,-0.16896434,-0.04586424,-0.1905187,-0.013484575,-0.058938812,-0.019925723,-0.13864699,33,4.0
-0.07138941,0.11100669,0.03985395,-0.02011723,0.59666073,-0.08141498,-0.1595309,-0.12705038,0.0042018145,-0.27480653,-0.29099226,-0.17863025,0.07702161,-0.0069191568,-0.097316466,0.024868103,-0.2085237,0.04548434,-0.29000676,-0.008054424,0.0040559843,0.05950581,-0.20444864,-0.2332264,-0.14942548,0.056985337,-0.18737164,0.04570002,-0.09619306,-0.17325251,-0.3411187,-0.072839364,33,1.0
-0.057071634,0.18293992,0.16265985,0.16668957,0.78446966,0.1042616,-0.17548043,-0.19759084,-0.0021719784,-0.25653195,-0.52695733,-0.2735751,0.11492101,-0.060917955,-0.018830333,0.0071770456,-0.12846555,0.06976765,-0.108975254,-0.16803576,-0.08225851,-0.12757611,-0.29210436,-0.004943479,-0.025621584,-0.26374424,-0.22987008,-0.08980743,-0.16406024,-0.25694153,-0.2746976,-0.10337633,33,2.0
-0.05155754,0.1954205,0.1684865,0.11050142,0.66409045,-0.009494409,-0.22542833,-0.20816754,0.046477824,-0.30937123,-0.5407546,-0.19858363,0.14858657,-0.008336887,-0.0722769,0.03466319,-0.1751673,0.13207969,-0.27794454,-0.085386395,-0.03687977,-0.0012747254,-0.26358536,-0.12051929,-0.05736258,-0.10691354,-0.29910398,0.0427795,-0.12216594,-0.21995845,-0.4087202,-0.093339756,33,4.0
-0.04561965,0.099884644,0.020543214,0.12769258,0.7520094,0.108254254,-0.038067687,-0.067796156,-0.05728154,0.007816449,-0.35620564,-0.080338866,-0.0700933,-0.06377959,0.022036964,-0.09724921,-0.25702626,-0.15068434,0.0002040714,0.056528665,-0.10912718,0.019391425,-0.22870156,-0.11550084,-0.01697524,-0.18291514,-0.052336924,-0.17757879,-0.006881833,-0.05131778,-0.022464573,-0.13477515,33,4.0
-0.030118128,0.1244366,0.04005103,0.14335737,0.73881054,0.10812065,-0.0621224,-0.07967204,-0.07269818,-0.04092363,-0.3692614,-0.110001594,-0.071099125,-0.07612625,0.054659065,-0.055098467,-0.21936415,-0.116502866,-0.0016951486,0.014200797,-0.06585525,-0.026924726,-0.21515355,-0.07685967,-0.027314598,-0.174676,-0.07415021,-0.1366491,-0.029030764,-0.059823077,-0.015601261,-0.14495043,33,1.0
-0.016942527,0.15694804,0.077002555,0.13869147,0.7433559,0.13148472,-0.088245556,-0.09456305,-0.08161431,-0.106638,-0.3843074,-0.13497512,-0.06685529,-0.095755905,0.0799724,-0.024458636,-0.18294847,-0.067606226,0.004792571,-0.043563265,-0.037202142,-0.069401965,-0.2065053,-0.043040074,-0.029380001,-0.1721757,-0.10350765,-0.10112552,-0.062369768,-0.07993707,-0.022405943,-0.15076841,33,2.0
-0.08324006,-0.007526405,-0.054716177,0.09427908,0.32772055,0.11705051,0.057703122,0.092921704,-0.10136132,0.098402515,-0.01026362,0.08521585,0.08151465,0.14817706,0.27244794,0.09256995,0.13641141,0.029174842,-0.118681304,-0.1768308,-0.1412254,0.00015865266,0.0024296716,0.05119352,-0.016501721,0.029085673,0.021612758,-0.1958851,-0.1699323,-0.1420577,0.1292837,-0.0024541505,33,2.0
-0.086339444,-0.005286444,-0.048982766,0.09262012,0.33046925,0.11337392,0.0608541,0.099603765,-0.09651994,0.10697541,-0.0015706467,0.07956353,0.08170872,0.1452081,0.26798803,0.09421867,0.13444516,0.028748281,-0.11573349,-0.16645008,-0.13932237,0.005039856,0.0017730221,0.047706544,-0.015072944,0.026044833,0.01985198,-0.201307,-0.17080233,-0.14664337,0.13250136,0.0045579188,33,3.0
-0.04294179,0.1614334,0.11528,0.12816879,0.73656315,0.10384646,-0.1477071,-0.13087365,-0.03945452,-0.21476826,-0.44379914,-0.23141763,0.029370297,-0.0874531,0.030834533,0.021313194,-0.14638254,0.029726967,-0.04539287,-0.15188198,-0.055804953,-0.13922524,-0.23617092,0.0031893067,-0.01849496,-0.24445887,-0.17969401,-0.10352891,-0.1569826,-0.19891672,-0.14786151,-0.11350992,33,3.0
-0.07197144,0.07179087,-0.0043252334,0.08886142,0.78610885,0.13179325,-0.030077264,-0.06248464,-0.035770305,0.047254488,-0.31881323,-0.011392968,-0.061212912,-0.07712424,-0.0423891,-0.15466686,-0.3065827,-0.21698228,-0.0019713193,0.10191952,-0.19913796,0.03702684,-0.21423781,-0.17325127,0.026547952,-0.1742481,-0.04647693,-0.22479987,-0.009625286,-0.06703006,-0.03470076,-0.1239931,33,4.0
-0.047958508,0.18607423,0.15983637,0.09670079,0.6426703,-0.016741574,-0.21932702,-0.20448162,0.040712103,-0.30999938,-0.5279069,-0.20170443,0.14755875,-0.0072447173,-0.068859294,0.033095967,-0.16820467,0.124678604,-0.27769035,-0.08291978,-0.03048347,-0.0007690862,-0.2600959,-0.13102165,-0.0622249,-0.103746384,-0.29998577,0.037081078,-0.13097024,-0.22175899,-0.39576983,-0.09339337,33,1.0
-0.09213322,0.054884013,-0.010170884,0.070669755,0.84277356,0.12886497,-0.023931423,-0.0852139,-0.021408934,0.05970727,-0.31628653,0.013427898,-0.054384883,-0.08294679,-0.09051725,-0.18766022,-0.3511281,-0.2482107,0.004611112,0.12592162,-0.24410936,0.040517695,-0.19599867,-0.19108616,0.03439044,-0.17484604,-0.032876827,-0.24669722,-0.011948679,-0.08366295,-0.046699066,-0.118616655,33,4.0
-0.0430734,0.18509144,0.15390383,0.09576067,0.63983893,-0.029893175,-0.22114038,-0.20692904,0.040519565,-0.304902,-0.5322777,-0.20297271,0.15395251,-0.009573929,-0.0711311,0.029325122,-0.16809146,0.119876824,-0.279274,-0.08563092,-0.028901253,-0.0019037984,-0.2637735,-0.12987536,-0.06383598,-0.11168069,-0.3019216,0.032482542,-0.13325134,-0.22786959,-0.4019604,-0.086048014,33,4.0
-0.05355122,0.17121828,0.14762008,0.15566166,0.76690495,0.09857172,-0.16707025,-0.17458576,-0.013457149,-0.2440712,-0.50609946,-0.26995978,0.093263105,-0.061026547,-0.01165093,0.013837887,-0.13892548,0.05894529,-0.09549742,-0.16323024,-0.07176013,-0.12762812,-0.27879873,-0.0015723631,-0.026689325,-0.26082176,-0.22032563,-0.089099385,-0.16294467,-0.23979317,-0.2424915,-0.10522255,33,4.0
-0.094669305,0.055094227,-0.012307655,0.06769079,0.8489313,0.13428041,-0.022663629,-0.08429721,-0.018409885,0.06269549,-0.31035832,0.015975416,-0.052135587,-0.08550377,-0.09584019,-0.19078782,-0.35803688,-0.25259238,0.0037399754,0.12571365,-0.24921694,0.043974407,-0.19515592,-0.1951655,0.03760401,-0.17360817,-0.030790828,-0.2501821,-0.01079746,-0.08537573,-0.050528057,-0.11666627,33,4.0
-0.08350535,0.002313938,-0.050101116,0.09827657,0.3206182,0.13010976,0.049644284,0.09076264,-0.08279128,0.09670919,-0.018684847,0.0656424,0.083890416,0.14115693,0.2624056,0.080748565,0.1332058,0.030885965,-0.1062998,-0.16170056,-0.14406715,-0.0054503623,-0.010885078,0.04520973,-0.02175399,0.028879061,0.025377048,-0.1905675,-0.15495504,-0.1382344,0.119386345,0.011292107,33,2.0
-0.07576948,0.0067098625,-0.03219615,0.09492093,0.31958342,0.12233677,0.055516213,0.09505214,-0.07814958,0.11805509,0.0004335232,0.058219116,0.081634834,0.15311255,0.25804672,0.08762255,0.13976122,0.03166057,-0.110109955,-0.14202599,-0.13459359,0.010537187,0.0041839704,0.036276475,-0.021965249,0.036203675,0.017784743,-0.20311636,-0.15861285,-0.14410071,0.13613251,0.021182444,33,2.0
-0.07979006,-0.006405007,-0.04933004,0.09469035,0.32659915,0.11590972,0.05936677,0.092248686,-0.10138883,0.103929356,-0.0071834708,0.08360304,0.07966057,0.15569457,0.27293283,0.09470692,0.13818085,0.029645175,-0.12045049,-0.17234035,-0.13889371,0.0047769696,0.0086568,0.047401637,-0.018030744,0.03382021,0.017587261,-0.19897926,-0.17080483,-0.14321463,0.13584483,-0.0010679476,33,2.0
-0.040428177,0.16476834,0.0835474,0.14100942,0.76547146,0.12653969,-0.102103546,-0.10640845,-0.07588698,-0.15215069,-0.4094691,-0.17501362,-0.04413659,-0.09763494,0.08176958,-0.004019778,-0.17449842,-0.027428579,-0.0050399005,-0.08987802,-0.03338622,-0.09762465,-0.22143057,-0.029855978,-0.03206513,-0.20162171,-0.12204919,-0.106745176,-0.095588624,-0.11346102,-0.06407984,-0.14249057,33,4.0
-0.053841725,0.17376193,0.13313909,0.14315724,0.7592988,0.12111303,-0.14855626,-0.15252052,-0.03166234,-0.2320052,-0.46243978,-0.24908757,0.055086285,-0.079711616,0.023111057,0.01923858,-0.12895975,0.045267798,-0.049951144,-0.16450824,-0.060983285,-0.13843513,-0.25237998,-0.00095977634,-0.023508789,-0.25880033,-0.19155788,-0.10690176,-0.16966617,-0.21780276,-0.18411228,-0.117511004,33,3.0
-0.053772748,0.1701527,0.11421344,0.13383201,0.76056945,0.11890216,-0.13897847,-0.13608031,-0.048535492,-0.22240283,-0.44180578,-0.22679955,0.018735822,-0.09469731,0.053736713,0.01709714,-0.13995768,0.030152448,-0.034438003,-0.15188713,-0.053251438,-0.145919,-0.23899746,-0.0012295716,-0.022432921,-0.24782015,-0.1691719,-0.118128195,-0.16101822,-0.19774862,-0.14128174,-0.12284067,33,1.0
-0.062264703,0.20943707,0.17849708,0.1288024,0.6819728,0.009760007,-0.23632403,-0.21484219,0.04857731,-0.31477216,-0.55120015,-0.19904885,0.15925547,-0.010481909,-0.06411782,0.037028708,-0.17158532,0.12991342,-0.27163613,-0.09643005,-0.042410694,-0.0037338901,-0.2648341,-0.10570786,-0.050849658,-0.111723825,-0.30470473,0.05032202,-0.117333606,-0.21871547,-0.41682202,-0.092198774,33,3.0
-0.13744143,0.036699828,-0.030735748,0.06845991,0.88551724,0.14103356,0.028855152,-0.06250265,0.021124221,0.087909624,-0.29754102,-0.009006913,-0.014884662,-0.091652215,-0.10036294,-0.16836956,-0.40028316,-0.22938192,-0.021869116,0.099424765,-0.23206595,0.10172964,-0.24125585,-0.1946384,0.04086818,-0.18639232,0.0136849545,-0.2771358,0.0066435635,-0.098639,-0.07075962,-0.11779925,33,1.0
-0.07908472,0.068719015,-0.0055114888,0.0965939,0.79482293,0.12089643,-0.019535916,-0.06654304,-0.03181196,0.049859438,-0.32659775,-0.027198372,-0.056645833,-0.07141027,-0.0372868,-0.14404742,-0.31371588,-0.20681307,-0.0048586205,0.09672062,-0.18427509,0.04764489,-0.22312126,-0.16242343,0.0134566715,-0.17882565,-0.0335124,-0.22541891,-0.0043765977,-0.06722009,-0.039514646,-0.12726042,33,3.0
-0.08184113,0.09343305,0.009098683,-0.04766745,0.61007607,-0.11808708,-0.14732264,-0.11037044,-0.0017921552,-0.26981923,-0.26802808,-0.19211826,0.07395455,-0.0064659454,-0.11284149,0.007924778,-0.21001182,0.020498566,-0.29939443,-0.0046251826,-0.005102519,0.062098715,-0.21394917,-0.25349233,-0.14564352,0.062055748,-0.16832714,0.041444305,-0.086736776,-0.16885903,-0.3382613,-0.06436882,33,4.0
-0.04707233,0.17444965,0.15804979,0.14431715,0.76587236,0.12195556,-0.16133107,-0.17341188,-0.015789196,-0.24055113,-0.49638832,-0.26425254,0.07353874,-0.06974064,-0.007986429,0.00039617345,-0.13023227,0.054457,-0.07274259,-0.1587468,-0.07492153,-0.1232302,-0.26685572,-0.0034064,-0.02385667,-0.25007278,-0.20547192,-0.08907147,-0.1603367,-0.22841163,-0.22261009,-0.11274432,33,2.0
-0.032972682,0.11041629,0.026074167,0.11492628,0.7402072,0.11695012,-0.053673342,-0.07667942,-0.07143666,-0.0047301315,-0.35036847,-0.0642802,-0.079585895,-0.079592764,0.03000745,-0.09248006,-0.24679117,-0.15833972,-0.0027099475,0.05783476,-0.10781051,-0.0049712434,-0.21203494,-0.10488346,-0.016309202,-0.16489357,-0.064836875,-0.16238886,-0.021737345,-0.05941909,-0.014051719,-0.13669778,33,2.0
-0.072323754,0.0060057677,-0.021879738,0.088028744,0.32762176,0.10621673,0.07217132,0.11189462,-0.08615654,0.1378516,0.026983652,0.06781061,0.07748979,0.16968511,0.26567444,0.10601357,0.14074373,0.032337785,-0.122081526,-0.1357685,-0.120743334,0.032911886,0.024639063,0.035400093,-0.016534021,0.039874885,-0.00062435865,-0.21428101,-0.17403597,-0.15620372,0.15353125,0.02172701,33,3.0
-0.04603786,0.18003783,0.1261485,0.13158631,0.76653075,0.15303837,-0.11732963,-0.12637922,-0.06292288,-0.19991553,-0.41265064,-0.20179372,-0.017632617,-0.10068841,0.070438854,0.004404772,-0.13035256,0.013877124,0.008484691,-0.13948993,-0.04444804,-0.113445334,-0.21783137,-0.018768191,-0.02873909,-0.22384335,-0.14450835,-0.10198859,-0.1384778,-0.14280874,-0.099132895,-0.14471684,33,1.0
-0.061283052,0.21037167,0.18688688,0.18100397,0.7922377,0.07440594,-0.21581337,-0.23897551,0.030693121,-0.28557897,-0.5828902,-0.2680993,0.16902205,-0.040143546,-0.04480446,0.012757501,-0.14408849,0.09350892,-0.18870702,-0.16097933,-0.087642774,-0.09411428,-0.31201586,-0.015596803,-0.02090104,-0.23446552,-0.28134596,-0.032065462,-0.14287636,-0.2701277,-0.37360382,-0.09068596,33,3.0
-0.07871098,0.0030792244,-0.037696823,0.09327079,0.32093832,0.119600244,0.06115131,0.10353696,-0.08341493,0.11893752,0.0068789255,0.06749816,0.081394196,0.15346466,0.26421723,0.09262195,0.13754787,0.030408666,-0.11297825,-0.14771935,-0.13358486,0.015030512,0.0062063783,0.044282578,-0.016756795,0.033036955,0.0157269,-0.20006543,-0.16352338,-0.14418079,0.13564213,0.017386623,33,3.0
-0.067521855,0.12189288,0.05242719,-0.009335419,0.5774491,-0.0796306,-0.17023942,-0.13880962,0.012835845,-0.28371933,-0.33362123,-0.1745391,0.09467168,-0.013255149,-0.097042255,0.018903859,-0.19197492,0.059058495,-0.29259014,-0.021150876,0.0014475584,0.054691847,-0.20738888,-0.22827671,-0.1411663,0.038754575,-0.2102488,0.049972255,-0.1098132,-0.1813742,-0.35113895,-0.070123695,33,3.0
-0.16102639,0.029037053,-0.03782015,0.044294007,0.9433334,0.16070563,0.03938826,-0.07044697,0.04662186,0.10019864,-0.27738217,0.0072169807,-0.0009285845,-0.118654504,-0.14526391,-0.18967795,-0.4542011,-0.251452,-0.026359499,0.1073831,-0.2680482,0.11164658,-0.23043841,-0.22003663,0.062293056,-0.18659438,0.027886106,-0.29862216,0.007484384,-0.1226757,-0.08335981,-0.10731545,33,1.0
-0.013687259,0.1250208,0.04539757,0.13032725,0.7347855,0.12017661,-0.06406483,-0.08363177,-0.079973325,-0.02268124,-0.35425398,-0.07669181,-0.08436961,-0.08355123,0.044117533,-0.07484129,-0.21984233,-0.14132142,0.0048402995,0.042074524,-0.08321184,-0.026074015,-0.19766966,-0.08732844,-0.020989602,-0.156194,-0.071995184,-0.13928115,-0.027393466,-0.054809295,0.003650897,-0.1462505,33,2.0
-0.08174908,0.077703685,-0.036324613,-0.07158978,0.60491014,-0.13395299,-0.13716,-0.11530067,-0.0125157535,-0.24854235,-0.21556816,-0.20457052,0.0893057,0.008489784,-0.097348176,0.013890175,-0.19958432,-0.032105956,-0.3090094,-0.0033107847,-0.0069403797,0.06819236,-0.20304218,-0.25491333,-0.12884462,0.07586721,-0.14160356,0.024897788,-0.098700315,-0.1785978,-0.32496187,-0.05153948,33,1.0
-0.06692687,0.12632357,0.07463047,0.004022034,0.59623116,-0.070455186,-0.1738369,-0.13749325,0.01729811,-0.28783658,-0.34317875,-0.17009053,0.08335725,-0.013305593,-0.09804719,0.026441205,-0.20171764,0.078972764,-0.28859067,-0.019300919,-0.00023035333,0.056469582,-0.21153983,-0.22202668,-0.14229363,0.03642769,-0.2130404,0.05329378,-0.10204027,-0.17632492,-0.35670376,-0.081197664,33,1.0
-0.03391712,0.12634294,0.040500168,0.1436965,0.7437459,0.11196545,-0.05804261,-0.0735389,-0.06860381,-0.042276252,-0.37618765,-0.12148188,-0.06840478,-0.06985079,0.058407083,-0.05837118,-0.22140609,-0.10683749,0.0014781505,0.007125683,-0.062286627,-0.014614213,-0.2280966,-0.081851095,-0.02722007,-0.1864279,-0.07242892,-0.14049836,-0.020860419,-0.054117437,-0.0251601,-0.14002687,33,1.0
-0.077542976,0.09984249,0.023302134,-0.038516305,0.59769726,-0.10460569,-0.1501195,-0.11968532,0.00012606382,-0.27083904,-0.27361983,-0.19011357,0.07706793,0.001511082,-0.10687957,0.017791286,-0.20200355,0.029929027,-0.2956593,-0.012410741,-0.0005221665,0.06141266,-0.21302533,-0.24990073,-0.14787583,0.062018164,-0.17649813,0.047396477,-0.097768396,-0.17143242,-0.3376035,-0.073153466,33,2.0
-0.03309826,0.108217314,0.027696047,0.11649932,0.74680847,0.1171306,-0.052065544,-0.079884365,-0.070347585,0.0006857179,-0.34876877,-0.06082505,-0.07903282,-0.07637228,0.024646042,-0.09815107,-0.24945627,-0.16309518,0.0017974675,0.065857396,-0.11332151,-0.0010834206,-0.20949581,-0.10972611,-0.017440708,-0.16625638,-0.06124652,-0.16822036,-0.018595304,-0.056456216,-0.012114136,-0.13848352,33,1.0
-0.080658145,0.0041985437,-0.041881703,0.09665468,0.32017833,0.1263254,0.053097285,0.093744546,-0.08010327,0.108045995,-0.00830745,0.061158027,0.08268298,0.1453176,0.25964984,0.084034435,0.13537227,0.03137982,-0.107595295,-0.15096,-0.13957186,0.0028338674,-0.0038890243,0.041228138,-0.021693274,0.031119313,0.02269282,-0.1965504,-0.15671521,-0.14100097,0.1270779,0.016486607,33,3.0
-0.03218456,0.16983968,0.08886558,0.1290754,0.75781655,0.1295912,-0.10926689,-0.11460005,-0.07729868,-0.16143513,-0.4026126,-0.15928432,-0.04660493,-0.114925474,0.0839432,0.0033030715,-0.16952762,-0.023540806,-0.0082665235,-0.09420173,-0.033327356,-0.11126264,-0.21045172,-0.022171339,-0.025854183,-0.18877138,-0.12996083,-0.09567227,-0.109991424,-0.12511224,-0.05958704,-0.14245842,33,1.0
-0.08916187,-0.0057527013,-0.05062539,0.09211066,0.3323771,0.114091255,0.061885998,0.10231986,-0.09470529,0.10635431,0.0009175576,0.08090024,0.08284005,0.13815245,0.2658074,0.09300129,0.13226476,0.02762413,-0.11355893,-0.16653395,-0.14091977,0.004469673,-0.0022911355,0.05211001,-0.012417812,0.021234572,0.023145782,-0.19950706,-0.17171896,-0.14581747,0.12923472,0.005699564,33,1.0
-0.04608267,0.19337249,0.15844609,0.10807672,0.65469337,-0.017757036,-0.22528817,-0.21339871,0.04268997,-0.3053831,-0.5411618,-0.20719318,0.16084272,-0.011099067,-0.069096975,0.030228276,-0.17089185,0.11920462,-0.27672958,-0.09102185,-0.030178156,-0.006763898,-0.26653323,-0.11676048,-0.059740655,-0.12226665,-0.30345693,0.032314036,-0.13217615,-0.22931878,-0.41003108,-0.08493137,33,1.0
-0.03248786,0.17786866,0.11377427,0.11275685,0.74318904,0.13854867,-0.1321491,-0.11952774,-0.057361364,-0.19779636,-0.40542978,-0.17659529,-0.021900788,-0.120790094,0.062955655,0.013668811,-0.14465591,0.0016136393,-0.0011205375,-0.136547,-0.047249116,-0.1159871,-0.20314139,-0.005309769,-0.014802704,-0.19121777,-0.14574063,-0.0765121,-0.13663289,-0.1507863,-0.08639631,-0.1373827,33,3.0
-0.03547418,0.14930739,0.095689684,0.021764778,0.55337566,-0.07548091,-0.19931443,-0.18183869,0.034242377,-0.29957226,-0.4433097,-0.18516132,0.13940433,-0.012748666,-0.079178564,0.015032811,-0.15309837,0.08435892,-0.29613823,-0.05344901,0.0025677942,0.035509124,-0.22638047,-0.19717802,-0.103042535,-0.038729936,-0.26975295,0.037207153,-0.14565724,-0.22082621,-0.3788105,-0.074680954,33,3.0
-0.056310393,0.120450035,0.058670554,-0.017054152,0.5547385,-0.09128006,-0.17319627,-0.14821827,0.019837402,-0.29039684,-0.3480351,-0.17960313,0.10731732,-0.013106037,-0.0950252,0.012729762,-0.16844986,0.057934232,-0.2982738,-0.031807933,0.0035525933,0.057446357,-0.20977688,-0.23500854,-0.13163163,0.028991885,-0.22067145,0.051100723,-0.124970496,-0.19279598,-0.35280168,-0.07135623,33,4.0
-0.072869375,0.00863969,-0.024582343,0.090323,0.32452774,0.11154324,0.06134837,0.099617064,-0.08230546,0.12906013,0.010728233,0.057714153,0.07771401,0.16059662,0.2568841,0.096488915,0.13969088,0.03428123,-0.11550666,-0.13541819,-0.12465032,0.020181205,0.016040541,0.02773943,-0.02417315,0.03888124,0.008570872,-0.21396847,-0.16536891,-0.15461572,0.14513227,0.021880269,33,3.0
-0.09735297,0.011113051,-0.034019567,0.0880242,0.33602083,0.11028261,0.05500572,0.098674074,-0.06911582,0.112902075,-0.0047377944,0.033047546,0.08662762,0.11277476,0.23868509,0.07511061,0.1245088,0.03635604,-0.094830334,-0.13258035,-0.13932914,-0.0017505921,-0.025430724,0.028946271,-0.02444578,-0.00087336823,0.029604258,-0.20945063,-0.15833849,-0.1548684,0.11632628,0.028872777,33,3.0
-0.084098615,-0.008435167,-0.051385775,0.09215923,0.33025545,0.111855656,0.0634868,0.09847289,-0.10256559,0.10693465,0.00042176712,0.0856428,0.08027126,0.14874052,0.27198908,0.097466335,0.13575232,0.028636418,-0.12067698,-0.17159191,-0.1378061,0.007500571,0.007664062,0.051106445,-0.014076604,0.027219594,0.019744525,-0.20079152,-0.17465329,-0.1453719,0.13509923,-0.0007446632,33,2.0
-0.030637264,0.10953594,0.030127894,0.11167362,0.74274176,0.11787836,-0.05427908,-0.080008164,-0.07361272,-0.0036741793,-0.35021505,-0.057207678,-0.0823006,-0.07927202,0.02552893,-0.09974246,-0.2456237,-0.16027686,0.0022657663,0.06605391,-0.11295794,-0.0040055383,-0.20970032,-0.10942156,-0.018378539,-0.16651085,-0.06518487,-0.16545814,-0.021200497,-0.056515858,-0.010259697,-0.13778163,33,3.0
-0.0866461,0.00023981184,-0.049182694,0.09603953,0.3245733,0.1243064,0.054087408,0.09680219,-0.084901474,0.10175373,-0.010979511,0.06883757,0.084153526,0.13956326,0.26281068,0.085108824,0.13190067,0.030229047,-0.1073361,-0.16061875,-0.14296058,-0.0012034699,-0.008875087,0.04596995,-0.018284123,0.025657604,0.023869785,-0.19381006,-0.15987799,-0.14149983,0.12254856,0.010989845,33,3.0
-0.08297451,-0.0049026012,-0.053134184,0.09524496,0.3261902,0.11966327,0.055665866,0.091796905,-0.097061835,0.0990621,-0.012566248,0.07836984,0.08115836,0.14688516,0.26921356,0.08986988,0.13526702,0.030478418,-0.11573732,-0.17178692,-0.14112024,-0.0012732912,-3.7252903e-05,0.04768513,-0.019371502,0.029181164,0.022363858,-0.1962455,-0.16599928,-0.1422266,0.12777984,0.00087705255,33,2.0
-0.08417889,0.06935493,-0.008989383,0.11290152,0.79057574,0.11305527,-0.0058210306,-0.063451976,-0.029380865,0.04938798,-0.33687985,-0.058240645,-0.047787644,-0.06489773,-0.016353577,-0.11660403,-0.30967253,-0.18509424,-0.011252128,0.072721645,-0.14528647,0.054553512,-0.23577103,-0.13905218,-0.004835261,-0.18019997,-0.02251223,-0.21090353,0.00032658875,-0.06201052,-0.044176422,-0.13255267,33,4.0
-0.05533699,0.1788728,0.15972191,0.16433787,0.77449,0.07926004,-0.18350814,-0.19940709,0.0015778914,-0.25780138,-0.5350801,-0.27410057,0.12530354,-0.04893739,-0.027533308,0.014763283,-0.14133666,0.07157626,-0.13820761,-0.16186857,-0.07761094,-0.11873985,-0.2959666,-0.0050620767,-0.026152201,-0.2573588,-0.24522811,-0.073978975,-0.15879315,-0.2568966,-0.29360306,-0.09858683,33,1.0
-0.0860529,0.07042195,-0.011471767,0.10940389,0.78053755,0.111773536,-0.005585488,-0.057242397,-0.030251566,0.04002105,-0.3420647,-0.062235434,-0.046902243,-0.06541519,-0.00823432,-0.1134589,-0.3055557,-0.17598915,-0.013071805,0.06799321,-0.14257768,0.05618241,-0.24752101,-0.14076826,-0.0046566823,-0.18724504,-0.027280973,-0.21053126,0.0006442219,-0.061324403,-0.047870126,-0.12942998,33,3.0
-0.090617605,-0.00081029907,-0.054927677,0.095519185,0.3281927,0.1241594,0.05145769,0.09486599,-0.086438425,0.09298834,-0.017848285,0.070440486,0.08552442,0.13202113,0.26228303,0.08239481,0.1289249,0.030596867,-0.10586626,-0.16758102,-0.1458982,-0.008620031,-0.015939713,0.04774653,-0.018404726,0.020599572,0.026487859,-0.19159375,-0.15969309,-0.1418488,0.1157497,0.0074933916,33,4.0
-0.087791026,-0.0069571994,-0.054150417,0.09237756,0.33192402,0.11390699,0.05827646,0.09571105,-0.09901673,0.09950735,-0.007598283,0.08168881,0.082217254,0.14036475,0.26804572,0.09190421,0.13382465,0.028974995,-0.11620591,-0.17355765,-0.14185485,-0.0012682639,-0.0019954443,0.05000311,-0.01586923,0.023395322,0.02367243,-0.19944642,-0.17083815,-0.14535457,0.12785563,0.00052151084,33,2.0
-0.055333227,0.20359465,0.18129437,0.17040735,0.7766108,0.0578097,-0.21466106,-0.23179506,0.02855695,-0.2822687,-0.5781195,-0.26452464,0.16349846,-0.03333323,-0.047861174,0.016825318,-0.15227698,0.094102584,-0.199325,-0.15222117,-0.079225406,-0.08695645,-0.3065933,-0.021589596,-0.022335416,-0.22689815,-0.28427437,-0.025496664,-0.14166063,-0.2629704,-0.37089282,-0.09053677,33,4.0
-0.066275656,0.19153753,0.17651136,0.17031503,0.78226817,0.08169542,-0.19605513,-0.22602277,0.014531955,-0.2831745,-0.5646635,-0.2782352,0.146848,-0.04101157,-0.0344554,0.004326757,-0.1386895,0.086776026,-0.16909105,-0.15076771,-0.08280995,-0.106195845,-0.301944,-0.018122353,-0.031370856,-0.24743237,-0.25978294,-0.06581289,-0.15097585,-0.26949224,-0.33242816,-0.09734067,33,1.0
-0.05946248,0.13480736,0.079040945,0.007215644,0.5703157,-0.06390679,-0.18043,-0.15525858,0.0212548,-0.2929462,-0.36614156,-0.17563796,0.10381477,-0.009917427,-0.09145535,0.02466385,-0.18056835,0.07746924,-0.29190984,-0.032706182,0.0033788271,0.051368274,-0.21238443,-0.21972503,-0.13378225,0.020720324,-0.23013753,0.053026445,-0.12194452,-0.1919902,-0.36080536,-0.081279024,33,1.0
-0.044054933,0.18199408,0.11375034,0.13181145,0.7694558,0.1436055,-0.12266555,-0.12408775,-0.063248575,-0.19649662,-0.412321,-0.19192652,-0.017477548,-0.10879211,0.07345112,0.019031428,-0.14521027,0.00836391,-0.0016149804,-0.13792147,-0.038394473,-0.12593627,-0.21302179,-0.009935679,-0.021914246,-0.2130635,-0.14976472,-0.09214879,-0.14207137,-0.15051657,-0.09503733,-0.14208584,33,1.0
-0.083044305,0.07211476,-0.047314905,-0.08149503,0.60682565,-0.14610702,-0.13547939,-0.11602704,-0.011850908,-0.24684773,-0.20954968,-0.21047196,0.094966345,0.00951786,-0.09675198,0.0086670425,-0.19205748,-0.04634163,-0.31588557,-0.005702965,-0.010757782,0.07227622,-0.20317355,-0.26001653,-0.11964075,0.07579085,-0.1355622,0.021971226,-0.10304144,-0.18385558,-0.3254655,-0.04904902,33,4.0
-0.08254675,-0.0018333048,-0.04434228,0.09264149,0.32599953,0.11641535,0.06359343,0.10550925,-0.09054935,0.11437492,0.0067929844,0.077259615,0.081873335,0.14991131,0.26834932,0.09481555,0.13548961,0.028570846,-0.114827044,-0.15774542,-0.13613094,0.0132373255,0.004772313,0.050509423,-0.012533105,0.028788153,0.017076181,-0.19904374,-0.16894522,-0.14486457,0.13429005,0.011419766,33,4.0
-0.07574064,0.0021427125,-0.04510772,0.096265525,0.31953865,0.12484698,0.054374002,0.092446834,-0.08989231,0.10418649,-0.011383159,0.07296473,0.08089954,0.15771031,0.26984254,0.08848773,0.13915476,0.030925155,-0.11442551,-0.1626935,-0.13859963,0.003834106,0.0036383718,0.044251874,-0.020444145,0.038433146,0.015806874,-0.19487774,-0.16032912,-0.14101118,0.13074073,0.008959435,33,2.0
-0.049845703,0.17206088,0.13725899,0.06941664,0.60741085,-0.033007555,-0.21230908,-0.18940213,0.039696783,-0.3095793,-0.47807738,-0.18315011,0.13606033,-0.011647336,-0.07815538,0.033111673,-0.1744389,0.11719512,-0.28676808,-0.06214248,-0.012579393,0.025141593,-0.23808819,-0.16473164,-0.09134316,-0.055813745,-0.28065315,0.04751494,-0.12936462,-0.20960377,-0.39375445,-0.089561716,33,2.0
-0.060532525,0.19291994,0.16017395,0.102373496,0.6463138,-0.006112132,-0.22517498,-0.19906195,0.044325843,-0.31394678,-0.5138778,-0.18619345,0.14337921,-0.009466276,-0.07145913,0.03865883,-0.1778106,0.12859142,-0.27882808,-0.07581173,-0.026875157,0.012898973,-0.2486813,-0.135725,-0.073090576,-0.07828354,-0.29178986,0.0523431,-0.11935053,-0.2091244,-0.40665272,-0.093474105,33,1.0
-0.044545695,0.1570186,0.12673001,0.13734965,0.73797154,0.091717914,-0.15522426,-0.14167358,-0.028969597,-0.22239523,-0.47046942,-0.25504193,0.05692924,-0.06842235,0.0046600266,0.019173086,-0.1477242,0.04134389,-0.06981288,-0.15457112,-0.060766578,-0.13011697,-0.25396496,-6.981986e-05,-0.02341093,-0.25504357,-0.19734952,-0.09669367,-0.15625936,-0.21269698,-0.18652746,-0.10761544,33,3.0
-0.048482634,0.20160985,0.1689522,0.12289357,0.6774153,-0.008095391,-0.23026462,-0.2199382,0.04482834,-0.3052772,-0.5571376,-0.21259964,0.16541612,-0.01209496,-0.06766086,0.030207837,-0.17068179,0.12217561,-0.2718392,-0.100718245,-0.039756186,-0.014340546,-0.27454555,-0.10189265,-0.05027543,-0.13628305,-0.30685914,0.03215769,-0.12859479,-0.23321156,-0.41565636,-0.08566266,33,3.0
-0.060188368,0.1904468,0.1684504,0.1745349,0.7822479,0.07197154,-0.19721386,-0.21741746,0.012313135,-0.26958182,-0.5592138,-0.27461118,0.14867595,-0.0421432,-0.03810874,0.014713931,-0.14636162,0.07951643,-0.16432469,-0.16135381,-0.079002574,-0.1078321,-0.30634162,-0.009214062,-0.029535495,-0.2518221,-0.26466706,-0.057115912,-0.1518513,-0.26456663,-0.3345186,-0.09244813,33,2.0
-0.086049385,0.0037239045,-0.045852013,0.09625587,0.32331824,0.12568454,0.051509634,0.09554835,-0.07934454,0.10166058,-0.01239877,0.062695816,0.085398786,0.13897826,0.2601309,0.08173273,0.13259989,0.030463189,-0.10445837,-0.15554032,-0.14367634,-0.0026251301,-0.0121499,0.04305785,-0.019229366,0.02651094,0.023914015,-0.19428438,-0.15624101,-0.14130245,0.12166439,0.01615256,33,4.0
-0.026748607,0.16534707,0.09574729,0.1087874,0.735535,0.11259412,-0.14046687,-0.124705315,-0.059200738,-0.19179659,-0.41687945,-0.16403733,-0.027923103,-0.13663521,0.062277723,0.005484123,-0.155111,0.0005228743,-0.02528195,-0.12809946,-0.052478496,-0.13786489,-0.20950535,-0.0070510865,-0.012149796,-0.1916693,-0.148392,-0.095409,-0.1403586,-0.17144227,-0.08435514,-0.120723546,33,4.0
-0.0363145,0.16554758,0.121513024,0.057558883,0.58724695,-0.055465467,-0.21021757,-0.19463895,0.03597811,-0.30275425,-0.49026048,-0.19336605,0.1497707,-0.011588633,-0.0723924,0.022182073,-0.1599989,0.10058891,-0.2879022,-0.06821124,-0.008397687,0.015340874,-0.2437554,-0.1632462,-0.08486851,-0.078954436,-0.28970993,0.03083218,-0.14351033,-0.22512381,-0.3888564,-0.07850098,33,2.0
-0.078866936,0.0012858286,-0.041117944,0.09730312,0.32170784,0.12542444,0.057191804,0.09557216,-0.084270276,0.11182439,-0.003828534,0.06819077,0.0824009,0.15138586,0.26408863,0.08931586,0.13659902,0.030837469,-0.111288935,-0.15337145,-0.13908885,0.0076376963,0.0027230904,0.043195426,-0.018874995,0.0344998,0.020234989,-0.19665647,-0.16105917,-0.14016017,0.13245998,0.012895733,33,4.0
-0.0602818,0.18103394,0.14098598,0.15013944,0.77578723,0.14565013,-0.13703209,-0.16235173,-0.036881655,-0.23772542,-0.45860073,-0.24713548,0.049839742,-0.086480364,0.039553743,0.0057539493,-0.10425322,0.051830612,-0.03155956,-0.16780263,-0.06636499,-0.13881421,-0.25222793,-0.015186478,-0.028742677,-0.26913047,-0.17781875,-0.12667316,-0.17342901,-0.2174493,-0.18014917,-0.12622611,33,4.0
-0.09110549,0.08316024,0.0010258928,-0.057301853,0.62662923,-0.124676496,-0.1392206,-0.09927419,-0.011183359,-0.26707864,-0.24800515,-0.20343772,0.06645466,-0.0029994398,-0.117527924,0.005980972,-0.21962176,0.008807428,-0.29861313,0.0005471725,-0.0056756884,0.05930362,-0.2215012,-0.262056,-0.14781033,0.06558876,-0.15727904,0.03832797,-0.07368342,-0.16053659,-0.3311298,-0.064651206,33,1.0
-0.013615487,0.17427674,0.09765971,0.12762378,0.74824405,0.14598063,-0.10320798,-0.108416095,-0.08168232,-0.14365388,-0.38386795,-0.13642617,-0.05862372,-0.120213434,0.08350017,-0.002305042,-0.1608605,-0.04067967,0.008125819,-0.08303127,-0.031708598,-0.09575595,-0.19221008,-0.026331393,-0.022576181,-0.1619254,-0.12021719,-0.076791085,-0.094696194,-0.10251941,-0.02988499,-0.1545743,33,2.0
-0.05202481,0.20409462,0.17896126,0.1429191,0.71966153,0.02215786,-0.2257649,-0.22706516,0.039189428,-0.3018875,-0.57411104,-0.23668228,0.16640699,-0.016762715,-0.054886736,0.025892748,-0.1628248,0.11251234,-0.24800344,-0.12010516,-0.05695133,-0.044693254,-0.2867968,-0.0652238,-0.03147407,-0.17350458,-0.30476537,0.012506439,-0.13315481,-0.24427827,-0.39531955,-0.090096116,33,2.0
-0.050443247,0.18934348,0.15169609,0.09648551,0.6368039,-0.020937048,-0.22270176,-0.20554681,0.042982414,-0.30775204,-0.52120775,-0.19497146,0.1534175,-0.010854591,-0.07286864,0.032384783,-0.17301503,0.12116075,-0.28189856,-0.08022043,-0.023560487,0.0066600004,-0.25572482,-0.13484988,-0.07236966,-0.095518604,-0.29706272,0.041116633,-0.12978226,-0.22037484,-0.4086214,-0.08586027,33,4.0
-0.10095166,0.054488435,-0.015799517,0.086407825,0.83622515,0.1285653,-0.0010084882,-0.06472321,-0.010663502,0.07295206,-0.31240892,-0.019052843,-0.043372452,-0.07488547,-0.06904668,-0.1612045,-0.35311115,-0.21971723,-0.010614552,0.10233161,-0.20917192,0.0727226,-0.22815543,-0.1785299,0.023152744,-0.18223771,-0.012957511,-0.251237,0.0022181347,-0.0789023,-0.054084204,-0.122543186,33,3.0
-0.10578176,0.050013326,-0.020455876,0.052200332,0.86128867,0.14565381,-0.015573023,-0.07699141,-0.00649634,0.065047696,-0.30966482,0.016856797,-0.05356793,-0.09171009,-0.10903977,-0.20632613,-0.38003808,-0.25124574,0.00748083,0.12625937,-0.26553085,0.058509294,-0.21002501,-0.21621673,0.048296954,-0.18767685,-0.028911883,-0.2633936,-0.0063288324,-0.09143302,-0.06059636,-0.10786882,33,2.0
-0.15735112,0.028835017,-0.035827138,0.05484588,0.9211889,0.15808289,0.0425125,-0.061277155,0.040717207,0.10080707,-0.2826326,-0.00094244257,0.0007204674,-0.10912341,-0.12498509,-0.17618269,-0.43592805,-0.23895815,-0.026474476,0.09899929,-0.24837929,0.11381078,-0.24215055,-0.21043587,0.0532419,-0.18870603,0.025677403,-0.2920269,0.0075678453,-0.11253105,-0.07911551,-0.11467424,33,2.0
-0.06747021,0.07343866,0.0052122697,0.10129668,0.79554677,0.1147206,-0.030692725,-0.0773976,-0.04101104,0.04586821,-0.33034793,-0.024112131,-0.06511901,-0.069942236,-0.037792586,-0.14612688,-0.3007124,-0.20814964,0.0017410815,0.1048269,-0.18214348,0.03360142,-0.20861608,-0.15743794,0.006462087,-0.17538479,-0.038279112,-0.21930593,-0.008169971,-0.0638113,-0.027937967,-0.13098873,33,4.0
-0.086679004,0.0012638271,-0.046151496,0.09287371,0.32517064,0.11957093,0.057910733,0.10218769,-0.083631575,0.10903835,-0.00041725906,0.06665592,0.08300092,0.13800308,0.2603045,0.08685647,0.13187909,0.030019887,-0.10782247,-0.15378734,-0.13878514,0.004858763,-0.0063403323,0.04776097,-0.016554477,0.022480931,0.023468724,-0.19734174,-0.1624772,-0.1443735,0.125618,0.014688853,33,1.0
-0.01434453,0.15988842,0.082327455,0.1381291,0.74164844,0.13315198,-0.091489375,-0.098120734,-0.083766975,-0.11333704,-0.37999147,-0.13208401,-0.06697913,-0.10399763,0.080075294,-0.015995465,-0.1738923,-0.061919782,0.005182028,-0.050852012,-0.034470048,-0.07797881,-0.198015,-0.03968773,-0.027396085,-0.16648611,-0.10681952,-0.09224875,-0.07047288,-0.08358394,-0.017860632,-0.15511183,33,3.0
-0.07580804,0.0074525867,-0.02515935,0.090762675,0.3247307,0.11230309,0.063510165,0.10334652,-0.07950549,0.1317828,0.014802118,0.056328233,0.0800481,0.15572654,0.25599837,0.096393846,0.13828737,0.03392996,-0.11357379,-0.1326933,-0.12598953,0.021580856,0.012553342,0.0303287,-0.02130972,0.034266524,0.012291588,-0.21248895,-0.1653429,-0.15218341,0.14340423,0.02392273,33,1.0
-0.05171535,0.18065497,0.13703436,0.13363451,0.7603198,0.14550178,-0.13406205,-0.14524134,-0.044192854,-0.22295316,-0.43396357,-0.23166078,0.026272874,-0.09346485,0.042131536,0.014051976,-0.117024004,0.038702317,-0.016891547,-0.16102119,-0.05493575,-0.13070199,-0.23273367,-0.009776187,-0.023917394,-0.2508152,-0.1700446,-0.10848428,-0.16782072,-0.1926248,-0.15032402,-0.13245593,33,2.0
-0.1460983,0.034140907,-0.035654042,0.08027999,0.8567199,0.1417565,0.04775682,-0.046855148,0.02239906,0.08126792,-0.30921584,-0.033738915,-0.0033729915,-0.087515354,-0.06490251,-0.1402579,-0.38112938,-0.20086691,-0.025453534,0.07397038,-0.18875253,0.11416606,-0.27337283,-0.18213718,0.02401226,-0.19845377,0.018281436,-0.26792634,0.010095164,-0.08439143,-0.07099429,-0.12497571,33,1.0
-0.02675288,0.15263656,0.067389086,0.1306561,0.7448072,0.123880595,-0.08757547,-0.09475146,-0.08117151,-0.10771231,-0.3913611,-0.13813648,-0.064478494,-0.093875825,0.08020273,-0.028630193,-0.19470735,-0.06707369,-0.004417613,-0.04056396,-0.04088857,-0.06772235,-0.21723238,-0.043593697,-0.03362663,-0.18033081,-0.10370837,-0.111614406,-0.06340407,-0.08866733,-0.03528963,-0.14225985,33,1.0
-0.16736613,0.02802293,-0.040403906,0.040671095,0.95095015,0.16588101,0.045291424,-0.07039367,0.052382007,0.10165517,-0.27521202,0.0073897187,0.0033054724,-0.124862835,-0.14954495,-0.19025984,-0.46546108,-0.25121656,-0.027279425,0.10587074,-0.26914603,0.11680581,-0.23404983,-0.22417328,0.06353113,-0.18788268,0.032077603,-0.30301064,0.008871295,-0.12627561,-0.08737355,-0.1061994,33,3.0
-0.01502152,0.15785012,0.074174166,0.12733543,0.73532104,0.12687129,-0.09624128,-0.101668775,-0.08581791,-0.117614195,-0.38381132,-0.124436796,-0.071206495,-0.11493544,0.078441665,-0.018225506,-0.18025881,-0.06530898,-0.006961614,-0.04962411,-0.038884245,-0.08355793,-0.19962013,-0.038443573,-0.025131831,-0.16093278,-0.107582286,-0.094229594,-0.07686293,-0.09660873,-0.022089604,-0.14760739,33,1.0
-0.04292047,0.14344111,0.12682495,0.13983007,0.71415234,0.038884412,-0.17191193,-0.15571284,-0.021059126,-0.23389338,-0.5030286,-0.26667044,0.09086879,-0.030927163,-0.020925937,0.018504418,-0.15573469,0.048855573,-0.14063093,-0.13969976,-0.057458654,-0.1164907,-0.2776781,-0.013271382,-0.030446932,-0.2540112,-0.23088618,-0.08174801,-0.14543432,-0.22549918,-0.2437463,-0.094050884,33,4.0
-0.056064993,0.11378291,0.033358146,-0.034548342,0.54412425,-0.09927817,-0.16629684,-0.14877944,0.01703889,-0.28323123,-0.3213456,-0.18527763,0.111748986,-0.009369373,-0.09242383,0.00842542,-0.16180637,0.033469893,-0.30484578,-0.02966516,0.0070239007,0.062266063,-0.20302966,-0.24273135,-0.13165282,0.039082255,-0.20672421,0.047760982,-0.13181102,-0.1990865,-0.34783223,-0.065610476,33,2.0
-0.05692604,0.16368619,0.12294327,0.05541143,0.5994248,-0.036721446,-0.20393519,-0.17608097,0.0353121,-0.30531502,-0.44306058,-0.17356224,0.12001962,-0.011262912,-0.084159836,0.034032755,-0.18225126,0.112845294,-0.28698593,-0.049865965,-0.00796517,0.036483422,-0.2276378,-0.1814117,-0.108889885,-0.025174685,-0.26361656,0.053265877,-0.12247923,-0.19938917,-0.38683924,-0.08983872,33,3.0
-0.017748185,0.13282356,0.05264746,0.12998079,0.7348172,0.11909944,-0.06871967,-0.08487424,-0.0812686,-0.049949374,-0.36839527,-0.098002255,-0.07899104,-0.084330186,0.059048787,-0.06022197,-0.21212201,-0.11314784,0.0029633194,0.018112184,-0.065454245,-0.033705987,-0.21002305,-0.074362725,-0.028962167,-0.16886055,-0.08151939,-0.130583,-0.034150273,-0.06035418,-0.008523578,-0.14539288,33,2.0
-0.11564719,0.051614005,-0.06339611,-0.095398426,0.6813849,-0.17402296,-0.119449705,-0.07395843,-0.032232683,-0.24921729,-0.19436358,-0.23756002,0.06725921,0.016071137,-0.13267283,-0.0058319606,-0.23449214,-0.056132015,-0.31297937,0.009366859,-0.022272993,0.058972914,-0.24233916,-0.2842894,-0.12515566,0.06675273,-0.11584601,0.015944492,-0.056241583,-0.15084271,-0.32674548,-0.05823877,33,3.0
-0.14404118,0.034134723,-0.03264561,0.055425547,0.91607916,0.14820105,0.029172733,-0.06791721,0.029629238,0.096853375,-0.28801742,0.0016004611,-0.014158522,-0.102346644,-0.12723228,-0.18515879,-0.42953432,-0.24226522,-0.022266045,0.10761203,-0.2527982,0.10369783,-0.2308996,-0.20733759,0.04655195,-0.1837863,0.01790929,-0.28774965,0.006044425,-0.110486746,-0.07754242,-0.1122711,33,4.0
-0.022496443,0.11753734,0.038297858,0.12572199,0.7381252,0.11533097,-0.060812034,-0.08401817,-0.07727727,-0.017916717,-0.35348538,-0.07090249,-0.081130624,-0.08145888,0.037567455,-0.080596246,-0.22860886,-0.14725672,0.0026749745,0.051921964,-0.09329857,-0.020040952,-0.20103696,-0.09467822,-0.021245148,-0.1612731,-0.06931596,-0.149294,-0.026051491,-0.055515848,-0.0018095816,-0.14402263,33,4.0
-0.0575469,0.10055614,0.016618948,-0.05928907,0.53871393,-0.12686458,-0.16055843,-0.14052336,0.016188689,-0.28274083,-0.3066744,-0.19268255,0.111819156,-0.009421308,-0.09557336,-0.0044000186,-0.14808863,0.012411587,-0.31132495,-0.030286934,0.00377829,0.069923416,-0.20281169,-0.25807166,-0.12357713,0.04601237,-0.19631286,0.047219772,-0.13098559,-0.20086095,-0.3428302,-0.059692994,33,2.0
-0.017803935,0.17320949,0.09504904,0.12342973,0.74686193,0.14062274,-0.10827532,-0.11145228,-0.08030281,-0.15249257,-0.38940722,-0.13988379,-0.056743875,-0.12392019,0.08242467,-0.00036015175,-0.16272059,-0.035398796,0.0003809631,-0.08921249,-0.033765554,-0.10141264,-0.1956032,-0.023579206,-0.021862654,-0.16463594,-0.12316695,-0.07829343,-0.10140768,-0.114132285,-0.038550545,-0.15035811,33,1.0
-0.07798316,0.0017850175,-0.04175183,0.096450254,0.31889236,0.12484716,0.056635953,0.09564547,-0.08534416,0.11179264,-0.00445762,0.06715791,0.08057649,0.15267585,0.26404825,0.08944583,0.13720371,0.031381436,-0.112262465,-0.15338404,-0.13643602,0.008339346,0.004108429,0.04250978,-0.020977622,0.034701966,0.018964155,-0.19653325,-0.16010985,-0.14106914,0.1319629,0.012268756,33,4.0
-0.11063711,0.04874132,-0.019562256,0.079763874,0.8490169,0.12643585,0.005313199,-0.06617817,-0.0036781505,0.07452869,-0.31321803,-0.015160978,-0.039553933,-0.077791706,-0.07843811,-0.16681027,-0.36479712,-0.22242087,-0.0114071295,0.10545041,-0.2189512,0.07885157,-0.23236677,-0.1850777,0.027911957,-0.18626359,-0.00761934,-0.25908968,0.0026252382,-0.08386634,-0.05753807,-0.12026784,33,3.0
-0.073339924,0.0015953481,-0.024673799,0.091796786,0.32847458,0.11046905,0.072512545,0.107757255,-0.08891853,0.13614987,0.02278015,0.0714598,0.07833257,0.16879512,0.26711175,0.10679518,0.13958853,0.032371923,-0.12214731,-0.1398098,-0.12424832,0.031436592,0.025153033,0.036545664,-0.015944447,0.04006016,0.0033124257,-0.21050805,-0.17445174,-0.15152426,0.15363641,0.015475698,33,3.0
-0.054387905,0.21714759,0.1899471,0.157243,0.7394184,0.030846545,-0.23495169,-0.23677115,0.04612325,-0.30291247,-0.5863474,-0.2376792,0.17574042,-0.019337226,-0.05720663,0.02523012,-0.16200483,0.1159571,-0.24670577,-0.12969056,-0.06467966,-0.045197785,-0.29406044,-0.056057975,-0.02523712,-0.17967406,-0.30657575,0.019415323,-0.12743047,-0.2482134,-0.41335797,-0.08871341,33,1.0
-0.11447705,0.042789597,-0.08834431,-0.10885623,0.6760597,-0.18998764,-0.119044244,-0.07555844,-0.032028846,-0.24591632,-0.18168116,-0.23763299,0.0766043,0.014904741,-0.12725364,-0.011193637,-0.22175093,-0.08125331,-0.3208109,0.008548124,-0.031620678,0.066363305,-0.23896423,-0.28524938,-0.10342094,0.06772902,-0.10862241,0.007957779,-0.059893824,-0.15599355,-0.32477546,-0.045674067,33,2.0
-0.05671712,0.19439906,0.17902195,0.17257296,0.8006142,0.10704738,-0.19197771,-0.21863504,0.014796846,-0.27246547,-0.55735797,-0.27368313,0.13087371,-0.055762727,-0.03069356,0.001290692,-0.13435358,0.079090945,-0.13935336,-0.16215642,-0.09247075,-0.116090305,-0.3015587,-0.0041714674,-0.018815652,-0.24289729,-0.24859466,-0.060648147,-0.15457012,-0.26217514,-0.31113747,-0.10077222,33,1.0
-0.053983577,0.17481753,0.1272143,0.13593754,0.7589742,0.13773698,-0.13078986,-0.13071823,-0.050941207,-0.22018138,-0.43266657,-0.23278128,0.009165971,-0.09252401,0.04992654,0.010477383,-0.13083231,0.028678551,-0.011579692,-0.1524737,-0.051645424,-0.12459832,-0.23085669,-0.010124072,-0.024453536,-0.24438749,-0.15636651,-0.109618336,-0.15356624,-0.17543705,-0.13102509,-0.13611463,33,3.0
-0.051665932,0.17728695,0.13698992,0.13442588,0.7574634,0.13629189,-0.13967386,-0.14844488,-0.039312992,-0.22637571,-0.44437242,-0.2394554,0.03607041,-0.088421375,0.034210652,0.013672505,-0.12094714,0.040809065,-0.028682698,-0.16155201,-0.057805996,-0.13296759,-0.2393904,-0.005841727,-0.023320649,-0.2536763,-0.1766066,-0.10927965,-0.1684275,-0.20268014,-0.16215515,-0.12655541,33,3.0
-0.08543383,0.071204945,-0.03301985,-0.08721666,0.5920302,-0.15740679,-0.1373499,-0.108617514,-0.005730301,-0.2652711,-0.23834012,-0.21251902,0.09353471,0.0012018606,-0.11032205,-0.00899468,-0.1775678,-0.033555333,-0.3154693,-0.014384888,-0.010929804,0.07139559,-0.21458879,-0.27399725,-0.11937009,0.06550689,-0.149884,0.03595385,-0.0995439,-0.1782235,-0.32907075,-0.051488638,33,2.0
-0.075264454,0.0036021248,-0.012013026,0.08920494,0.33538932,0.10207902,0.07916484,0.110381484,-0.08080054,0.15532735,0.039526545,0.055950675,0.0828942,0.16075808,0.25379416,0.110734835,0.13955967,0.035560496,-0.11993408,-0.11861928,-0.117074415,0.038747046,0.024745166,0.025433676,-0.015755609,0.032135822,0.012178976,-0.22478773,-0.1774078,-0.15612897,0.16093919,0.023717638,33,3.0
-0.08734191,0.0013304912,-0.05098536,0.09663275,0.32472017,0.12599103,0.050943337,0.094311975,-0.083970726,0.096444905,-0.016838966,0.067781925,0.08508601,0.1378835,0.26265857,0.08234491,0.1313015,0.03048148,-0.10577418,-0.16316281,-0.14482641,-0.0058478247,-0.012998093,0.04524012,-0.019294607,0.025477994,0.024283906,-0.19217375,-0.15751973,-0.14106141,0.118826315,0.01085072,33,2.0
-0.086246744,-0.003825087,-0.049272038,0.09357405,0.3297332,0.11627613,0.05834052,0.097449735,-0.09375224,0.104670644,-0.004813591,0.07645929,0.08197139,0.14282867,0.265797,0.09114355,0.13375252,0.029130057,-0.11348444,-0.16540997,-0.14066568,0.0021226536,-0.0014717728,0.047302805,-0.016491046,0.025628692,0.021786733,-0.20007208,-0.16814622,-0.14557737,0.12978049,0.0059521534,33,4.0
-0.032159477,0.114975125,0.035342973,0.13781229,0.74028575,0.108242184,-0.051484037,-0.07299088,-0.06708969,-0.020104121,-0.36551535,-0.09782551,-0.072555736,-0.06806421,0.04226075,-0.076474845,-0.23102678,-0.12832226,0.0027441084,0.03523204,-0.083247766,-0.0037543084,-0.22313932,-0.09672616,-0.022553258,-0.18152693,-0.06595761,-0.1549966,-0.015563954,-0.050631095,-0.015327459,-0.13934024,33,1.0
-0.0819736,-0.0037630796,-0.04745183,0.09609194,0.32354784,0.12230078,0.061477482,0.10129799,-0.09308384,0.10916728,-0.0021047844,0.08188787,0.08253642,0.15363288,0.27222127,0.0948866,0.13575086,0.028821662,-0.115487605,-0.16483748,-0.13927543,0.010203658,0.005327195,0.050345838,-0.0139467325,0.0329757,0.016597075,-0.19315493,-0.1668843,-0.14049968,0.1319401,0.0056635216,33,1.0
-0.1301511,0.041479006,-0.031028017,0.08893451,0.8344681,0.12750024,0.034994952,-0.05010816,0.0084117055,0.07093795,-0.32050717,-0.039066367,-0.014424343,-0.07732783,-0.051380705,-0.13411455,-0.36025494,-0.19597223,-0.02193974,0.07610446,-0.17983569,0.09958707,-0.2670067,-0.1711238,0.017404092,-0.19347017,0.0061572455,-0.25266027,0.00737831,-0.07813287,-0.065014146,-0.12607034,33,3.0
-0.027764436,0.17328024,0.10938221,0.13300513,0.7553593,0.14574893,-0.104640886,-0.11144288,-0.074119054,-0.16373645,-0.4005044,-0.1670179,-0.04494842,-0.10375364,0.08015027,-0.007824186,-0.1504761,-0.017592218,0.012732714,-0.10155913,-0.035626628,-0.09378242,-0.21055964,-0.030192012,-0.028934423,-0.19513807,-0.12807791,-0.09301914,-0.10149303,-0.105832234,-0.057957888,-0.14894693,33,2.0
-0.034898754,0.14369413,0.106003046,0.1320065,0.7192839,0.087050036,-0.15083383,-0.117318034,-0.044841044,-0.20220281,-0.45271048,-0.22359163,0.013962768,-0.08843127,0.03355119,-0.00070321,-0.14655606,0.010858975,-0.048710186,-0.14338972,-0.06710635,-0.14118543,-0.23817882,0.0031642765,-0.019475386,-0.23848899,-0.16707283,-0.12143701,-0.13783416,-0.19226389,-0.12489729,-0.10169849,33,2.0
-0.05045806,0.09058516,0.013484754,0.10073379,0.7622713,0.116242655,-0.038007103,-0.073772594,-0.059920106,0.026466668,-0.34251362,-0.03956715,-0.07737811,-0.074282184,-0.004800572,-0.12523809,-0.27958024,-0.18335272,0.0019070804,0.08615342,-0.14794712,0.019064125,-0.21908215,-0.13500468,-0.008220412,-0.17331116,-0.05259402,-0.193952,-0.015610639,-0.060407467,-0.023130989,-0.13153218,33,3.0
-0.060001783,0.17932868,0.14754261,0.1624809,0.7786282,0.11996992,-0.15851161,-0.17730483,-0.017783083,-0.24786796,-0.49712008,-0.2661526,0.08927445,-0.071624264,0.0060804845,0.010889908,-0.12174921,0.05952371,-0.07229238,-0.17167753,-0.07259327,-0.13748288,-0.27511984,-0.003697137,-0.028137596,-0.2705266,-0.2078378,-0.109692365,-0.17117466,-0.2427249,-0.23111817,-0.11029594,33,1.0
-0.0733155,0.008780256,-0.029820342,0.09214884,0.31848454,0.119170845,0.058741875,0.10132763,-0.07965229,0.12188278,0.006364001,0.062246915,0.08003095,0.160819,0.2621108,0.09202629,0.1411501,0.031433277,-0.11359142,-0.14151223,-0.13018395,0.016792752,0.010270461,0.037173264,-0.02029049,0.040086444,0.009222077,-0.20364164,-0.16081616,-0.14732894,0.13897404,0.022836003,33,3.0
-0.07116368,0.18899062,0.15491012,0.097469434,0.6446155,0.0037242025,-0.22104673,-0.18408835,0.03984525,-0.3142859,-0.48838887,-0.17328936,0.12510645,-0.0071971826,-0.06890227,0.044476442,-0.18711835,0.12799099,-0.2744792,-0.063082635,-0.022275034,0.021156125,-0.23360807,-0.14264393,-0.08294482,-0.050003387,-0.27853447,0.060024522,-0.10785888,-0.1942411,-0.3962016,-0.09815699,33,3.0
-0.023278873,0.13770926,0.05192018,0.13158324,0.7328453,0.11452699,-0.07601531,-0.08732721,-0.08063038,-0.07344304,-0.37688512,-0.1132295,-0.07216062,-0.0903786,0.0685721,-0.043495096,-0.20472036,-0.09575238,-0.0057004243,-0.0036635883,-0.05560362,-0.048301585,-0.21392259,-0.06485507,-0.027689824,-0.17316502,-0.09079362,-0.12448368,-0.045997303,-0.07187216,-0.019300204,-0.14182347,33,3.0
-0.08489074,0.06286954,-0.011281196,0.08143318,0.8060256,0.13715714,-0.0196491,-0.05882973,-0.02433537,0.059730522,-0.31254745,-0.0070545375,-0.0551848,-0.078576416,-0.059297692,-0.16518272,-0.33043498,-0.22342864,-0.0025981143,0.10507828,-0.21340117,0.05118751,-0.2195172,-0.18577842,0.032614853,-0.17944099,-0.03800543,-0.23794365,-0.0061701015,-0.07157591,-0.043764826,-0.12155786,33,3.0
-0.0603849,0.19431508,0.16274056,0.10544363,0.6519928,-0.00417557,-0.22633225,-0.19930169,0.045104787,-0.31390423,-0.51845646,-0.18656786,0.14352798,-0.0096360035,-0.07044811,0.038970795,-0.17939018,0.12920308,-0.2785086,-0.07632461,-0.027819455,0.011381092,-0.24935555,-0.13110827,-0.07007216,-0.080845386,-0.2922047,0.05293121,-0.11746814,-0.20839219,-0.4071809,-0.09342717,33,4.0
-0.07841496,0.06653436,-0.0033618808,0.09514393,0.8015483,0.11685287,-0.022566197,-0.07545236,-0.033489645,0.051032342,-0.32672158,-0.018551499,-0.05800803,-0.07290918,-0.04645114,-0.1501554,-0.31635094,-0.21563461,-0.0024074018,0.10554978,-0.19275987,0.03920155,-0.21240637,-0.16290142,0.012909771,-0.17359996,-0.034161456,-0.22615927,-0.008910619,-0.0699099,-0.036464322,-0.12919448,33,2.0
-0.07608497,-0.0024274439,-0.041208293,0.09418124,0.32392254,0.11587521,0.06254511,0.096085355,-0.09596427,0.115947425,0.0020686327,0.07491213,0.07706511,0.15969576,0.26870742,0.097445585,0.13811481,0.03183782,-0.11987087,-0.15789124,-0.13198316,0.013957271,0.01485201,0.04209028,-0.020328432,0.036080997,0.01403263,-0.20277216,-0.1693125,-0.1457952,0.1412988,0.0051241033,33,4.0
-0.048328,0.09167927,0.016377706,0.11754739,0.7676706,0.11305062,-0.03703548,-0.0731709,-0.0557685,0.028372014,-0.3427019,-0.054069314,-0.0730252,-0.0677854,0.0001847297,-0.1137027,-0.27360117,-0.17801355,0.0017742515,0.07916148,-0.13339844,0.020667173,-0.21443716,-0.12793039,-0.010242474,-0.17262834,-0.047030136,-0.18699871,-0.009422772,-0.05497555,-0.019243954,-0.13674146,33,2.0
-0.039038032,0.17045489,0.094767824,0.13409787,0.76546913,0.13366011,-0.109018855,-0.1137573,-0.07366809,-0.16912164,-0.409826,-0.17603616,-0.0397113,-0.104103595,0.082384355,0.0009892453,-0.164662,-0.015387289,-0.0047542304,-0.10322097,-0.03499863,-0.10782678,-0.21798107,-0.022635486,-0.029518217,-0.201875,-0.13150492,-0.100832656,-0.11046658,-0.1251147,-0.07081972,-0.14240979,33,4.0
-0.043588735,0.17209437,0.15396157,0.1412827,0.7603248,0.111922294,-0.16310802,-0.1700051,-0.015999876,-0.233553,-0.4931474,-0.2590428,0.07511088,-0.06961228,-0.011158492,0.0064404793,-0.13281576,0.054491006,-0.076506205,-0.15858191,-0.073753655,-0.123798974,-0.26554316,-0.0060513346,-0.023085395,-0.24945538,-0.20936897,-0.08798526,-0.1599058,-0.22738774,-0.22228011,-0.10975596,33,4.0
-0.025075972,0.14314944,0.055883233,0.14199255,0.7403759,0.1159369,-0.079392284,-0.08644456,-0.07946487,-0.080624804,-0.38244748,-0.12694427,-0.06957713,-0.09082818,0.068989925,-0.033938557,-0.19964373,-0.087228514,-0.001176469,-0.022289477,-0.046494603,-0.053273745,-0.21262199,-0.059140176,-0.027567906,-0.17529733,-0.09104605,-0.11596702,-0.048438445,-0.07261862,-0.021890426,-0.14551762,33,4.0
-0.11321721,0.0471701,-0.021881714,0.07851645,0.8491618,0.13290006,0.008625083,-0.06248558,-0.00058197975,0.077446066,-0.30906022,-0.014308636,-0.035356455,-0.07979402,-0.079206385,-0.16541092,-0.3696044,-0.22316939,-0.01260785,0.102210045,-0.21784285,0.08163941,-0.23307481,-0.1861895,0.028797302,-0.18465853,-0.00663973,-0.25905937,0.0028837472,-0.083830446,-0.059943035,-0.12137437,33,3.0
-0.08805765,-0.006275911,-0.050887935,0.092871174,0.3303584,0.11612417,0.06298605,0.103537366,-0.094647594,0.10748328,0.0021420564,0.08305001,0.08309366,0.1400334,0.26744685,0.09376061,0.13256484,0.027296215,-0.114006,-0.16672777,-0.14061114,0.0067843506,-0.00063349307,0.054310247,-0.0112481145,0.022445768,0.022821324,-0.19690664,-0.17155717,-0.14366847,0.1291688,0.0053595603,33,1.0
-0.10987025,0.048593264,-0.018759904,0.070761025,0.8606258,0.12638879,0.0017596148,-0.07614438,-0.00587482,0.07435674,-0.31454396,-0.00499722,-0.04418149,-0.08118324,-0.08994355,-0.17788684,-0.37692946,-0.23281801,-0.0068411008,0.114261016,-0.22961095,0.07338862,-0.22297552,-0.18785116,0.025064807,-0.1824023,-0.00909717,-0.26056033,-0.0012709834,-0.08929527,-0.06069146,-0.11835782,33,2.0
-0.063124485,0.07850896,0.002713725,0.100712076,0.77565616,0.121495895,-0.032638364,-0.0650831,-0.042276107,0.039769396,-0.32869866,-0.026888851,-0.06533718,-0.07185906,-0.026436368,-0.14079237,-0.2911387,-0.20167872,-0.0019624606,0.09487899,-0.17701325,0.033286996,-0.2162241,-0.15769655,0.013468207,-0.1745262,-0.046727315,-0.21433438,-0.0084043555,-0.06269269,-0.02836508,-0.12751624,33,1.0
-0.055509828,0.21565461,0.1934259,0.16959225,0.7700761,0.052679494,-0.22907923,-0.23992048,0.04166788,-0.29632336,-0.59019274,-0.25194943,0.17197266,-0.027595323,-0.050481237,0.019782666,-0.15413858,0.10647864,-0.22307631,-0.14481072,-0.07905607,-0.06763215,-0.30234796,-0.032194532,-0.016007284,-0.20177284,-0.29787594,0.0028144186,-0.13180143,-0.25709322,-0.39448875,-0.09126627,33,2.0
-0.042998463,0.09464769,0.021537594,0.1222149,0.7597925,0.10715608,-0.045244444,-0.082556024,-0.061924517,0.015375735,-0.34496024,-0.053758763,-0.07279375,-0.07067636,0.0057725636,-0.10671431,-0.25956714,-0.17557584,0.0021090508,0.08034812,-0.12930746,0.0046399115,-0.20481741,-0.12067994,-0.014335872,-0.16758455,-0.052202947,-0.18158014,-0.016103167,-0.05575397,-0.011798849,-0.14098372,33,3.0
-0.06380339,0.2268947,0.19343004,0.15673618,0.72925913,0.033478953,-0.24371937,-0.23684962,0.05307342,-0.3114087,-0.5844311,-0.22013424,0.17738926,-0.015860345,-0.05740719,0.029584767,-0.164054,0.12454719,-0.2577135,-0.121057495,-0.0599275,-0.028743327,-0.28312445,-0.07114947,-0.030452576,-0.15447322,-0.3092676,0.036972456,-0.116545275,-0.23815854,-0.42826313,-0.089018665,33,3.0
-0.082087636,0.007798789,-0.04599584,0.09688263,0.3162759,0.13134894,0.047130696,0.09037689,-0.07473782,0.09868321,-0.018031651,0.05467357,0.08465501,0.13891888,0.2573668,0.07613033,0.13382697,0.032030508,-0.103195176,-0.15184292,-0.14188403,-0.005059276,-0.013942409,0.041932076,-0.023729688,0.028437085,0.026054544,-0.19058746,-0.14936587,-0.13810611,0.116991006,0.019101642,33,4.0
-0.052034825,0.17352936,0.116028786,0.12918945,0.758016,0.12895364,-0.13540657,-0.1282733,-0.051072504,-0.21752411,-0.43167514,-0.22133343,0.0061580446,-0.09759572,0.054914836,0.016728994,-0.14427184,0.022966497,-0.019820794,-0.14929248,-0.049969472,-0.13410968,-0.22807947,-4.9807597e-05,-0.02154523,-0.23498239,-0.16077721,-0.103893705,-0.15461549,-0.18072389,-0.12542374,-0.13011989,33,4.0
-0.074351944,0.008778306,-0.025891675,0.09522937,0.3191144,0.123733036,0.056284085,0.0969253,-0.07396372,0.121964246,0.0034228086,0.058777366,0.08358136,0.15793411,0.25824785,0.08834739,0.14213845,0.030290425,-0.109790474,-0.13786998,-0.13544169,0.013744705,0.0062013343,0.0349318,-0.019961944,0.041050166,0.013705853,-0.20310342,-0.15779264,-0.14338796,0.13940275,0.025603563,33,1.0
-0.053214036,0.21646473,0.1899706,0.1580559,0.74278694,0.030612735,-0.23455386,-0.2363864,0.04584557,-0.301328,-0.58763903,-0.23794876,0.17494634,-0.019832317,-0.057180434,0.025113048,-0.16300651,0.11534659,-0.24597338,-0.13046667,-0.06555427,-0.04669022,-0.29444417,-0.053390287,-0.024062306,-0.18066922,-0.30617234,0.019427553,-0.12683691,-0.24804421,-0.41202003,-0.08820471,33,4.0
-0.049045324,0.16289172,0.12318705,0.13735525,0.74525565,0.105902046,-0.1486207,-0.13770391,-0.035513032,-0.22395037,-0.45836005,-0.2489603,0.04262863,-0.07785708,0.023239972,0.018826088,-0.14505109,0.036145754,-0.051135913,-0.15637256,-0.05638375,-0.1353068,-0.24563456,0.002898788,-0.022487132,-0.25420177,-0.18403406,-0.10538264,-0.15870279,-0.20585532,-0.16695246,-0.11458744,33,4.0
-0.13695994,0.03571979,-0.033784248,0.04495462,0.9082832,0.15396658,0.011541981,-0.07513939,0.026851557,0.07966552,-0.29242957,0.01580751,-0.02566927,-0.10657616,-0.13722833,-0.20517871,-0.4273669,-0.2593074,-0.010208152,0.122333735,-0.28088394,0.08285298,-0.21226469,-0.22503369,0.06574101,-0.18425748,-0.0022118362,-0.28423664,0.00055909157,-0.11042145,-0.07592937,-0.105878934,33,2.0
-0.045081172,0.1756041,0.16056302,0.15399837,0.7679254,0.070510045,-0.18701802,-0.19449547,0.0043763444,-0.25250056,-0.53821576,-0.26787576,0.11779127,-0.045940068,-0.035458937,0.014727327,-0.15043974,0.073095955,-0.14754665,-0.15311678,-0.07785754,-0.11082224,-0.29247048,-0.010627683,-0.021106891,-0.2418784,-0.2498536,-0.058539473,-0.15174145,-0.24773318,-0.29321483,-0.0972548,33,4.0
-0.078322805,-0.0077977665,-0.05003289,0.09397735,0.32669082,0.113973394,0.061628982,0.09224701,-0.104559,0.105284765,-0.0049813306,0.08559498,0.07872068,0.15845697,0.2754292,0.097173825,0.13876182,0.03044308,-0.12354872,-0.17369953,-0.13702326,0.007354946,0.012769192,0.048077807,-0.017790904,0.03445629,0.016793618,-0.19936107,-0.17289132,-0.14320587,0.13817728,-0.0038626418,33,3.0
-0.054149225,0.18555361,0.154439,0.09569584,0.64259845,-0.0136456005,-0.21966983,-0.19530249,0.042795092,-0.30986854,-0.5148694,-0.18695821,0.14217573,-0.011822309,-0.07100652,0.036750697,-0.18065622,0.12501353,-0.281408,-0.071171716,-0.02352709,0.009999283,-0.24753383,-0.13453673,-0.07205469,-0.08038757,-0.2907209,0.04761282,-0.12102543,-0.20787206,-0.3992664,-0.089602835,33,2.0
-0.10348453,0.052765727,-0.016972315,0.08406614,0.83978313,0.1274433,0.0028231964,-0.062469024,-0.008435115,0.07597,-0.31492597,-0.019677185,-0.044289477,-0.07469511,-0.07232452,-0.16423957,-0.35988003,-0.21612847,-0.009911679,0.102105886,-0.20986211,0.0775993,-0.23303968,-0.180295,0.020897157,-0.18473285,-0.011047806,-0.25471613,0.003185261,-0.07949956,-0.05569745,-0.12194353,33,2.0
-0.08458269,0.003555663,-0.053512484,0.09709442,0.3222419,0.12908259,0.04675153,0.08821668,-0.08375701,0.09070729,-0.024777861,0.06280714,0.084106654,0.1377215,0.2619753,0.078072906,0.13150023,0.03236901,-0.10566002,-0.16469082,-0.14433753,-0.011081897,-0.015139796,0.04351601,-0.023901146,0.026303342,0.025900258,-0.19133066,-0.1532851,-0.14028619,0.11483865,0.010451887,33,2.0
-0.07988576,-0.0043962,-0.052404508,0.096539676,0.322181,0.12323437,0.05606783,0.09143926,-0.09597078,0.10112953,-0.011657583,0.07766728,0.08032938,0.15022328,0.26999125,0.089897454,0.13646162,0.030819722,-0.11602938,-0.16971198,-0.1396653,0.0014341157,0.0024928674,0.048904717,-0.019902736,0.03162109,0.022369364,-0.19361994,-0.16423187,-0.13948844,0.12856835,0.0010165572,33,4.0
-0.07479415,0.20505673,0.1765704,0.120944574,0.6749986,0.017046222,-0.23470093,-0.19382276,0.046566725,-0.31947213,-0.52117413,-0.17747912,0.13321856,-0.0046374574,-0.063454874,0.045125306,-0.18326409,0.1358245,-0.27080053,-0.07723358,-0.035704166,0.01376784,-0.24426144,-0.12053346,-0.063010864,-0.069897756,-0.28861538,0.066439666,-0.099961504,-0.1970043,-0.40811837,-0.101567015,33,2.0
-0.04166794,0.18283838,0.12706868,0.13792478,0.76757586,0.1578329,-0.11336315,-0.117965296,-0.06424922,-0.1871572,-0.39957246,-0.19178134,-0.02237485,-0.10433127,0.066866964,0.0148739545,-0.1290833,0.009342156,0.018317446,-0.1389348,-0.037784867,-0.10430744,-0.2065157,-0.022452192,-0.026793271,-0.2122521,-0.14263631,-0.08498491,-0.13362528,-0.12630904,-0.085273445,-0.153684,33,1.0
-0.07324534,0.012727926,-0.028739795,0.09157728,0.31601614,0.12039001,0.053835936,0.096597806,-0.073163345,0.12016402,0.0022413414,0.05031662,0.0812885,0.15327255,0.25493932,0.08595398,0.14044474,0.033758767,-0.10954435,-0.13503568,-0.12988217,0.0121722175,0.004122235,0.031983398,-0.02420471,0.03667417,0.015066996,-0.20492364,-0.15537597,-0.14677727,0.13373631,0.02794138,33,1.0
-0.057460785,0.21197268,0.1750276,0.13494106,0.69361603,0.012331355,-0.23383103,-0.22618942,0.047305778,-0.3083018,-0.56400037,-0.2152341,0.17096579,-0.013432227,-0.06215779,0.03125829,-0.16901398,0.12141282,-0.26648176,-0.106608436,-0.043750685,-0.02001487,-0.27463052,-0.090437636,-0.045823604,-0.14156759,-0.30699798,0.03245701,-0.12580337,-0.23369162,-0.4198071,-0.08677368,33,3.0
-0.19201492,0.022081215,-0.037629366,0.038567886,0.98790395,0.18630332,0.06729214,-0.06047864,0.07230912,0.1280882,-0.25911757,0.003179796,0.029585075,-0.14629148,-0.16458377,-0.18255927,-0.49497187,-0.2449786,-0.033576917,0.09164962,-0.2651857,0.13542706,-0.24879435,-0.2377608,0.063477814,-0.19840345,0.04984445,-0.32038417,0.009986676,-0.13805728,-0.08926376,-0.10964389,33,1.0
-0.030296389,0.15535964,0.090734825,0.042394355,0.5566242,-0.059484974,-0.20528547,-0.1925767,0.026575185,-0.29771733,-0.47698817,-0.20322661,0.15577444,-0.009611063,-0.05794684,0.012967756,-0.14775324,0.0694479,-0.2834777,-0.06513932,0.0068460703,0.0073336493,-0.23723003,-0.1590302,-0.08703257,-0.09053257,-0.2869359,0.013832193,-0.15717931,-0.23207413,-0.37196723,-0.07105152,33,3.0
-0.15684023,0.030528378,-0.037554733,0.055406597,0.9170194,0.15185264,0.042694755,-0.06398414,0.038559154,0.096242085,-0.28887445,-0.0051755533,-0.0053967414,-0.10772076,-0.12031583,-0.17792472,-0.43226343,-0.23460296,-0.026108228,0.10013093,-0.24707896,0.115684986,-0.24860942,-0.21064396,0.051363043,-0.19275141,0.027016317,-0.29490644,0.01009772,-0.1112659,-0.07925631,-0.112428665,33,3.0
-0.07568974,0.23106909,0.20083667,0.15800259,0.72924745,0.050121147,-0.24876352,-0.22715198,0.05633594,-0.32154447,-0.5764235,-0.2036652,0.16546664,-0.011005022,-0.048721027,0.034896474,-0.16237547,0.13017204,-0.25691676,-0.11328359,-0.06271179,-0.01973747,-0.26860365,-0.07640065,-0.024891177,-0.1280309,-0.30475256,0.054412387,-0.10222692,-0.22259006,-0.42133346,-0.09813416,33,3.0
-0.06745715,0.077010356,0.0001279898,0.09056324,0.77470154,0.122623615,-0.029152688,-0.0663846,-0.04592461,0.037608083,-0.33368132,-0.025132958,-0.06815529,-0.07594581,-0.024202999,-0.14052078,-0.300143,-0.19978374,-0.00010386109,0.09397437,-0.17350763,0.033573065,-0.22243404,-0.15518874,0.0069940956,-0.17719238,-0.04703358,-0.21082295,-0.01124179,-0.064147115,-0.033301618,-0.12739427,33,1.0
-0.07738674,0.008085022,-0.04091084,0.09698522,0.31611374,0.12946165,0.049529277,0.090988785,-0.0775575,0.104981154,-0.013490107,0.058280107,0.08234865,0.14881074,0.2597346,0.08111745,0.13697904,0.03182575,-0.10708165,-0.15047507,-0.1389167,0.00090411864,-0.0043212846,0.039052144,-0.02405626,0.035622492,0.02012132,-0.19451435,-0.15223882,-0.14028946,0.124743454,0.019090317,33,1.0
-0.04008729,0.18989125,0.1660638,0.14028712,0.72052085,0.0073281974,-0.21790953,-0.2161925,0.028813705,-0.28340724,-0.5681253,-0.24512497,0.156308,-0.01778498,-0.057495832,0.024365697,-0.16821578,0.10004366,-0.23571126,-0.12461443,-0.056976832,-0.05843112,-0.29479796,-0.055154614,-0.030095559,-0.19453765,-0.29740825,-0.0032991457,-0.13596097,-0.24762793,-0.37864655,-0.08582507,33,4.0
-0.028986964,0.12003081,0.033634517,0.12521054,0.72790915,0.11266577,-0.05931564,-0.073984325,-0.072342694,-0.029897545,-0.36451283,-0.09041189,-0.0761982,-0.07873513,0.048587047,-0.07593019,-0.228229,-0.13130838,-0.005212605,0.03048166,-0.08538565,-0.013882868,-0.22071624,-0.09174146,-0.0196128,-0.1723961,-0.07385375,-0.1509479,-0.024359927,-0.061224725,-0.01734247,-0.1343562,33,1.0
-0.07604506,0.19921246,0.1666443,0.111248806,0.65950847,0.016443433,-0.22874397,-0.1905868,0.042306356,-0.31849688,-0.5047151,-0.17631541,0.12946585,-0.0043846257,-0.06341365,0.045694187,-0.18216413,0.13133878,-0.26995918,-0.072392404,-0.030528942,0.015286339,-0.23800817,-0.13068183,-0.07126725,-0.060982868,-0.28498727,0.062799536,-0.104346454,-0.19656523,-0.40069237,-0.101791576,33,4.0
-0.076846145,0.0031093247,-0.04658027,0.096772745,0.31976667,0.12595922,0.04995814,0.08698444,-0.08857936,0.0992091,-0.018419288,0.06777385,0.0807824,0.152829,0.26589558,0.08371846,0.13815156,0.031527013,-0.11226873,-0.1631749,-0.14016083,-0.0029561855,-0.0010959059,0.04122235,-0.024609622,0.03652406,0.019306129,-0.1961773,-0.1571745,-0.14127278,0.12717536,0.009176254,33,4.0
-0.05521542,0.093551226,0.010790188,0.11868417,0.7512414,0.10648766,-0.0375935,-0.06796555,-0.055851683,0.0068326294,-0.35294697,-0.06944691,-0.06627788,-0.070476174,0.017349748,-0.09678435,-0.26331562,-0.16030532,-0.0065520406,0.060436253,-0.11810928,0.0163865,-0.22757745,-0.11906742,-0.013129349,-0.1793136,-0.05339109,-0.17918119,-0.012403961,-0.057563722,-0.027291808,-0.13443929,33,1.0
-0.081975244,0.11462642,0.044260737,-0.005348647,0.6197837,-0.062104486,-0.16023082,-0.116162986,-0.004983939,-0.26874107,-0.2850177,-0.1685581,0.06521791,-0.010078818,-0.09018288,0.034931637,-0.2315573,0.052576914,-0.27574116,0.0034692623,0.0040822104,0.054399215,-0.19895777,-0.22090057,-0.15597677,0.06325709,-0.18485917,0.04143665,-0.07835415,-0.15830615,-0.3362817,-0.069915496,33,4.0
-0.078631945,-0.0017458312,-0.036488093,0.091937065,0.32861054,0.10997539,0.065291025,0.10039796,-0.0946361,0.12191264,0.0089062415,0.0729491,0.07779082,0.15830328,0.26604497,0.099751405,0.13777712,0.030966036,-0.11939065,-0.15225963,-0.13049102,0.017095735,0.015129976,0.03903015,-0.018494692,0.033964157,0.012240699,-0.2093467,-0.17238483,-0.15094964,0.14527719,0.009260967,33,1.0
-0.050367918,0.160918,0.13734917,0.14351258,0.75014323,0.09352087,-0.15768373,-0.1572638,-0.024131492,-0.2331125,-0.48595887,-0.26525852,0.073041886,-0.06346224,-0.0025445397,0.013955606,-0.14168082,0.051596507,-0.08210561,-0.15692134,-0.065331906,-0.12917048,-0.26626074,-0.0027146894,-0.027170343,-0.26221615,-0.20559645,-0.09846235,-0.16110195,-0.22702163,-0.21077521,-0.108088925,33,3.0
-0.11844588,0.044019647,-0.023524748,0.07803671,0.85281944,0.12905917,0.01188001,-0.07146317,0.0012409091,0.07249686,-0.31195095,-0.009465497,-0.028730338,-0.082405,-0.08095124,-0.1617218,-0.37390292,-0.23050651,-0.013796061,0.105359614,-0.2195093,0.074849516,-0.22670132,-0.18036073,0.02897573,-0.1764236,-0.005341487,-0.25583348,-0.0011379011,-0.08813259,-0.06153675,-0.12566781,33,1.0
-0.038286656,0.15145366,0.1330056,0.1390797,0.7315993,0.043672983,-0.1785979,-0.16216266,-0.011227995,-0.23561244,-0.5146548,-0.2612898,0.09557515,-0.041070815,-0.02890179,0.021625225,-0.16079772,0.05684393,-0.14291571,-0.14187172,-0.06685915,-0.111403085,-0.2815213,-0.014525802,-0.024608789,-0.23997952,-0.24184418,-0.063434035,-0.14686346,-0.23136905,-0.25533116,-0.09220347,33,1.0
-0.050161008,0.17640013,0.12915905,0.12800995,0.75158405,0.13244724,-0.13933444,-0.1399938,-0.042029176,-0.22062813,-0.4345394,-0.23028892,0.028411716,-0.09097606,0.038328312,0.02047935,-0.12839532,0.03591936,-0.026917074,-0.15847237,-0.05412088,-0.13407212,-0.23264536,-0.002528563,-0.021497246,-0.24605326,-0.17547396,-0.10258069,-0.16683608,-0.19564712,-0.15017678,-0.126274,33,3.0
-0.029329918,0.11635665,0.03844018,0.13243611,0.73756135,0.11412997,-0.050270703,-0.07053338,-0.06716872,-0.017430454,-0.36595118,-0.09507081,-0.07715309,-0.06717397,0.0413156,-0.085895926,-0.23320277,-0.12893765,0.0059411153,0.03594326,-0.08515874,0.0021671448,-0.22570479,-0.09782661,-0.024068376,-0.1831455,-0.06523336,-0.15681538,-0.012044713,-0.048562467,-0.016138505,-0.13682756,33,4.0
-0.046709266,0.1734088,0.117206976,0.12910344,0.75271446,0.124243654,-0.14035103,-0.13183725,-0.046079047,-0.21651381,-0.43329242,-0.21973674,0.014862958,-0.09886676,0.048148267,0.021711424,-0.14300226,0.02664908,-0.025542695,-0.15269949,-0.049734015,-0.13850209,-0.22771287,0.0007253601,-0.018688576,-0.23707761,-0.1691055,-0.102077335,-0.15852039,-0.18747419,-0.13377883,-0.12476905,33,3.0
-0.078908965,0.010068178,-0.041075557,0.09641191,0.31781304,0.1283374,0.04717581,0.088997185,-0.076567374,0.10219322,-0.017817155,0.054058243,0.082378164,0.14551646,0.25738376,0.078738645,0.13495782,0.03278123,-0.10543228,-0.14996627,-0.13937867,-0.0026895907,-0.007426694,0.03504864,-0.026436532,0.03375468,0.019948566,-0.19680613,-0.15061119,-0.14289674,0.121849686,0.020863175,33,3.0
-0.049505983,0.12792876,0.04811709,-0.016079485,0.5353452,-0.081862405,-0.1767307,-0.16235727,0.022884227,-0.28890395,-0.35187465,-0.18147184,0.12349758,-0.011154611,-0.08547761,0.012516361,-0.15754256,0.047682583,-0.30219907,-0.036216747,0.010326028,0.055955485,-0.20357049,-0.2280125,-0.12849131,0.02151641,-0.22541793,0.046122495,-0.14194572,-0.20724328,-0.35714394,-0.06839292,33,4.0
-0.05802577,0.17479706,0.14888927,0.15761252,0.77519464,0.11184543,-0.1597532,-0.17838769,-0.016171508,-0.2471566,-0.5009016,-0.27026978,0.09093821,-0.06851672,-0.0023515497,0.009109708,-0.12859383,0.061797492,-0.0824884,-0.16612424,-0.071873024,-0.13231283,-0.27635315,-0.0039205486,-0.028886741,-0.26765335,-0.21067429,-0.10196542,-0.16921988,-0.24310562,-0.23566489,-0.109012604,33,4.0
-0.06290453,0.22045037,0.1902831,0.17193107,0.76395696,0.050036468,-0.23192756,-0.24656539,0.04163117,-0.29880393,-0.59106886,-0.24973497,0.1833052,-0.02859025,-0.049174085,0.020153578,-0.15153751,0.10547059,-0.22740887,-0.14579852,-0.07513383,-0.063858606,-0.30161506,-0.03737955,-0.024872249,-0.20226717,-0.30350405,0.00044176902,-0.1330604,-0.2609372,-0.4068548,-0.08628389,33,2.0
-0.075956725,0.07166065,-0.0027524158,0.101588115,0.7910468,0.11730259,-0.020292562,-0.06915569,-0.035217177,0.046132084,-0.3309269,-0.035741065,-0.057838406,-0.069203615,-0.028561462,-0.13623966,-0.30783236,-0.20005381,-0.004956305,0.0925962,-0.17198873,0.045772143,-0.22408074,-0.1538997,0.005665439,-0.17891064,-0.032658704,-0.21942027,-0.0038609393,-0.06486694,-0.038093217,-0.1295983,33,2.0
-0.08584761,0.00059679896,-0.051329922,0.095076755,0.32500878,0.12359252,0.05257687,0.09390001,-0.08646528,0.09897709,-0.0126525145,0.06698197,0.08250566,0.1372464,0.26147133,0.08341139,0.13173781,0.030974433,-0.10793219,-0.16195408,-0.14186904,-0.0037434902,-0.009720951,0.046783365,-0.020434612,0.023740953,0.025886694,-0.19511992,-0.15989904,-0.14265415,0.12119359,0.009859353,33,2.0
-0.06998681,0.22781539,0.20397645,0.18812029,0.8083295,0.096342236,-0.23030312,-0.2551039,0.04644227,-0.30506554,-0.6024556,-0.25563356,0.17759728,-0.04193862,-0.037227057,0.00633787,-0.13625805,0.10294787,-0.20210448,-0.15642507,-0.10026705,-0.08655981,-0.30604047,-0.019186206,-0.010337327,-0.209855,-0.28873566,-0.012113018,-0.13002117,-0.26927865,-0.39156675,-0.09277433,33,2.0
-0.0114391595,0.15132435,0.06941177,0.12561296,0.73111534,0.12516558,-0.08787975,-0.098946735,-0.087729104,-0.09980726,-0.37610543,-0.10999064,-0.07622652,-0.11057092,0.07489532,-0.02804412,-0.18493801,-0.076761216,-0.004789196,-0.025321543,-0.044052154,-0.07391132,-0.19860023,-0.048505053,-0.02692608,-0.16001226,-0.10258098,-0.10124559,-0.067074135,-0.08337486,-0.012192087,-0.14801663,33,4.0
-0.07429754,0.0042744763,-0.030454597,0.09675394,0.31910783,0.12587667,0.062038004,0.10026777,-0.07885004,0.12458019,0.0069103544,0.06513268,0.0833388,0.15980092,0.26402768,0.094266765,0.13956001,0.03205412,-0.113032356,-0.14175281,-0.1345928,0.018981233,0.011337385,0.039589547,-0.017161984,0.03992196,0.0147443805,-0.19830328,-0.16130844,-0.13932456,0.13964415,0.019048292,33,1.0
-0.05068405,0.17757109,0.14885966,0.13672574,0.7591162,0.14143045,-0.14528239,-0.15742761,-0.031245094,-0.23105423,-0.4609197,-0.25142655,0.04873033,-0.08219749,0.017319452,0.0029606856,-0.1201487,0.044487976,-0.033470653,-0.16249768,-0.06469188,-0.12542129,-0.24520424,-0.004006318,-0.027235258,-0.25340688,-0.18263006,-0.10260438,-0.1655656,-0.21005139,-0.1820221,-0.12252092,33,1.0
-0.07861907,0.0013802983,-0.031075364,0.09379524,0.32634172,0.11543907,0.06505683,0.10390763,-0.0855535,0.12628919,0.011690032,0.069056004,0.08095021,0.15810274,0.26351342,0.0980257,0.13806824,0.030170389,-0.11513614,-0.14432177,-0.13233764,0.019697014,0.012438677,0.038586758,-0.01659023,0.03571645,0.011916261,-0.20669268,-0.16836552,-0.14800406,0.14433345,0.016736355,33,2.0
-0.028676745,0.11338924,0.03364696,0.12871645,0.7320529,0.109178886,-0.05783149,-0.07745075,-0.07039424,-0.021098778,-0.35781962,-0.07983861,-0.07578109,-0.07580958,0.038989227,-0.08172314,-0.2275454,-0.14101689,-0.0019346625,0.048177715,-0.095620245,-0.011802841,-0.2131041,-0.10114879,-0.01739288,-0.17110434,-0.07021456,-0.15744212,-0.02142717,-0.055316538,-0.009067574,-0.13903497,33,1.0
-0.04787694,0.118435934,0.050269667,-0.029770572,0.53556067,-0.10465394,-0.17470703,-0.1541165,0.02393701,-0.29164875,-0.35200518,-0.18342286,0.11812053,-0.01317836,-0.0912876,0.004315501,-0.15028664,0.045950398,-0.30423367,-0.036284883,0.0063755214,0.06122794,-0.20677382,-0.24017099,-0.124208756,0.024725076,-0.22372644,0.048260834,-0.1370175,-0.204739,-0.35415414,-0.06715185,33,1.0
-0.08028025,0.0038544908,-0.04647116,0.094545856,0.3187409,0.12506226,0.0540452,0.09694651,-0.08294261,0.10566552,-0.006658029,0.06488776,0.082123235,0.1454956,0.26306543,0.0848376,0.1352368,0.03131417,-0.10913317,-0.15494935,-0.13775581,0.0035212217,-0.003992811,0.0466931,-0.01946295,0.02962841,0.022013457,-0.19392407,-0.15772986,-0.1410975,0.12466734,0.01464377,33,4.0
-0.04590667,0.18395314,0.1391159,0.12671226,0.7556925,0.15689492,-0.12837018,-0.1346456,-0.050677788,-0.2122329,-0.4157072,-0.21629474,0.004954109,-0.09988108,0.05007772,0.0120035615,-0.11834006,0.025107019,0.004938267,-0.15675947,-0.049787585,-0.11646632,-0.21589583,-0.00989011,-0.023319751,-0.23191018,-0.1577222,-0.096086696,-0.1571159,-0.1655968,-0.123943985,-0.14033546,33,4.0
-0.02474859,0.17609233,0.10216878,0.13022497,0.7561929,0.1438913,-0.10952534,-0.11067696,-0.07584654,-0.16060835,-0.39616838,-0.1564324,-0.047845557,-0.115071,0.08071814,0.0011570174,-0.15887776,-0.026550531,0.007877573,-0.100943536,-0.03335351,-0.10072477,-0.2013027,-0.022126142,-0.023873173,-0.17817342,-0.12688953,-0.08194479,-0.10456461,-0.11281279,-0.049919024,-0.15055668,33,4.0
-0.045490943,0.1945115,0.17492414,0.11955649,0.68898046,-0.0053956397,-0.22485767,-0.20935,0.04388596,-0.3023218,-0.56195503,-0.20892327,0.14825049,-0.009550411,-0.0681613,0.031592257,-0.17657886,0.12781963,-0.27113962,-0.09345448,-0.047692467,-0.01848479,-0.2739889,-0.09690033,-0.041722193,-0.12896697,-0.30308208,0.036280498,-0.1197273,-0.22347324,-0.3993,-0.09049259,33,1.0
-0.07313138,0.16884163,0.12880933,0.067456834,0.6248886,-0.012213059,-0.2060937,-0.1630982,0.029400684,-0.30530202,-0.4300949,-0.16317043,0.10062393,-0.008579232,-0.07747083,0.043495737,-0.20116022,0.116090484,-0.27548078,-0.039732393,-0.008926135,0.037498638,-0.21651015,-0.17127158,-0.11360969,-0.007724069,-0.25342578,0.059509054,-0.101322904,-0.18380022,-0.38168964,-0.095600665,33,3.0
-0.08465892,0.0022333004,-0.04426079,0.09450579,0.324503,0.12103303,0.05505719,0.09648209,-0.08344078,0.10808273,-0.0058539454,0.062350992,0.08199133,0.14030458,0.25885296,0.08561499,0.13296989,0.03126531,-0.10791139,-0.1528443,-0.13898891,0.002365076,-0.0054017827,0.04194185,-0.020803357,0.02530811,0.023444002,-0.19972731,-0.16041724,-0.1448153,0.12676832,0.014615621,33,3.0
-0.13430299,0.036639266,-0.03043112,0.070979,0.87280416,0.14464402,0.029002413,-0.055092182,0.017932273,0.091630675,-0.29912612,-0.014793737,-0.018863933,-0.08873072,-0.092528164,-0.16598721,-0.3985303,-0.222469,-0.01993902,0.0955181,-0.22142899,0.101854935,-0.24541348,-0.19437984,0.033401776,-0.18856233,0.009060971,-0.27255526,0.0069229826,-0.09142555,-0.0697495,-0.121207014,33,1.0
-0.055691786,0.17383441,0.13316548,0.14011261,0.76066726,0.12681705,-0.1402355,-0.14985651,-0.03805807,-0.230621,-0.45282778,-0.24748531,0.044760786,-0.084775835,0.03133304,0.015437678,-0.123833805,0.046384893,-0.0395918,-0.161664,-0.057891972,-0.13660726,-0.24778107,-0.007531581,-0.024689449,-0.26236582,-0.17945978,-0.11476265,-0.17008042,-0.21126415,-0.17149913,-0.12428571,33,1.0
-0.06097191,0.18956509,0.14755383,0.09448224,0.6332588,-0.010249291,-0.22150983,-0.19793496,0.04153563,-0.31002906,-0.5035733,-0.18462032,0.14457875,-0.011006098,-0.07251217,0.03653929,-0.17806153,0.12172065,-0.28005266,-0.0725255,-0.020825282,0.013751438,-0.24461287,-0.14295425,-0.08179805,-0.07325959,-0.28907305,0.04807955,-0.12290283,-0.21070163,-0.40495926,-0.088626,33,1.0
-0.07300119,0.18419126,0.14762384,0.09027077,0.6405991,0.0035627894,-0.21825488,-0.17600945,0.03679052,-0.3123136,-0.46976036,-0.16788325,0.11587805,-0.007736165,-0.06867899,0.04522445,-0.193853,0.12363247,-0.27313572,-0.05395564,-0.016501255,0.026570741,-0.22392812,-0.14842096,-0.091430075,-0.0350421,-0.2688224,0.060165446,-0.10284768,-0.18990241,-0.3911006,-0.09826274,33,4.0
-0.05951698,0.11544301,0.043488037,-0.028627358,0.56111443,-0.10096347,-0.16802585,-0.14391787,0.018147476,-0.28420243,-0.32840788,-0.18336299,0.1032143,-0.011785742,-0.10027525,0.0080077015,-0.17233033,0.04526823,-0.30270815,-0.026888106,0.003503874,0.061801564,-0.20805505,-0.24291316,-0.1352913,0.037577197,-0.20678845,0.04949635,-0.122201115,-0.19413172,-0.35379303,-0.068530075,33,1.0
-0.0907145,0.003388688,-0.054536294,0.09444551,0.32384938,0.12717003,0.04901369,0.093029514,-0.079158425,0.092961624,-0.019378964,0.056567434,0.084578365,0.1240619,0.25482866,0.07535682,0.12663224,0.032890484,-0.10128601,-0.15818097,-0.14372902,-0.010387631,-0.021997634,0.046965845,-0.022642357,0.014760746,0.031585746,-0.1898708,-0.15374194,-0.14114343,0.110009424,0.0127088055,33,1.0
-0.06280845,0.18720132,0.16256775,0.16921212,0.7948858,0.14061067,-0.15998012,-0.1959865,-0.011024222,-0.2605898,-0.51164085,-0.2715388,0.09755477,-0.07645674,0.003413632,-0.008730181,-0.10698144,0.067948185,-0.06895379,-0.17125343,-0.08618775,-0.13616899,-0.28085726,-0.010904426,-0.031017262,-0.2727008,-0.20406653,-0.116001755,-0.17060888,-0.25398538,-0.24744782,-0.11131486,33,1.0
-0.059627637,0.14257225,0.084334955,0.019241448,0.57357895,-0.055658557,-0.18590817,-0.15988785,0.023806639,-0.29384148,-0.3832726,-0.17232165,0.10886685,-0.011512201,-0.088607654,0.027286652,-0.18232764,0.08413256,-0.29042745,-0.035633583,0.002268631,0.047230177,-0.21322525,-0.20876066,-0.12962009,0.011263758,-0.23826814,0.052497063,-0.122923605,-0.19257127,-0.3664047,-0.07988678,33,3.0
-0.059885323,0.19927126,0.17929226,0.1797083,0.7989592,0.094274744,-0.19899563,-0.22549511,0.018906392,-0.27492747,-0.56368583,-0.27372798,0.14787292,-0.051849615,-0.03516745,0.007979674,-0.13460918,0.08309183,-0.15172473,-0.16761884,-0.09146946,-0.113091104,-0.30854094,-0.006462307,-0.020736171,-0.24877156,-0.25945562,-0.058193773,-0.15355372,-0.2694561,-0.33231094,-0.09645054,33,2.0
-0.06830836,0.18490303,0.15630922,0.17528583,0.79713917,0.12626094,-0.16353658,-0.19793679,-0.009217955,-0.2638884,-0.5201929,-0.2741427,0.10855929,-0.071837425,0.0035555975,-0.0014665909,-0.11172332,0.070403196,-0.084063254,-0.17312616,-0.08515786,-0.1382131,-0.28827038,-0.008768874,-0.032690343,-0.27677733,-0.21215616,-0.11866823,-0.17082463,-0.26167473,-0.2590516,-0.10669464,33,3.0
-0.11016818,0.049141783,-0.020040417,0.077518255,0.8486043,0.12860148,0.0033458658,-0.072576925,-0.0053542256,0.07137306,-0.3124555,-0.01004084,-0.03861305,-0.080767855,-0.07957977,-0.16748567,-0.36834723,-0.22918427,-0.011399649,0.1086162,-0.22152942,0.07205428,-0.22588313,-0.18289159,0.026311453,-0.17965873,-0.009785334,-0.25719857,-0.0006129928,-0.086200684,-0.060266703,-0.122238845,33,2.0
-0.08203159,0.0052852333,-0.038924176,0.09540427,0.32152697,0.12349674,0.0536251,0.09648279,-0.0785105,0.11030303,-0.005608543,0.060481425,0.0836069,0.14583458,0.25902885,0.08470188,0.13587795,0.030503266,-0.10694272,-0.14843771,-0.13947907,0.0041205194,-0.0043978915,0.039438322,-0.020349476,0.031094879,0.020289702,-0.19906817,-0.15732953,-0.14332981,0.12885727,0.019453835,33,4.0
-0.055252,0.15775445,0.1158025,0.050841533,0.59607315,-0.037089303,-0.19963862,-0.17025545,0.03297051,-0.30210182,-0.4372544,-0.17054039,0.11849951,-0.015373286,-0.08044789,0.034432232,-0.18544024,0.10709479,-0.28689444,-0.04394092,-0.004337378,0.03555915,-0.22237402,-0.17972553,-0.10836438,-0.02125758,-0.2599043,0.051123925,-0.12032463,-0.19311461,-0.3778859,-0.08516425,33,3.0
-0.07357531,0.07256991,-0.00010624528,0.10534647,0.79084796,0.11338479,-0.022409156,-0.07145116,-0.03629513,0.044611063,-0.3324328,-0.036938366,-0.058680624,-0.06746952,-0.028655306,-0.1360738,-0.3028124,-0.19865465,-0.0039051995,0.09419146,-0.17185195,0.043517407,-0.22161907,-0.15284935,0.0044629993,-0.17869571,-0.032977644,-0.21980132,-0.003906075,-0.06404495,-0.034581617,-0.13055019,33,2.0
-0.07542353,0.005164288,-0.02971669,0.09323791,0.32397202,0.11665009,0.06260984,0.10213925,-0.08292608,0.12524888,0.009612295,0.06492826,0.0804019,0.16015732,0.26290318,0.096128784,0.13909161,0.031830788,-0.11461772,-0.14216447,-0.13112733,0.018894337,0.012361713,0.036317848,-0.018509593,0.03817746,0.010538997,-0.20658666,-0.16550907,-0.14842014,0.14288877,0.019734494,33,1.0
-0.04840905,0.14000428,0.08279011,0.008234203,0.5504355,-0.06891037,-0.18748224,-0.16892703,0.02721776,-0.29793295,-0.39591235,-0.18008855,0.12432975,-0.0117951445,-0.08497033,0.01875282,-0.16074772,0.07661479,-0.29624203,-0.043901417,0.005167354,0.0465791,-0.21572304,-0.21541245,-0.12112891,-0.0014339872,-0.2483661,0.04792063,-0.13834319,-0.20656921,-0.36624804,-0.07728007,33,2.0
-0.092576705,0.08431193,0.004401382,-0.04916635,0.64706737,-0.119273156,-0.13854003,-0.09232572,-0.013275728,-0.2636797,-0.23834182,-0.19768834,0.05382321,-0.00026826933,-0.117693484,0.014377277,-0.2371857,0.017228588,-0.29179484,0.008265547,-0.0064734817,0.05972332,-0.2232086,-0.25589442,-0.1544672,0.070299625,-0.15259713,0.036414146,-0.06319516,-0.15170173,-0.33170456,-0.0690981,33,1.0
-0.13806446,0.035165578,-0.030909456,0.056814227,0.9018866,0.14446944,0.02043277,-0.06962001,0.024433129,0.08689542,-0.29380864,0.0045459587,-0.02002608,-0.0985242,-0.12080458,-0.18664433,-0.41454953,-0.2460928,-0.017220251,0.11234632,-0.25755012,0.09253836,-0.22527805,-0.20906204,0.053876307,-0.18553208,0.007552119,-0.28151503,0.003248103,-0.1057874,-0.07145719,-0.11219093,33,1.0
-0.07031561,0.19612297,0.15707052,0.104010746,0.64961493,0.010544643,-0.22498226,-0.19296648,0.043226555,-0.31510347,-0.49947006,-0.17844957,0.1336396,-0.008005891,-0.066266,0.042630814,-0.18465231,0.12628347,-0.2740168,-0.06817131,-0.022791535,0.0146001205,-0.23506969,-0.13501395,-0.076784186,-0.063746564,-0.28088182,0.054150235,-0.10979757,-0.20324592,-0.4033934,-0.09746483,33,1.0
-0.030875009,0.11722661,0.030562986,0.12428489,0.7319217,0.107738644,-0.061583605,-0.08281092,-0.07626227,-0.032473024,-0.3614749,-0.080694795,-0.074520975,-0.08545838,0.044721473,-0.068746634,-0.23058267,-0.13662535,-0.0066043586,0.037935592,-0.08773232,-0.027152166,-0.21057093,-0.08621041,-0.021874193,-0.16453451,-0.07428001,-0.14776595,-0.03433043,-0.06627734,-0.013140861,-0.139438,33,2.0
-0.08828795,0.0012452714,-0.05309188,0.096393675,0.32513863,0.12688681,0.050145283,0.093107335,-0.083260365,0.09426278,-0.018252097,0.06572619,0.08498623,0.13309008,0.2605737,0.08020076,0.12978883,0.03111168,-0.10462157,-0.16321947,-0.1450818,-0.008128781,-0.015952978,0.046715744,-0.020069765,0.022118142,0.027446484,-0.19101046,-0.15671645,-0.14049624,0.11574396,0.010235816,33,4.0
-0.039143465,0.16868195,0.10552332,0.11924568,0.74557257,0.11511189,-0.14016978,-0.12664522,-0.053162068,-0.20559567,-0.42392722,-0.19672471,-0.0058289953,-0.11426669,0.058102135,0.016363766,-0.15162456,0.015330024,-0.024815254,-0.14087649,-0.04907202,-0.14048204,-0.21950233,-0.0013519712,-0.015934702,-0.22041728,-0.15863132,-0.102084935,-0.149337,-0.17904842,-0.11015633,-0.12250222,33,1.0
-0.08399424,-0.0087065175,-0.048065975,0.09047359,0.33203775,0.108722016,0.070493765,0.10770628,-0.10210963,0.115197286,0.012706661,0.09012137,0.08116243,0.15130936,0.27481806,0.10224758,0.13591766,0.026773863,-0.12254752,-0.16765787,-0.13510384,0.017600298,0.011979736,0.055702843,-0.007590823,0.02611711,0.015966939,-0.20180035,-0.17933476,-0.14667392,0.13914545,0.0034208596,33,1.0
-0.0012366604,0.14530702,0.067876235,0.12915568,0.7254375,0.12869692,-0.077621296,-0.099583775,-0.0935485,-0.06939092,-0.3560556,-0.08598238,-0.08463005,-0.10847883,0.06708251,-0.039184414,-0.18573439,-0.10161558,0.004352212,0.008229991,-0.052613325,-0.06998762,-0.18086272,-0.056909665,-0.027871214,-0.14524198,-0.089112595,-0.10525671,-0.055719987,-0.065174565,0.01443156,-0.15673015,33,1.0
-0.087561324,0.00076152384,-0.052401945,0.09517868,0.3265584,0.12358163,0.051619604,0.09364389,-0.08628555,0.09664735,-0.016107671,0.06652902,0.08377552,0.1355531,0.26167345,0.08280665,0.13031301,0.031648643,-0.106956415,-0.16336498,-0.14332147,-0.0062755737,-0.0122355,0.044986002,-0.020411659,0.022761086,0.025514754,-0.19463481,-0.15897828,-0.14314733,0.118706465,0.00938813,33,3.0
-0.043731444,0.1798552,0.14340058,0.08197901,0.6189064,-0.036791414,-0.21832305,-0.20154066,0.04126524,-0.306508,-0.51054627,-0.19404213,0.1514135,-0.011505745,-0.0752554,0.028704468,-0.1690711,0.11705651,-0.2853687,-0.07546598,-0.018994488,0.011172223,-0.2528622,-0.14751156,-0.0774483,-0.089480564,-0.29455516,0.037649386,-0.13492012,-0.22284698,-0.4032672,-0.084258154,33,4.0
-0.12961648,0.04005034,-0.027525954,0.06295625,0.8948297,0.13632078,0.018310972,-0.069925785,0.01551342,0.089189634,-0.2996062,-0.0027187988,-0.027949069,-0.09115079,-0.1128644,-0.18354125,-0.40763003,-0.23615944,-0.016834684,0.11024617,-0.2440066,0.09456242,-0.22980368,-0.1989078,0.036837924,-0.18420292,0.008640215,-0.2793647,0.004720349,-0.10187881,-0.07105634,-0.11370404,33,3.0
-0.10392277,0.052314874,-0.016395504,0.068433866,0.86033463,0.13171501,-0.0092419535,-0.081026345,-0.009642243,0.07029073,-0.3092963,0.004065471,-0.047865473,-0.08461881,-0.09591826,-0.18630251,-0.37259108,-0.2429465,-0.0039514154,0.12058742,-0.24190399,0.06327283,-0.21099925,-0.19312777,0.030354189,-0.1787034,-0.016379155,-0.26131344,-0.0042336173,-0.0896752,-0.05932802,-0.11622946,33,3.0
-0.043374054,0.14846992,0.11941306,0.13471842,0.7266652,0.07376936,-0.15958714,-0.13808194,-0.02837415,-0.22146793,-0.47389582,-0.25635526,0.062043883,-0.06082176,-0.0020594315,0.022589656,-0.15268673,0.04075595,-0.08744581,-0.1494897,-0.06262611,-0.12794971,-0.25917867,-0.0015934827,-0.023439411,-0.25212967,-0.20610408,-0.0896225,-0.1540538,-0.21585095,-0.19242008,-0.10219069,33,1.0
-0.07727785,0.119537696,0.068334505,-0.0028894003,0.6145033,-0.07568887,-0.16728096,-0.12394628,0.009163976,-0.2845961,-0.32057276,-0.17338727,0.06815142,-0.009604365,-0.10445806,0.02575629,-0.2152736,0.07459914,-0.2844755,-0.011739273,-0.0032956451,0.057430245,-0.21417761,-0.22961177,-0.15166172,0.049424212,-0.20087078,0.054348376,-0.08796027,-0.16697,-0.35108814,-0.08347984,33,2.0
-0.07801817,0.06969856,-0.0038034655,0.10456033,0.79331803,0.11579494,-0.014508087,-0.062454555,-0.030719262,0.051974066,-0.33169508,-0.040636856,-0.05664758,-0.06568906,-0.031320866,-0.13801454,-0.31072205,-0.19414186,-0.0052891746,0.08943264,-0.17087197,0.05484544,-0.23074108,-0.15607308,0.006232923,-0.18311019,-0.028971761,-0.22377938,0.0003384538,-0.06343092,-0.038632546,-0.12789762,33,4.0
-0.051840365,0.124010414,0.042890828,-0.020849198,0.537825,-0.08630645,-0.17323354,-0.15760048,0.020772263,-0.28627077,-0.34192348,-0.18127315,0.11882392,-0.010195982,-0.08726618,0.012424234,-0.15978864,0.044290483,-0.30238116,-0.033976387,0.009066626,0.05774926,-0.20281443,-0.23156592,-0.12980904,0.028216029,-0.2195759,0.04719449,-0.13852473,-0.20337874,-0.35349247,-0.06749426,33,4.0
-0.017075785,0.16318032,0.08522321,0.1320913,0.7427214,0.13096014,-0.095887765,-0.105379775,-0.085393414,-0.1259104,-0.38164654,-0.13141622,-0.06477274,-0.11505109,0.07962376,-0.007483948,-0.16891088,-0.04923655,0.0012285486,-0.060717646,-0.033198442,-0.08965849,-0.19665858,-0.037867352,-0.02616206,-0.1691952,-0.1133628,-0.08898669,-0.08456365,-0.09351359,-0.024437,-0.15359625,33,1.0
-0.053441845,0.16852409,0.13978213,0.14712441,0.7582196,0.10864484,-0.15637612,-0.15951477,-0.023872286,-0.23633124,-0.48341015,-0.2633891,0.071888335,-0.06886819,0.0026673009,0.013996176,-0.13590053,0.051511414,-0.0701777,-0.16182816,-0.06601948,-0.13099858,-0.26467097,-0.0015584431,-0.0270249,-0.2616114,-0.20282623,-0.09910793,-0.16470692,-0.22717527,-0.2090964,-0.11123589,33,3.0
-0.11896601,0.041983075,-0.02544932,0.05098191,0.8870083,0.14284661,-0.0027982108,-0.079295844,0.006544687,0.07513781,-0.30345604,0.018248074,-0.040012985,-0.09554398,-0.12433203,-0.20497243,-0.40436953,-0.2593142,-0.0011900812,0.12681818,-0.27115765,0.06542473,-0.20423445,-0.21551524,0.05402465,-0.18044806,-0.016448809,-0.2682487,-0.0055189393,-0.10155003,-0.06673155,-0.10800947,33,1.0
-0.022665713,0.11388224,0.039884564,0.12405653,0.74586177,0.11685405,-0.056533888,-0.08478679,-0.07568209,-0.007815737,-0.3525146,-0.06637684,-0.08209707,-0.07570751,0.030785462,-0.092390545,-0.23582108,-0.1522116,0.007885724,0.06344008,-0.101349115,-0.010876555,-0.20399976,-0.10251074,-0.024131604,-0.16593029,-0.06506486,-0.15944128,-0.02021093,-0.051662922,-0.0021120068,-0.14449096,33,2.0
-0.08677394,0.08422305,-0.0071779154,-0.059196,0.6206145,-0.1273344,-0.1400717,-0.104582176,-0.008581996,-0.2635734,-0.24532282,-0.20114924,0.07190316,-0.0004330203,-0.11379151,0.0072769783,-0.21440251,0.002043195,-0.3020032,-0.0008829441,-0.006154742,0.06258941,-0.21668619,-0.2595641,-0.14361018,0.067126915,-0.15528204,0.036559124,-0.08188532,-0.16613598,-0.33260673,-0.06196135,33,3.0
-0.05087596,0.20943275,0.18257467,0.16340727,0.75445664,0.0339574,-0.22619857,-0.23578955,0.037427723,-0.2902162,-0.58348435,-0.2522915,0.173949,-0.025242727,-0.055208996,0.021934157,-0.1606126,0.10388964,-0.22802623,-0.14153552,-0.069054574,-0.065025896,-0.3023566,-0.038710266,-0.02439968,-0.20721374,-0.29864928,-0.002733478,-0.13501072,-0.25789303,-0.3988381,-0.086632386,33,2.0
-0.054033257,0.15697922,0.105520114,0.098641545,0.6161764,-0.0008344166,-0.1983431,-0.19529636,-0.0004274845,-0.28599042,-0.5047303,-0.24586177,0.1461952,-0.008060724,-0.036347974,0.0075891353,-0.14495064,0.06061793,-0.23189047,-0.093533576,-0.011414014,-0.05564466,-0.26417133,-0.086535774,-0.07270863,-0.18669893,-0.27552631,-0.045866936,-0.15493584,-0.24190913,-0.3343686,-0.08401677,33,3.0
-0.044965543,0.18089065,0.1231385,0.12821722,0.7581301,0.14519593,-0.1301246,-0.12424353,-0.054033052,-0.2079351,-0.41728777,-0.20580007,-0.006158541,-0.10392359,0.059668355,0.01633767,-0.13881263,0.0145518705,-0.00011957437,-0.14839777,-0.045613118,-0.120802276,-0.21437266,-0.004266463,-0.020473586,-0.21849354,-0.15379936,-0.08948822,-0.1465706,-0.1581925,-0.10827341,-0.13866551,33,1.0
-0.03375241,0.16621459,0.13509539,0.100936204,0.64978695,-0.025256172,-0.20813408,-0.19766514,0.01870875,-0.28796038,-0.53634995,-0.23331295,0.146905,-0.008735795,-0.05079786,0.022096183,-0.16314203,0.08659897,-0.25092703,-0.09708625,-0.028056402,-0.041213874,-0.27413377,-0.09164455,-0.049216364,-0.16653925,-0.2957753,-0.007140084,-0.14386038,-0.23752931,-0.3576172,-0.082742855,33,2.0
-0.03466417,0.11141107,0.03240752,0.14002773,0.74602634,0.10595174,-0.05105468,-0.075389326,-0.06674704,-0.012977462,-0.36104497,-0.092374906,-0.072432324,-0.069678694,0.03637387,-0.07466043,-0.234282,-0.13645308,0.00224486,0.039862506,-0.08472067,-0.0060021896,-0.2150392,-0.09612685,-0.023456482,-0.17541234,-0.06215387,-0.1525289,-0.017145872,-0.050637867,-0.011961633,-0.1441096,33,1.0
-0.051878814,0.17673635,0.120327204,0.067920566,0.59429914,-0.024387978,-0.20982735,-0.1972305,0.037330553,-0.30427524,-0.47589323,-0.1882175,0.1476767,-0.011363726,-0.07396751,0.02934876,-0.16913949,0.10478791,-0.285811,-0.06517239,-0.0060418546,0.017832674,-0.23667955,-0.1627561,-0.09542805,-0.06554654,-0.28190774,0.037147895,-0.13861549,-0.21940309,-0.39579841,-0.083122194,33,2.0
-0.08615762,-0.0019121431,-0.05267994,0.09555337,0.32555506,0.12349165,0.053960405,0.09449501,-0.0892286,0.09871252,-0.012381522,0.07199673,0.08302361,0.1384158,0.26389658,0.08536425,0.13220471,0.030222788,-0.10943146,-0.16565321,-0.14271897,-0.0031484514,-0.00819274,0.048702843,-0.018699313,0.024339376,0.02574688,-0.1937486,-0.16182671,-0.14137995,0.121979095,0.006775368,33,4.0
-0.085038565,-0.0017151386,-0.045353487,0.09448628,0.32643968,0.11996529,0.060336627,0.10296739,-0.0877841,0.11008859,0.0010519885,0.076399684,0.08379225,0.14545302,0.2660718,0.09130643,0.13434505,0.027841493,-0.11122356,-0.15906218,-0.14027548,0.0079363445,-0.0009640008,0.050049372,-0.0130444495,0.027892634,0.019891357,-0.19642846,-0.16618666,-0.14281636,0.13043198,0.011507437,33,4.0
-0.059417628,0.19868228,0.17840666,0.17509164,0.7854961,0.07351618,-0.20572342,-0.22716673,0.021395303,-0.27836972,-0.56898594,-0.27155384,0.15614402,-0.041996185,-0.041085463,0.013300596,-0.14314051,0.08710291,-0.17542696,-0.16039374,-0.08523555,-0.1013638,-0.30911687,-0.01278398,-0.023067972,-0.24172847,-0.271909,-0.04505784,-0.14931116,-0.26799476,-0.34913912,-0.09367962,33,3.0
-0.06605058,0.0063476525,-0.009310562,0.08573301,0.3364711,0.0962755,0.07770477,0.10492137,-0.09201142,0.14822239,0.03255572,0.06528959,0.07363824,0.17955698,0.26137084,0.11551274,0.14168367,0.038117386,-0.12904178,-0.12815084,-0.10961099,0.040876184,0.03928537,0.019960824,-0.022529373,0.045891352,-0.007922861,-0.22625545,-0.18179697,-0.16626912,0.16774175,0.0151872225,33,4.0
-0.034995355,0.11081953,0.026660148,0.12868467,0.7390227,0.11055682,-0.0521293,-0.07240896,-0.066456355,-0.010369249,-0.35651,-0.08147116,-0.07384947,-0.07333337,0.035409752,-0.08301482,-0.23916917,-0.14623164,-0.0028611273,0.04664824,-0.09751205,-0.0025136713,-0.21760038,-0.103658125,-0.015300108,-0.17267041,-0.06434336,-0.16038707,-0.017017175,-0.055580094,-0.01539362,-0.13695231,33,1.0
-0.043231018,0.18156353,0.15879759,0.15778707,0.75345784,0.03614179,-0.20262922,-0.20703079,0.014590964,-0.26295674,-0.5537481,-0.2637944,0.1444487,-0.032835376,-0.046329826,0.023869028,-0.16189861,0.08042244,-0.18870595,-0.14848971,-0.068228334,-0.09338726,-0.29974055,-0.020202877,-0.024522167,-0.23414896,-0.2754794,-0.036261108,-0.146371,-0.25334856,-0.33940572,-0.08802867,33,3.0
-0.08702479,-0.0024559759,-0.04240186,0.09212893,0.33079374,0.112858996,0.0645981,0.106313914,-0.08968952,0.117110655,0.00855128,0.073943034,0.08219545,0.14410171,0.2637307,0.09527345,0.13318858,0.028421462,-0.11287544,-0.15441532,-0.136897,0.01201096,0.0024046227,0.04638064,-0.013348675,0.02453997,0.018837923,-0.20390701,-0.17053735,-0.14819944,0.13550043,0.012353439,33,4.0
-0.051075295,0.13246891,0.053449135,-0.00727907,0.5422007,-0.07376213,-0.1781422,-0.16316618,0.023472339,-0.28791583,-0.3582344,-0.17884314,0.12085124,-0.010874815,-0.085434034,0.017211154,-0.16408692,0.055715136,-0.29994267,-0.035897564,0.009899691,0.053177495,-0.20467484,-0.22206476,-0.12920374,0.01857905,-0.22789475,0.046306767,-0.13898721,-0.20475273,-0.35979688,-0.070325084,33,3.0
-0.062149167,0.16704732,0.13051234,0.14591411,0.7654806,0.11603019,-0.14282355,-0.15303987,-0.03709672,-0.23928033,-0.47029957,-0.26004782,0.05101481,-0.07649709,0.03246948,0.006430095,-0.1278496,0.047586143,-0.0533735,-0.15897037,-0.06350985,-0.13914183,-0.2592892,-0.005051048,-0.028908154,-0.26968652,-0.17969458,-0.12664755,-0.16557962,-0.22181161,-0.1813451,-0.11934812,33,2.0
-0.088973805,-0.0024618767,-0.055762418,0.095911264,0.32635546,0.12526107,0.053649276,0.09631685,-0.088380225,0.09493305,-0.0149434805,0.07493682,0.085154995,0.13503219,0.26487988,0.084687166,0.13002202,0.030005038,-0.10783636,-0.16919048,-0.14520723,-0.0052904896,-0.012314752,0.051147386,-0.016664868,0.022404,0.02660116,-0.18957539,-0.16123989,-0.13971877,0.117356725,0.0056761242,33,4.0
-0.03138417,0.17117476,0.09335609,0.12767765,0.7554451,0.12925228,-0.11396773,-0.11622806,-0.07634868,-0.16706851,-0.40403417,-0.1614957,-0.046180524,-0.11914581,0.080096394,0.0032713525,-0.16487403,-0.020470958,-0.007298328,-0.101217166,-0.035099164,-0.11268369,-0.20936805,-0.022623517,-0.02360651,-0.18866156,-0.13010201,-0.09380591,-0.11281556,-0.12830707,-0.06226995,-0.14266188,33,1.0
-0.018895123,0.13206878,0.04727933,0.13343972,0.7355896,0.11979896,-0.06741807,-0.08350755,-0.07912755,-0.042533975,-0.3655578,-0.0986398,-0.07811302,-0.08314073,0.05846108,-0.0601412,-0.21724795,-0.1219988,0.0018006489,0.018502332,-0.067798905,-0.031341862,-0.20796269,-0.074172735,-0.025941543,-0.16423744,-0.07704336,-0.1329371,-0.031698104,-0.061520256,-0.008513854,-0.14463252,33,1.0
-0.02805498,0.15753637,0.070942,0.13575174,0.7483353,0.121537894,-0.09337482,-0.10161263,-0.082205266,-0.12218763,-0.39250258,-0.14406762,-0.0590264,-0.10270244,0.08240996,-0.012145083,-0.1863291,-0.055328213,-0.006437294,-0.056368534,-0.035586692,-0.08648019,-0.21128154,-0.03601776,-0.029854208,-0.18017688,-0.111348525,-0.10532391,-0.079740606,-0.09904416,-0.037521765,-0.14455101,33,2.0
-0.014265429,0.15548182,0.06284271,0.1088223,0.72359705,0.11623905,-0.10434527,-0.10613018,-0.088804945,-0.122195706,-0.39024672,-0.109282106,-0.07610798,-0.13347419,0.080024794,-0.026853502,-0.18652865,-0.06982683,-0.026828833,-0.04952265,-0.047504924,-0.095286556,-0.20500404,-0.038633958,-0.02039719,-0.15048274,-0.11370389,-0.10497814,-0.08936565,-0.11653601,-0.029288843,-0.13033412,33,1.0
-0.06449165,0.18648314,0.16432346,0.17418306,0.7969484,0.11760541,-0.17277749,-0.20457521,-0.0018465966,-0.26468402,-0.53270185,-0.27745914,0.11845585,-0.06547609,-0.013092202,-0.0003258735,-0.1216321,0.07290273,-0.10250531,-0.16937232,-0.08631694,-0.13057965,-0.29381362,-0.0064412113,-0.030936006,-0.2685988,-0.22529401,-0.099151395,-0.16618836,-0.26286438,-0.27790096,-0.10329895,33,3.0
-0.021707492,0.13435076,0.048339028,0.13070108,0.7318633,0.11797484,-0.06933773,-0.08106439,-0.07800757,-0.05395596,-0.37380496,-0.108104736,-0.07647977,-0.08292082,0.06309017,-0.05846326,-0.21519102,-0.10995972,-0.0024934039,0.007208945,-0.06413397,-0.033000275,-0.21847713,-0.07137259,-0.02653591,-0.17208098,-0.08254743,-0.13216554,-0.034206096,-0.065956905,-0.017927688,-0.13965423,33,2.0
-0.055410124,0.18329817,0.15896463,0.14829057,0.73002034,0.033131875,-0.20542917,-0.21373557,0.01376994,-0.27948713,-0.5579875,-0.26291367,0.15130538,-0.020187687,-0.046138283,0.017237544,-0.15864013,0.08454975,-0.20903182,-0.13204743,-0.05713344,-0.08027744,-0.29633778,-0.039453454,-0.039545905,-0.2229243,-0.28233534,-0.03563452,-0.14334017,-0.25377858,-0.3526908,-0.08989259,33,3.0
-0.058081277,0.18556535,0.16598523,0.17018843,0.78001666,0.07751849,-0.1921062,-0.20888703,0.008743331,-0.26666218,-0.5505488,-0.274741,0.1374577,-0.045962278,-0.03440356,0.014290959,-0.14428432,0.076749615,-0.15328044,-0.16138825,-0.080742516,-0.111595936,-0.30398074,-0.006843913,-0.025962183,-0.25117087,-0.25712174,-0.06020529,-0.15495509,-0.26147985,-0.315913,-0.09609538,33,2.0
-0.03929422,0.18211785,0.113752425,0.13073376,0.76659924,0.14668655,-0.118281566,-0.11802013,-0.066343255,-0.1860878,-0.40094322,-0.17981617,-0.026970275,-0.11270179,0.07354938,0.019274198,-0.14537261,0.0015569404,0.005583212,-0.13120426,-0.035742484,-0.11516107,-0.20510507,-0.013759967,-0.021841746,-0.20079912,-0.14323334,-0.08110749,-0.1329726,-0.1351162,-0.07982233,-0.14872092,33,2.0
-0.084517375,0.0046128705,-0.049580276,0.09681353,0.31813884,0.13069586,0.048581615,0.09070022,-0.07744609,0.0978456,-0.017580515,0.056314077,0.084118724,0.13429934,0.2567992,0.07664322,0.13177851,0.032246716,-0.10342613,-0.1544158,-0.14232045,-0.0059298836,-0.0150251575,0.04473173,-0.023667678,0.023952203,0.02960117,-0.18996146,-0.15154344,-0.13784523,0.11573057,0.0151495375,33,4.0
-0.050835703,0.1647839,0.14578837,0.15541753,0.7541692,0.06502288,-0.17848231,-0.17880286,-0.0084644705,-0.2473713,-0.5223096,-0.27171257,0.10946446,-0.044124354,-0.026257465,0.018420853,-0.15038471,0.062621765,-0.13419874,-0.15514515,-0.070296094,-0.118150316,-0.28999412,-0.007452173,-0.028245145,-0.25728208,-0.24038863,-0.07523102,-0.15492527,-0.24477118,-0.27073756,-0.09786154,33,2.0
-0.0529294,0.15653268,0.11485778,0.042692095,0.57832605,-0.045052655,-0.19777152,-0.17687102,0.03131313,-0.30513206,-0.43906614,-0.17849343,0.12587234,-0.009630259,-0.080853105,0.030546397,-0.16877832,0.1048787,-0.28844556,-0.0534683,-0.005775526,0.034010947,-0.2279219,-0.19084267,-0.10788178,-0.026320107,-0.2677488,0.04937106,-0.13278055,-0.20343335,-0.37567776,-0.0874974,33,3.0
-0.083089076,0.0028888471,-0.04765857,0.09695241,0.32006714,0.12838951,0.051080935,0.09269469,-0.081108674,0.10094769,-0.013231454,0.06328927,0.08351615,0.14034112,0.260367,0.081093445,0.13387257,0.030661479,-0.10616586,-0.1568544,-0.14208412,-0.0023430604,-0.009600021,0.045700923,-0.02116859,0.027731327,0.025917152,-0.19235739,-0.15562764,-0.13900165,0.12154191,0.013685457,33,4.0
-0.076433375,0.008518418,-0.025465224,0.09378372,0.3221147,0.11957666,0.059788905,0.09973062,-0.074076295,0.1273094,0.008302335,0.05422387,0.0833615,0.15329653,0.25543353,0.091268204,0.13827638,0.03343781,-0.109688684,-0.13309662,-0.13240659,0.01673981,0.0069640353,0.031082487,-0.020944055,0.035474014,0.016017376,-0.2074014,-0.16014695,-0.14629455,0.13920489,0.026415586,33,4.0
-0.05666533,0.1778267,0.15262175,0.1637038,0.7759582,0.101000875,-0.17106792,-0.18555968,-0.008202434,-0.25065815,-0.51468277,-0.2709996,0.106116466,-0.062041927,-0.013709691,0.013979031,-0.13259284,0.06418907,-0.10113235,-0.16872637,-0.07625319,-0.12976986,-0.286623,-0.00260299,-0.025914675,-0.26461953,-0.22643933,-0.09076556,-0.16617416,-0.24999212,-0.25906712,-0.104138136,33,2.0
-0.07000339,0.20907277,0.16695945,0.12198013,0.66855544,0.016872106,-0.23274024,-0.21068437,0.046678945,-0.31461284,-0.5336675,-0.19178742,0.15420228,-0.0096206255,-0.06284088,0.03855513,-0.17486762,0.12610549,-0.27109694,-0.08778228,-0.034068927,-0.00044536404,-0.2526929,-0.11621658,-0.06208516,-0.09722489,-0.2969645,0.04803343,-0.11554398,-0.21588926,-0.41480777,-0.09230304,33,3.0
-0.07381949,0.016335124,-0.03667942,0.09661758,0.3095975,0.13392879,0.042834885,0.085339315,-0.06937854,0.09970091,-0.023240322,0.047984365,0.08368166,0.1499553,0.25683674,0.07322508,0.13980907,0.032246932,-0.104207076,-0.14647862,-0.1394773,-0.004465418,-0.009601839,0.03270352,-0.028166726,0.04000084,0.017854245,-0.19330806,-0.14316243,-0.13884254,0.119303495,0.028288428,33,4.0
-0.038902916,0.15968727,0.084901646,0.059753083,0.5640289,-0.035541475,-0.20526616,-0.1977485,0.0191181,-0.2940558,-0.48102632,-0.21597427,0.16026255,-0.009026866,-0.04937746,0.011947183,-0.14641578,0.060958616,-0.2708321,-0.07267599,0.007958904,-0.011921167,-0.24342403,-0.13502757,-0.08721914,-0.1209072,-0.28589866,-0.0055713337,-0.16173309,-0.2372043,-0.36671126,-0.0739885,33,3.0
-0.045568615,0.182834,0.16168451,0.15787904,0.754453,0.039104477,-0.20344913,-0.20851903,0.014951475,-0.2662772,-0.5568682,-0.2643107,0.14473715,-0.03179061,-0.046350993,0.021755528,-0.16009112,0.082043745,-0.18978253,-0.14750588,-0.06993569,-0.09240986,-0.30129763,-0.021723999,-0.0249571,-0.23288979,-0.2762829,-0.03574569,-0.14557007,-0.25443628,-0.34052202,-0.089396074,33,3.0
-0.08518012,-0.00429051,-0.05169146,0.09533557,0.32685503,0.12086294,0.056911483,0.096122,-0.093442135,0.10138896,-0.008504442,0.07878187,0.08277962,0.14359693,0.26765764,0.0897596,0.1341289,0.028899238,-0.112953916,-0.16858183,-0.14217284,0.00065498054,-0.0027298778,0.05008804,-0.016144302,0.027090166,0.02286671,-0.19496602,-0.16608979,-0.14174405,0.12681496,0.0042705983,33,4.0
-0.086361505,-0.0071996227,-0.050827973,0.091525346,0.33190265,0.11201009,0.061767213,0.099188425,-0.10018779,0.105483115,0.00085504586,0.08514841,0.08094259,0.14374693,0.26854572,0.09516157,0.13502666,0.026853658,-0.11778031,-0.17061926,-0.13919768,0.0051389225,0.0033717752,0.05249244,-0.013174661,0.024675952,0.020900412,-0.20137812,-0.17442907,-0.14664863,0.13306063,0.0018605031,33,4.0
-0.044683505,0.17558104,0.10213056,0.13245471,0.7711237,0.13740337,-0.11846912,-0.11872172,-0.06854367,-0.18695796,-0.4158696,-0.18830322,-0.0289753,-0.10683961,0.0779294,0.008810902,-0.15932234,-0.0037578493,-0.005299799,-0.12265821,-0.037668683,-0.11910621,-0.21715418,-0.012669579,-0.02715885,-0.20686798,-0.1393363,-0.09805741,-0.12722933,-0.14296937,-0.084876955,-0.14116882,33,1.0
-0.08913928,-0.00398824,-0.0545021,0.09358418,0.32993564,0.11829395,0.055185355,0.09615925,-0.09327573,0.09693174,-0.011811091,0.07661705,0.0836696,0.13693874,0.265644,0.08779894,0.13180824,0.029648662,-0.11142544,-0.17062357,-0.14335068,-0.004221799,-0.008336,0.049017996,-0.016919287,0.02222159,0.024428645,-0.19602048,-0.16562682,-0.14419694,0.12244934,0.0040148795,33,4.0
-0.048527554,0.15855715,0.11150414,0.13942192,0.74342227,0.096301325,-0.15136409,-0.1328723,-0.0377494,-0.2214113,-0.45723802,-0.24155459,0.039078053,-0.08057128,0.030283876,0.021323513,-0.14947754,0.029882334,-0.05654098,-0.15540315,-0.057367604,-0.14442581,-0.24657562,0.0067944443,-0.02086638,-0.25224483,-0.18509297,-0.11034094,-0.15733376,-0.20929521,-0.16018838,-0.10936807,33,2.0
-0.096935116,0.054771386,-0.012598658,0.06477699,0.8547249,0.13170785,-0.017860636,-0.08171384,-0.015728988,0.06607136,-0.3151193,0.008079367,-0.057702366,-0.08408393,-0.09642915,-0.19487928,-0.36460054,-0.24241477,0.0044540092,0.12511696,-0.24685818,0.05590842,-0.20890492,-0.19930464,0.031246943,-0.18393424,-0.025716351,-0.25864342,-0.006813094,-0.086456835,-0.053835426,-0.11410327,33,1.0
-0.046322443,0.17447636,0.15479298,0.15565073,0.7519486,0.043753233,-0.19486518,-0.19880137,0.006829597,-0.2594651,-0.5443714,-0.26736838,0.13374856,-0.03407416,-0.04008127,0.021784002,-0.15795559,0.07463328,-0.17529635,-0.14865959,-0.06853243,-0.10121095,-0.29718783,-0.016350284,-0.02622856,-0.2409264,-0.26571512,-0.048712235,-0.1491705,-0.25120413,-0.31777003,-0.09174698,33,2.0
-0.086279266,0.006255593,-0.044741184,0.09513484,0.32107022,0.12614204,0.050214812,0.09468213,-0.075276524,0.1026538,-0.012415258,0.05477428,0.08504402,0.13437043,0.2553385,0.07829931,0.13146442,0.031875513,-0.10242754,-0.14950621,-0.14176221,-0.0030005667,-0.014617633,0.041365832,-0.021801963,0.023133079,0.02621113,-0.19430031,-0.153119,-0.14153333,0.11859885,0.01947482,33,4.0
-0.07328907,0.13203883,-0.014824897,0.03680681,0.44272816,-0.011335056,-0.2039206,-0.18314265,-0.022975884,-0.27541927,-0.37654778,-0.21121493,0.15098637,-0.015758041,-0.016455209,-0.021047167,-0.08896631,-0.014566291,-0.25258744,-0.06189442,0.04179983,-0.021627992,-0.20302111,-0.12983267,-0.1329493,-0.11513753,-0.23755679,-0.057918362,-0.19383055,-0.24807854,-0.31732857,-0.058017083,33,3.0
-0.048008867,0.17413235,0.1472941,0.1386898,0.75779855,0.12635538,-0.15173933,-0.16077933,-0.025709588,-0.2322018,-0.47139582,-0.25528735,0.05908802,-0.0771911,0.008433087,0.008067403,-0.12697862,0.047746405,-0.052590363,-0.16150124,-0.06572522,-0.12773445,-0.2532712,-0.0025670188,-0.023724684,-0.25342518,-0.19336523,-0.098237656,-0.16530514,-0.21804819,-0.19568852,-0.11719194,33,2.0
-0.067789204,0.19773546,0.16782586,0.11139019,0.66105115,0.0088616125,-0.22849923,-0.19508821,0.044774964,-0.31716827,-0.51674896,-0.18213248,0.13803437,-0.008267965,-0.065235235,0.042577047,-0.18139379,0.13076735,-0.2737498,-0.07508193,-0.030365333,0.011674487,-0.24417463,-0.12635367,-0.06680335,-0.07388717,-0.28948063,0.058169086,-0.1101541,-0.20175822,-0.4034123,-0.097761914,33,3.0
-0.04019274,0.15924138,0.115310416,0.12272908,0.727685,0.1042245,-0.14532125,-0.12495035,-0.040790517,-0.21052054,-0.43712303,-0.22840364,0.021662809,-0.090146214,0.028805958,0.019100286,-0.14638732,0.026837029,-0.03758449,-0.147981,-0.05530038,-0.13048103,-0.22965035,0.00042582117,-0.017850948,-0.23899059,-0.1717609,-0.0993092,-0.1517072,-0.18910378,-0.13733315,-0.115808696,33,1.0
-0.08283813,-0.004854556,-0.0478443,0.09381366,0.3276087,0.11550675,0.06020639,0.09688333,-0.0968166,0.10749228,-0.0029480066,0.078982845,0.08050438,0.15007094,0.26903728,0.094117,0.136038,0.029399253,-0.117018946,-0.16599566,-0.13838653,0.006023947,0.004995078,0.04680915,-0.016953358,0.02981564,0.018922022,-0.2005888,-0.1696721,-0.14504565,0.13437442,0.0038795173,33,4.0
-0.073402986,0.0055470243,-0.025466273,0.092112795,0.32337815,0.114678256,0.06462449,0.104109645,-0.08372143,0.12966007,0.0133221075,0.06618425,0.079353794,0.16635765,0.26401535,0.09973603,0.14123294,0.031978123,-0.117287315,-0.13983776,-0.12754822,0.02379253,0.017949022,0.034000717,-0.018887468,0.04201344,0.005343098,-0.20820262,-0.1669696,-0.15045407,0.14762594,0.019411098,33,4.0
-0.10732872,0.049646445,-0.018317433,0.06999617,0.8543968,0.12915537,-0.0020571388,-0.07468003,-0.008072637,0.07113334,-0.31428248,-0.0026988555,-0.04565429,-0.081616625,-0.08751905,-0.17813876,-0.3721255,-0.23435518,-0.0049012154,0.11448972,-0.23066485,0.06941345,-0.221183,-0.18976504,0.028533231,-0.182976,-0.014202091,-0.25741878,-0.0024269558,-0.087338224,-0.05908107,-0.11796507,33,1.0
-0.04806248,0.17648461,0.15609731,0.15966082,0.7617034,0.054337867,-0.19265254,-0.19757025,0.005711511,-0.25660574,-0.54496956,-0.26909718,0.13116327,-0.038163695,-0.039435793,0.020564042,-0.15695019,0.07335075,-0.16424617,-0.15333106,-0.07173875,-0.105507046,-0.29831883,-0.012402415,-0.026111823,-0.24440204,-0.26208383,-0.05129793,-0.14969356,-0.25133222,-0.31267956,-0.091882974,33,2.0
-0.08985421,-0.0065709986,-0.060529634,0.09290236,0.32914767,0.122523196,0.057248972,0.09820517,-0.095387824,0.09393005,-0.009422533,0.08557324,0.08417213,0.12948322,0.26568294,0.087506846,0.12932429,0.02826631,-0.111298196,-0.1764145,-0.14378507,-0.0033238567,-0.009572864,0.060747646,-0.012510793,0.01728611,0.029682403,-0.18801877,-0.16781238,-0.13969848,0.11560306,-0.00010485947,33,4.0
-0.072616965,0.23931804,0.21178915,0.18238622,0.7816213,0.0780255,-0.24769706,-0.25222346,0.057211712,-0.3155685,-0.60479766,-0.2334953,0.1821945,-0.026315708,-0.04153167,0.018378448,-0.14466022,0.11733148,-0.23166129,-0.1438495,-0.08906455,-0.055637553,-0.29432487,-0.03979157,-0.007190747,-0.17713897,-0.30447033,0.026525304,-0.112434804,-0.25111112,-0.4178254,-0.09374994,33,3.0
-0.056415655,0.21963575,0.19563176,0.16082422,0.75275,0.04177853,-0.2357274,-0.23604305,0.04784739,-0.3033899,-0.5923821,-0.23552491,0.17027062,-0.018929634,-0.055432137,0.024094423,-0.16241388,0.11771392,-0.24392119,-0.1295888,-0.07100563,-0.048294447,-0.29333916,-0.050646752,-0.01930359,-0.17534909,-0.30492926,0.023752961,-0.12159854,-0.24457847,-0.40854996,-0.091012,33,3.0
-0.05110783,0.16644228,0.14517322,0.15423512,0.7592941,0.079622336,-0.17324445,-0.17455553,-0.010685943,-0.24451779,-0.5134931,-0.27039924,0.1003576,-0.05281772,-0.020174887,0.017970167,-0.14699239,0.060321383,-0.11689533,-0.15857333,-0.07149143,-0.12256787,-0.28508446,-0.0034883912,-0.025960479,-0.25695956,-0.23154446,-0.07893774,-0.15877338,-0.241915,-0.25510022,-0.10118717,33,2.0
-0.065089785,0.024813727,-0.03490106,0.09204163,0.30089658,0.1312883,0.037893966,0.07397857,-0.08048436,0.0804078,-0.053042434,0.05499835,0.07953653,0.17507377,0.27050278,0.06578569,0.14867511,0.030249715,-0.11489222,-0.17061612,-0.14140484,-0.01845748,-0.0038079172,0.021742294,-0.04315357,0.059290666,-0.0035010856,-0.197636,-0.1384176,-0.14140798,0.11727223,0.025337435,33,4.0
-0.029053926,0.1432503,0.07337238,0.01335975,0.52447736,-0.07181722,-0.1964178,-0.18427823,0.02652961,-0.30000702,-0.4410007,-0.19544579,0.15095472,-0.010128174,-0.05854611,0.009624114,-0.1367779,0.058474176,-0.29250866,-0.054950263,0.01490213,0.025163695,-0.22114494,-0.18637659,-0.09742169,-0.05438988,-0.27402017,0.022046743,-0.16191354,-0.2278881,-0.36088017,-0.06925861,33,2.0
-0.10838777,0.04977211,-0.02213442,0.078914955,0.829522,0.13306046,0.0031982288,-0.061793927,-0.0069948137,0.064642146,-0.31507522,-0.012442493,-0.036664456,-0.08004913,-0.0666948,-0.15870844,-0.3582223,-0.22314435,-0.0102144405,0.101082966,-0.21285245,0.07032576,-0.2325185,-0.1828084,0.03074875,-0.18276618,-0.01770668,-0.24881722,-0.0014626682,-0.08115065,-0.05845587,-0.12272613,33,1.0
-0.036776066,0.13159798,0.11407989,0.12809747,0.6993561,0.06316538,-0.15176609,-0.118562594,-0.038774367,-0.20669405,-0.46707588,-0.2530041,0.039106153,-0.054030377,0.004182847,0.005412882,-0.14875261,0.025449425,-0.07953488,-0.1391174,-0.06399822,-0.12590832,-0.25146398,-0.004500233,-0.02447224,-0.2500654,-0.1835424,-0.10637503,-0.13582501,-0.19498429,-0.16052094,-0.09801404,33,3.0
-0.06284156,0.202238,0.18158832,0.1800278,0.7953514,0.08361003,-0.20539868,-0.23135279,0.022044368,-0.2798629,-0.5735989,-0.273129,0.15736616,-0.044312607,-0.039960973,0.009559318,-0.14042616,0.0870926,-0.170352,-0.1624982,-0.088544145,-0.104454756,-0.31027278,-0.011010686,-0.024402175,-0.24376942,-0.2701557,-0.048576586,-0.14827427,-0.27005175,-0.35059202,-0.093104824,33,3.0
-0.025019167,0.13888526,0.08369292,0.009389456,0.5311401,-0.08465572,-0.19659233,-0.1802998,0.030146115,-0.30170903,-0.4418766,-0.19208449,0.14399222,-0.011992313,-0.06508377,0.0103226155,-0.13897458,0.06672745,-0.2950865,-0.05267265,0.010269098,0.031772085,-0.22189263,-0.1936649,-0.09449858,-0.04675044,-0.27265245,0.027424585,-0.15658784,-0.22453043,-0.36188117,-0.07165501,33,3.0
-0.08387238,-0.0014810637,-0.053144522,0.09710412,0.32195523,0.1260839,0.05307456,0.093594454,-0.08997514,0.09754029,-0.01651544,0.07350853,0.08323391,0.14525859,0.26795948,0.08625746,0.13365245,0.031015545,-0.11079801,-0.16805662,-0.14282477,-0.0026568007,-0.0057917684,0.046892278,-0.019725105,0.02960014,0.022686573,-0.19086148,-0.15952614,-0.13940601,0.12202638,0.0054481514,33,4.0
-0.03312328,0.12857895,0.0752424,-0.011720728,0.52323824,-0.10021995,-0.18968387,-0.16824573,0.027855575,-0.30055892,-0.41697428,-0.18570785,0.1352565,-0.015111294,-0.074326865,0.004244957,-0.13523747,0.0601682,-0.29888767,-0.046889838,0.0073058456,0.044179447,-0.21437648,-0.21731718,-0.103951305,-0.016088206,-0.25998205,0.03774046,-0.14740263,-0.21700035,-0.35551322,-0.066603065,33,3.0
-0.07968443,0.010919958,-0.038402226,0.09704308,0.31778544,0.13023192,0.04819528,0.08996436,-0.071726166,0.104204684,-0.015948918,0.050936583,0.08515025,0.14245674,0.25581148,0.07742925,0.13386098,0.033361435,-0.10280737,-0.1455983,-0.14178628,-0.002025159,-0.010341644,0.034875087,-0.024500662,0.03169253,0.022296524,-0.19587892,-0.14939065,-0.14004494,0.12071589,0.02496275,33,4.0
-0.06650797,0.19690335,0.17165758,0.112773,0.66427094,0.006096229,-0.22941795,-0.1937515,0.045200646,-0.3179512,-0.52000594,-0.18174748,0.1366702,-0.0076540634,-0.06555038,0.043353025,-0.18106632,0.13337502,-0.27418417,-0.076231405,-0.03302861,0.012913326,-0.24646005,-0.12440983,-0.06404399,-0.07343889,-0.29120028,0.06167793,-0.10895735,-0.19912694,-0.4020945,-0.098848775,33,3.0
-0.061874904,0.17449406,0.14502782,0.15714315,0.7731776,0.11572006,-0.15410271,-0.17369902,-0.021772232,-0.24812384,-0.49201655,-0.26783141,0.08378363,-0.07141931,0.008571651,0.008410918,-0.12017733,0.06095492,-0.07270416,-0.16693686,-0.07219436,-0.13707328,-0.27478507,-0.00740844,-0.028891595,-0.27363777,-0.20133299,-0.115839675,-0.17205319,-0.24331744,-0.22263654,-0.113107055,33,2.0
-0.0395898,0.10841029,0.015400503,-0.058230635,0.49826285,-0.12191431,-0.17132981,-0.16010676,0.02445849,-0.29067472,-0.32707053,-0.19068909,0.13567236,-0.011594582,-0.07617317,-0.007980902,-0.11995262,0.0051797554,-0.31449193,-0.03790165,0.013546415,0.07053116,-0.19326925,-0.24749409,-0.1133825,0.0313998,-0.21415618,0.041535117,-0.15830424,-0.22159931,-0.34567958,-0.056456096,33,1.0
-0.061036296,0.18776569,0.1688308,0.17386588,0.78996587,0.093374126,-0.18810065,-0.21023996,0.0070491433,-0.26720282,-0.5495807,-0.27699158,0.13327071,-0.05206259,-0.030002184,0.008063957,-0.13707292,0.07607832,-0.13717745,-0.16485707,-0.085151166,-0.11793438,-0.3028609,-0.0054370095,-0.027268182,-0.25650603,-0.24823809,-0.07167054,-0.15717748,-0.26331532,-0.30745903,-0.09818564,33,2.0
-0.08367383,-0.004442498,-0.05102522,0.09286243,0.32479718,0.117614605,0.06309085,0.10387716,-0.095344506,0.10936892,0.0013868441,0.080801666,0.08138582,0.14875723,0.2713648,0.09556513,0.13404822,0.029919222,-0.11682518,-0.1650078,-0.13658343,0.010504797,0.0048838407,0.052146412,-0.013547055,0.02749035,0.018724026,-0.19518225,-0.16854733,-0.14306992,0.1299944,0.004701961,33,4.0
-0.06367445,0.18720284,0.16495992,0.17612392,0.78634435,0.08169827,-0.19006778,-0.21315841,0.007137686,-0.26782432,-0.5521708,-0.2775359,0.1424829,-0.047265466,-0.031341232,0.012310309,-0.14117143,0.076303266,-0.14924905,-0.1641362,-0.07992907,-0.11563488,-0.30415764,-0.006190251,-0.032132406,-0.25970072,-0.25480998,-0.07129181,-0.15634657,-0.2655131,-0.31951112,-0.09434975,33,2.0
-0.03017743,0.1688231,0.089390695,0.117305905,0.7492086,0.12178075,-0.12461401,-0.12218347,-0.07429242,-0.1776333,-0.41440195,-0.1586816,-0.045564275,-0.12897077,0.080918066,-0.0034037307,-0.16809316,-0.020218208,-0.020078346,-0.10590236,-0.042432964,-0.12426581,-0.21424925,-0.01678383,-0.020874906,-0.18489029,-0.1349766,-0.10263437,-0.1217004,-0.14886881,-0.0707185,-0.13073266,33,2.0
-0.085677855,0.001293201,-0.055899393,0.09820148,0.32314798,0.13089758,0.046638206,0.08658917,-0.08464618,0.088358015,-0.025895087,0.064843,0.08414231,0.13409619,0.26106375,0.0772008,0.13068469,0.031800106,-0.10527848,-0.1674953,-0.14587381,-0.013063036,-0.016940884,0.04671961,-0.023740286,0.024072764,0.029506179,-0.18914725,-0.15417808,-0.13818312,0.113286294,0.007604059,33,4.0
-0.041073434,0.1624527,0.1371084,0.14827317,0.7494087,0.06959283,-0.17366627,-0.16600908,-0.011179246,-0.23244832,-0.5040058,-0.26144645,0.0943173,-0.05567946,-0.021746065,0.024738438,-0.15256833,0.05617153,-0.11482105,-0.15737224,-0.0684292,-0.12305129,-0.27703455,-0.0052066073,-0.02165482,-0.2519349,-0.23226397,-0.07528236,-0.1568641,-0.23461643,-0.24619922,-0.09694418,33,1.0
-0.058076143,0.17094314,0.12336445,0.06378652,0.6045088,-0.031786606,-0.20827907,-0.18180794,0.03679785,-0.30322537,-0.4570556,-0.17451476,0.12745985,-0.012069643,-0.08264979,0.033447396,-0.18350656,0.11264562,-0.28699702,-0.053568397,-0.008247469,0.031102948,-0.23055139,-0.17251025,-0.105465755,-0.036443427,-0.26905718,0.05110603,-0.122779176,-0.20280398,-0.39418235,-0.08553033,33,3.0
-0.02854924,0.17149454,0.0985599,0.13842593,0.75838166,0.13899177,-0.10343359,-0.10715197,-0.076812774,-0.15187001,-0.39441097,-0.16122422,-0.048856236,-0.106441885,0.08016176,0.0015218854,-0.15891029,-0.026203252,0.007146932,-0.0932572,-0.030894766,-0.095081545,-0.20573711,-0.03005609,-0.026641559,-0.1877478,-0.12446394,-0.08808644,-0.09800048,-0.10323924,-0.049360044,-0.1526962,33,1.0
-0.085027955,0.002455037,-0.051054172,0.09584378,0.32286456,0.12567255,0.050252058,0.0914823,-0.084725626,0.09764622,-0.016885689,0.06278673,0.08205069,0.13780262,0.26023507,0.081349924,0.13147394,0.032042943,-0.10703136,-0.16045639,-0.14149559,-0.0054600425,-0.010527071,0.043615982,-0.023450464,0.024944922,0.0255464,-0.19460341,-0.15661767,-0.14252196,0.119308256,0.01095593,33,4.0
-0.0444033,0.17048398,0.11638938,0.121431544,0.7444506,0.12144833,-0.13968661,-0.12880915,-0.048077,-0.21276283,-0.42748395,-0.21538109,0.008176066,-0.10055706,0.048887547,0.018266387,-0.14292334,0.023131698,-0.024053782,-0.148506,-0.0515578,-0.13550702,-0.2245008,0.00069586094,-0.017800856,-0.2324702,-0.16460046,-0.10203492,-0.15554735,-0.18336682,-0.12535512,-0.12454726,33,3.0
-0.074266955,0.009468434,-0.024253184,0.09472707,0.31916746,0.12272175,0.056286357,0.096656986,-0.071799286,0.12410307,0.005456764,0.05487473,0.08427025,0.15590806,0.25589418,0.08785324,0.1422565,0.031233713,-0.10900417,-0.13407533,-0.13443348,0.014409164,0.0055302307,0.03318868,-0.020424696,0.03955856,0.015685624,-0.20468408,-0.15734386,-0.14357047,0.13975976,0.02738737,33,4.0
-0.040272854,0.15133694,0.13328971,0.13809559,0.73303515,0.048586365,-0.1765095,-0.16197515,-0.012575187,-0.23640077,-0.5111274,-0.26247934,0.0934931,-0.043224003,-0.026014198,0.021188179,-0.15862203,0.056738608,-0.13877583,-0.14260824,-0.06770505,-0.11283935,-0.2801121,-0.012350081,-0.024589093,-0.24084686,-0.23919064,-0.065293886,-0.14948924,-0.23199368,-0.24999559,-0.09437188,33,2.0
-0.093334526,0.057621263,-0.0130547285,0.058818087,0.845135,0.14043835,-0.021774761,-0.07657474,-0.019646376,0.063691035,-0.31418136,0.010836195,-0.062362168,-0.08566213,-0.093159266,-0.19850703,-0.3614574,-0.24240744,0.009400584,0.12399089,-0.24826634,0.054130353,-0.21276784,-0.2057777,0.035194736,-0.18786474,-0.03352713,-0.25462452,-0.007658303,-0.08391169,-0.05366611,-0.11060426,33,1.0
-0.08049812,0.007161228,-0.045801565,0.09588762,0.31776312,0.1276679,0.048487835,0.08991394,-0.07927952,0.10138893,-0.016048007,0.055212278,0.081324875,0.14186566,0.25760996,0.07942504,0.13379931,0.03315703,-0.106342785,-0.15234119,-0.13852261,-0.002756616,-0.008187443,0.039308034,-0.02629154,0.029350692,0.023995476,-0.19543949,-0.1524255,-0.14213169,0.12068147,0.016975902,33,4.0
-0.057842225,0.17801318,0.14400049,0.15023763,0.77084506,0.1300192,-0.14738457,-0.16732006,-0.028401904,-0.24034117,-0.47323292,-0.25575614,0.066038355,-0.07963833,0.022211025,0.008325553,-0.113532126,0.05383297,-0.05150704,-0.16774303,-0.068430886,-0.13905549,-0.2616328,-0.0074602943,-0.02653684,-0.2682498,-0.19102213,-0.11865842,-0.17310451,-0.23022217,-0.19981603,-0.118383944,33,2.0
-0.068529956,0.005927015,-0.017222317,0.092994645,0.32576168,0.114621185,0.06692081,0.0999617,-0.083254375,0.13629855,0.017423194,0.06512931,0.07834555,0.17181912,0.26123035,0.10263395,0.14337043,0.03331157,-0.11979483,-0.13406275,-0.12462504,0.028659873,0.025708444,0.029763194,-0.020434385,0.04642089,0.0029380377,-0.21206988,-0.16952835,-0.15121885,0.15545756,0.018677536,33,4.0
-0.043438833,0.15023702,0.11879444,0.1329428,0.72828656,0.0855602,-0.15203592,-0.13226156,-0.03606946,-0.21638678,-0.4604688,-0.24872029,0.043281235,-0.070476696,0.016117256,0.01565672,-0.14700307,0.032661676,-0.06568246,-0.15050083,-0.061048437,-0.13527101,-0.24925914,0.0020149155,-0.021865971,-0.25466174,-0.18705891,-0.10792264,-0.15204117,-0.20670398,-0.16551647,-0.10703783,33,1.0
-0.017937483,0.13369484,0.04476409,0.12839763,0.73139995,0.12029342,-0.06966718,-0.08427416,-0.08105735,-0.044497337,-0.36484092,-0.09461601,-0.07987176,-0.088751435,0.05960182,-0.059393674,-0.21856646,-0.124836415,-0.0025111735,0.016800093,-0.069199994,-0.036216903,-0.20663488,-0.071278624,-0.023695422,-0.15879054,-0.07882613,-0.13128349,-0.036427096,-0.06723082,-0.009068553,-0.1420039,33,1.0
-0.031509846,0.17713106,0.10488948,0.110770404,0.7438302,0.13154432,-0.13440624,-0.12136686,-0.055451877,-0.19587512,-0.404232,-0.17144872,-0.019688495,-0.12648259,0.062517226,0.02200025,-0.15193185,0.005862616,-0.009889804,-0.13659994,-0.04365992,-0.12493596,-0.2006703,-0.002632674,-0.01223336,-0.19157308,-0.15027927,-0.072952315,-0.14156929,-0.15988742,-0.08857204,-0.13276419,33,2.0
-0.090163015,0.001649674,-0.049016345,0.09358102,0.32829165,0.12059277,0.053384177,0.09663004,-0.083240554,0.101552784,-0.010504181,0.061907668,0.083537705,0.13054727,0.25678954,0.08235417,0.12905121,0.031239651,-0.10488786,-0.1566817,-0.14200959,-0.0039023776,-0.013625599,0.043873332,-0.020173581,0.018191364,0.02646749,-0.19767977,-0.1599144,-0.14560647,0.11980558,0.01298286,33,4.0
-0.06067556,0.112910114,0.033104632,-0.03144849,0.5552711,-0.0950257,-0.16361158,-0.1436911,0.013451397,-0.2803024,-0.31241608,-0.18408144,0.10386695,-0.007544093,-0.09426511,0.012896687,-0.1724625,0.035648197,-0.30172783,-0.025584277,0.0057725757,0.061290406,-0.20373446,-0.24117844,-0.13611291,0.044511802,-0.20136377,0.048288334,-0.12437384,-0.19234343,-0.34535396,-0.06742099,33,3.0
-0.052399524,0.14404494,0.13493252,0.13691363,0.7116234,0.04326229,-0.17037441,-0.16260773,-0.022020135,-0.24729861,-0.5132947,-0.27665305,0.09240909,-0.020959709,-0.022264166,0.0064751357,-0.15249507,0.05597859,-0.1481502,-0.13148499,-0.055853058,-0.10857976,-0.2811494,-0.022640944,-0.038876817,-0.2532534,-0.22851142,-0.08498728,-0.14232893,-0.22916454,-0.2513144,-0.09896225,33,2.0
-0.079146475,0.19862306,0.16131422,0.11090036,0.659297,0.020212417,-0.22771506,-0.18642709,0.039965913,-0.31636328,-0.5015356,-0.17310421,0.1297473,-0.0065903924,-0.05925391,0.045857847,-0.18559566,0.12606347,-0.2678479,-0.06962536,-0.027504249,0.013561642,-0.23253584,-0.12841415,-0.07292656,-0.057496846,-0.28234628,0.06116294,-0.102434084,-0.1936484,-0.3966954,-0.09846175,33,3.0
-0.044401698,0.16515657,0.08165477,0.13362029,0.7644641,0.12390713,-0.11594396,-0.11018023,-0.07230005,-0.17041199,-0.4258585,-0.18774502,-0.040186264,-0.10123943,0.08048503,-0.010877714,-0.1819061,-0.02775449,-0.01616373,-0.10230352,-0.040590905,-0.10962569,-0.22783574,-0.017397232,-0.030440263,-0.20114042,-0.12476264,-0.1138098,-0.103800684,-0.13836904,-0.07865822,-0.1318788,33,2.0
-0.037157904,0.16900694,0.119209066,0.06367822,0.5875019,-0.037683934,-0.20745161,-0.19986011,0.035392188,-0.3043439,-0.48753422,-0.20135652,0.15298301,-0.009198178,-0.064751655,0.025610127,-0.15863936,0.09758169,-0.28405517,-0.07093383,-0.003529124,0.008356555,-0.24205273,-0.15278356,-0.08176893,-0.08977915,-0.28819528,0.02291133,-0.15001822,-0.22738592,-0.3845415,-0.083807744,33,3.0
-0.05888585,0.21402654,0.1779582,0.13869019,0.6997429,0.017412648,-0.2345783,-0.22891472,0.04767567,-0.30924654,-0.5671555,-0.21787076,0.17185968,-0.013888836,-0.060712587,0.030580506,-0.16685626,0.12179429,-0.26349837,-0.10969812,-0.047088906,-0.023250032,-0.2761448,-0.08737723,-0.04296212,-0.14603142,-0.30738845,0.030298948,-0.12554595,-0.23613276,-0.4192195,-0.08819836,33,3.0
-0.07613274,0.0068294667,-0.028787833,0.09050454,0.32152373,0.1146399,0.06490774,0.108485326,-0.08032752,0.12959875,0.01611815,0.06261511,0.080775574,0.15895496,0.26234776,0.09736118,0.13868594,0.032413296,-0.114758365,-0.13738938,-0.12728485,0.02327438,0.012720801,0.037339635,-0.017370334,0.03558322,0.00928469,-0.2062739,-0.16502237,-0.14907773,0.14138861,0.023250487,33,4.0
-0.065977424,0.21558917,0.18435058,0.13601252,0.69572335,0.021179115,-0.23868947,-0.21605615,0.052062854,-0.3164677,-0.55702764,-0.19796596,0.15762219,-0.009516943,-0.062346358,0.03746602,-0.17418365,0.13285345,-0.26975077,-0.09644173,-0.04549919,-0.006275244,-0.2635706,-0.09918099,-0.045326125,-0.11318107,-0.30145654,0.05214518,-0.110556975,-0.21788184,-0.4203911,-0.0948499,33,3.0
-0.05022406,0.16993675,0.094997734,0.1402758,0.7767477,0.13224028,-0.10932953,-0.11630122,-0.071066365,-0.17864114,-0.41934124,-0.19441818,-0.028948167,-0.09672563,0.0807866,0.0040186737,-0.15992807,-0.0034034923,-0.008389197,-0.114171535,-0.036842346,-0.11265365,-0.22679171,-0.023775943,-0.033284564,-0.21844594,-0.13468131,-0.11005242,-0.1180631,-0.13507636,-0.087432496,-0.14055195,33,2.0
-0.063815646,0.007845536,-0.03760263,0.09699437,0.3125503,0.12785195,0.051470473,0.08225022,-0.09275769,0.10026127,-0.023194842,0.07491098,0.07656015,0.1768109,0.2742159,0.085030675,0.14772084,0.031222604,-0.11965209,-0.16834588,-0.13702983,0.0024854392,0.012370251,0.038748674,-0.028300397,0.053318746,0.0041541774,-0.19335929,-0.1571568,-0.13975097,0.13576409,0.007331252,33,4.0
-0.04345934,0.16134839,0.10855608,0.12424432,0.7425595,0.10754338,-0.14327167,-0.12720634,-0.052873425,-0.21145722,-0.43806356,-0.21220618,-0.00059438497,-0.10345304,0.05663152,0.0033792797,-0.14713961,0.014552742,-0.03170261,-0.1415453,-0.05772375,-0.14332217,-0.23228663,-0.00036802748,-0.019462537,-0.23335724,-0.15802135,-0.12256541,-0.14676976,-0.18809293,-0.11827173,-0.11734812,33,2.0
-0.06735036,0.22615129,0.20240077,0.18218479,0.79730105,0.084416986,-0.23127748,-0.25125566,0.046289757,-0.30425084,-0.60113233,-0.25340852,0.17688617,-0.036383417,-0.041767597,0.010317421,-0.14314114,0.105785705,-0.2114861,-0.15074825,-0.093084395,-0.0791038,-0.3034804,-0.024650617,-0.012282495,-0.20495857,-0.29252455,-0.0053296397,-0.12873255,-0.26476654,-0.395597,-0.092221014,33,2.0
-0.050633736,0.20107386,0.1775681,0.16258001,0.75576586,0.038067743,-0.2186321,-0.22904651,0.030048162,-0.284973,-0.5758236,-0.25837776,0.16542792,-0.027112816,-0.051402465,0.021611866,-0.15818955,0.09668774,-0.21565115,-0.14452715,-0.07063019,-0.07435546,-0.30337703,-0.031747587,-0.024053749,-0.21616264,-0.2927028,-0.013445005,-0.13998789,-0.25844172,-0.3791956,-0.0889758,33,3.0
-0.061694697,0.17151812,0.13203894,0.1450008,0.7647507,0.12723777,-0.14035851,-0.14813308,-0.038549025,-0.23812886,-0.46304527,-0.25772837,0.043394573,-0.078970596,0.034091752,0.007694384,-0.12705511,0.044825807,-0.040480383,-0.15998065,-0.06167744,-0.13425767,-0.2525947,-0.006041671,-0.02753307,-0.2642159,-0.17505969,-0.119765796,-0.16503377,-0.21169688,-0.17282899,-0.12446368,33,1.0
-0.062263682,0.18138975,0.15063627,0.16359185,0.7825621,0.12715667,-0.15713127,-0.18151432,-0.017543353,-0.25137427,-0.49803495,-0.26660398,0.08951454,-0.07368848,0.008383227,0.005681947,-0.11478706,0.061800398,-0.0686719,-0.17184347,-0.076364316,-0.13781077,-0.276306,-0.0065900334,-0.02928592,-0.27188152,-0.20493181,-0.11387665,-0.17231733,-0.24560845,-0.23186666,-0.11183983,33,2.0
-0.07877701,0.007190006,-0.040916845,0.09614216,0.3157306,0.12865222,0.050980367,0.09401074,-0.07675305,0.10674381,-0.00975796,0.059284512,0.083382666,0.14747044,0.25998706,0.08168929,0.13733816,0.031002514,-0.10679683,-0.14936253,-0.13887993,0.002678697,-0.005125776,0.04175698,-0.021688297,0.033635244,0.02102424,-0.19359487,-0.15298003,-0.13943827,0.12493392,0.019644175,33,4.0
-0.03188441,0.15892607,0.075540766,0.14120911,0.7535649,0.12721542,-0.09492548,-0.096167564,-0.07654285,-0.12767698,-0.39882606,-0.15912595,-0.056303047,-0.092684776,0.0812322,-0.016128357,-0.1824666,-0.049888648,-0.0019807145,-0.066685185,-0.034690302,-0.0767852,-0.21778795,-0.03832881,-0.031083636,-0.18822771,-0.109993115,-0.104865186,-0.07241792,-0.09393126,-0.045938704,-0.14467739,33,2.0
-0.08259091,0.006853964,-0.04692929,0.09645262,0.3183306,0.128888,0.04722503,0.08942786,-0.07732481,0.09858203,-0.0183864,0.053943742,0.083244264,0.13805908,0.2568931,0.07703933,0.13323039,0.032710925,-0.10405267,-0.1529907,-0.1410738,-0.0057477746,-0.013243493,0.04030764,-0.025191993,0.026915446,0.026466785,-0.1936526,-0.15115869,-0.14060026,0.11808996,0.017434586,33,4.0
-0.05326646,0.16534165,0.14567131,0.15312292,0.7590076,0.08526265,-0.16800462,-0.17305988,-0.014964871,-0.2433833,-0.5071781,-0.2711607,0.09436701,-0.054895725,-0.013068386,0.013674453,-0.14056878,0.058634005,-0.10645477,-0.15928708,-0.071602084,-0.12704268,-0.28153574,-0.0028176797,-0.02732653,-0.2631836,-0.22192073,-0.09232622,-0.1605329,-0.24155919,-0.24362518,-0.103960976,33,2.0
-0.03797513,0.12861946,0.018673953,-0.028482847,0.47998598,-0.080969185,-0.1802704,-0.17966217,0.024858028,-0.29229397,-0.351889,-0.19049501,0.15564084,-0.012366667,-0.059292648,0.0014034826,-0.11912939,0.01552815,-0.30770284,-0.045596372,0.024041645,0.05244648,-0.19203919,-0.21859652,-0.11751218,0.004145805,-0.23203734,0.028345425,-0.17731073,-0.23466387,-0.3516204,-0.06034132,33,3.0
-0.055544168,0.09841931,0.013522901,0.13214207,0.7595091,0.10962263,-0.027205575,-0.06141441,-0.05057957,0.0130569935,-0.36115175,-0.09653641,-0.06416821,-0.059578013,0.02611693,-0.09165956,-0.26659977,-0.14239195,-0.0015506893,0.042019904,-0.09778972,0.03133194,-0.2402339,-0.110990934,-0.021792302,-0.18998422,-0.043435596,-0.17672323,-0.0002463907,-0.048472557,-0.03407821,-0.13247527,33,1.0
-0.047488436,0.15642175,0.1309876,0.14381972,0.7419418,0.08130808,-0.15982114,-0.15209289,-0.025781661,-0.22765757,-0.48230183,-0.26106763,0.072549954,-0.05992466,-0.00027900818,0.018695435,-0.14384238,0.046295807,-0.08861824,-0.15681162,-0.06415013,-0.13343027,-0.26608407,-9.503774e-05,-0.02516261,-0.26334864,-0.20763259,-0.10179482,-0.1584309,-0.22600937,-0.20749116,-0.10430446,33,3.0
-0.053459167,0.123324,0.04964384,-0.018961009,0.5496674,-0.08803676,-0.17337811,-0.15403445,0.021340474,-0.28719676,-0.3425881,-0.1807552,0.1119793,-0.011255797,-0.09222424,0.012584973,-0.16671509,0.05046252,-0.30165774,-0.031383887,0.0071386322,0.058890168,-0.20575514,-0.23323858,-0.13219342,0.0293319,-0.21760209,0.0485627,-0.13162062,-0.20013368,-0.35599244,-0.07016143,33,2.0
-0.07498757,0.0058621615,-0.03070132,0.09350701,0.32069048,0.11967027,0.060972005,0.10250665,-0.08124383,0.12271233,0.008248901,0.06620732,0.080869384,0.16071105,0.26387212,0.093841754,0.1405657,0.030263208,-0.114008285,-0.14360426,-0.13218972,0.01796119,0.010665454,0.039924406,-0.017931046,0.039382398,0.010323295,-0.20288213,-0.16333354,-0.14591399,0.14082646,0.020676073,33,4.0
-0.058015257,0.17362535,0.14391723,0.07481268,0.6181281,-0.027875632,-0.21126992,-0.18328843,0.038709804,-0.30993587,-0.47724825,-0.17716368,0.124714814,-0.007678982,-0.08056017,0.038087465,-0.17913328,0.12720668,-0.28392777,-0.061108243,-0.019988194,0.026886947,-0.23967779,-0.16495347,-0.091724426,-0.046181962,-0.27907193,0.055814642,-0.12039802,-0.20015243,-0.39135516,-0.095301494,33,3.0
-0.04970763,0.15361343,0.13205884,0.14180867,0.7402569,0.08602231,-0.15523678,-0.14703235,-0.02854504,-0.23029138,-0.48331118,-0.26771706,0.06450256,-0.05868123,0.00019325246,0.011992119,-0.1470999,0.046429805,-0.08092047,-0.15241109,-0.062145837,-0.12772134,-0.2633671,-0.0030077677,-0.028021337,-0.26357573,-0.19855669,-0.10269713,-0.15451284,-0.2185401,-0.19921006,-0.108244255,33,3.0
-0.033241324,0.12691078,0.03973626,0.14065678,0.7393719,0.110810824,-0.060656484,-0.07526456,-0.070131935,-0.046753388,-0.37616187,-0.119855255,-0.0681726,-0.072697684,0.060264524,-0.05697903,-0.22017495,-0.1072348,-0.0021829605,0.0063125305,-0.06351833,-0.019660424,-0.22723103,-0.07997469,-0.026254332,-0.18467683,-0.07551504,-0.14082348,-0.024753034,-0.058979474,-0.025866836,-0.13811934,33,2.0
-0.033610873,0.17664883,0.11131059,0.13986303,0.7632798,0.14748324,-0.10771546,-0.10927324,-0.07180201,-0.16689628,-0.39761662,-0.17480053,-0.03931783,-0.10438347,0.07575243,0.006323874,-0.14708306,-0.012187462,0.014421843,-0.11383426,-0.032774016,-0.09745098,-0.20578659,-0.026117405,-0.027029121,-0.19563432,-0.13110128,-0.08443999,-0.10956104,-0.10937013,-0.06147568,-0.15423939,33,2.0
