0,1,2,3,4,5,6,7,8,9,10,11,12,13,14,15,16,17,18,19,20,21,22,23,24,25,26,27,28,29,30,31,Chip,Class
0.06880143,0.13182446,-0.0053243563,-0.10539451,0.40492442,0.032245997,0.060836986,-0.095575415,-0.11812824,-0.4361274,0.11129595,-0.1823231,-0.0005597109,-0.05878744,-0.06505468,-0.16507445,0.06641265,0.17247963,-0.19248942,-0.07345407,-0.10064631,0.13682295,0.14218909,0.056285895,0.1931333,-0.026155824,0.07049133,-0.21674168,-0.12536311,0.20394343,0.01962819,0.24080002,15,4.0
0.11490049,0.06298856,-0.039726358,-0.032079976,0.26733154,0.073756844,-0.03487441,-0.11928682,-0.17692862,-0.31644073,0.0839555,-0.0254994,-0.099638745,-0.034576092,-0.10649579,-0.18124767,-0.018353775,0.082978584,-0.07263369,-0.0490601,-0.035542894,0.06581623,0.03203298,0.08466727,0.081203274,0.10452153,0.022343334,-0.20640914,-0.13339998,0.06032387,0.027189672,0.007205001,15,4.0
0.13649184,0.02212249,-0.046836678,-0.00908111,0.2905822,0.07744106,-0.041096196,-0.10104861,-0.21689856,-0.30495003,0.08150856,-0.04539719,-0.12518272,-0.046049435,-0.15306754,-0.19564743,-0.046922058,0.0580171,-0.05879847,-0.035877697,-0.019609045,0.006855583,-0.0019246172,0.08312835,0.026900783,0.14053717,-0.015170701,-0.16148596,-0.16303779,0.014954859,0.04371874,-0.051167488,15,4.0
0.032455154,0.1345616,-0.04103684,-0.10474327,0.34914732,0.028903387,0.032524787,-0.09389859,-0.09594168,-0.4074291,0.084041566,-0.109868035,-0.019723723,-0.038393755,-0.043852538,-0.13622373,0.05389422,0.15786338,-0.16724795,-0.07234405,-0.100865126,0.16009645,0.12634955,0.061431073,0.18304169,-0.045900617,0.0958406,-0.23871796,-0.069755346,0.18625067,0.009195317,0.19281445,15,1.0
0.1630944,0.028070135,-0.072945416,0.022183897,0.31631082,0.10772573,-0.074889734,-0.1300218,-0.29583403,-0.24918553,-0.019457767,-0.022779468,-0.18471657,-0.031565633,-0.1657441,-0.24732046,-0.10938282,0.0064299256,-0.116892375,0.0047842953,-0.0014839694,-0.03775002,-0.08040186,0.007710021,-0.070706405,0.15309107,-0.09989484,-0.12986004,-0.18909438,-0.04838464,0.012331232,-0.17058808,15,3.0
0.14309964,0.05226811,-0.07646157,0.016136045,0.36189952,0.0824863,-0.09648523,-0.11083974,-0.32248056,-0.2088696,-0.07216497,-0.00929527,-0.23166221,-0.044046078,-0.185491,-0.27800074,-0.13892165,-0.00977587,-0.16932356,0.03903683,0.01443702,-0.062598236,-0.12333285,-0.011750329,-0.10714956,0.19257446,-0.09500186,-0.09827664,-0.19942437,-0.057439987,0.036387414,-0.2286683,15,1.0
0.018105324,0.022360483,0.19757634,0.26967922,0.28706172,-0.08604657,0.004499316,-0.11833831,-0.061963186,0.20806357,0.08657265,-0.054430056,0.052437965,-0.17604645,-0.2183902,0.044203766,0.13016167,-0.12910464,-0.18090557,-0.04896663,0.13410783,-0.04289837,-0.17418754,-0.15007827,-0.0024687797,0.0014383774,-0.10316986,-0.1511338,0.037969172,0.07911454,0.078620225,0.08411856,15,1.0
0.035235,0.1552925,-0.108857974,0.006379854,0.247774,0.06656089,-0.13846174,-0.05831623,-0.25247034,-0.18413752,-0.105988175,-0.07144751,-0.12891376,-0.056968305,-0.12968946,-0.16818534,-0.02233047,0.00751153,-0.2716817,-0.066612326,0.008033313,-0.0091871545,-0.15159668,0.07142298,-0.078635864,0.00823959,0.019025417,-0.13489905,-0.062068045,-0.006233413,0.13676673,-0.13807544,15,2.0
0.064726874,0.10609067,-0.04614379,-0.083932385,0.33992183,0.042492595,0.04038771,-0.0614351,-0.094140776,-0.38701773,0.11912152,-0.0998017,-0.026724573,-0.053238098,-0.06514126,-0.14194907,0.048524547,0.15554157,-0.10232034,-0.051571526,-0.07812619,0.1348286,0.123011045,0.08420071,0.14998275,0.007268129,0.09479837,-0.2181456,-0.09924048,0.14562234,0.0221661,0.15656266,15,1.0
0.13683727,0.048731,-0.07591967,0.015896592,0.3672927,0.07920925,-0.09944582,-0.1091234,-0.3237435,-0.205129,-0.07134152,-0.003362123,-0.23594716,-0.050449338,-0.18312451,-0.27900833,-0.14359266,-0.015198149,-0.17649518,0.044612117,0.016345836,-0.0653768,-0.1261333,-0.004269886,-0.11075008,0.2040312,-0.08489822,-0.08747801,-0.20197363,-0.055971045,0.045155287,-0.24625106,15,2.0
0.14139213,0.09441181,-0.10222818,0.042624988,0.32594332,0.11522089,-0.10204225,-0.1498388,-0.30786845,-0.24548045,-0.08183635,-0.004329793,-0.21087693,0.008206617,-0.171731,-0.25054753,-0.09346844,0.017081376,-0.21260521,-0.009938896,-0.0017944649,-0.009887168,-0.10951074,-0.05469213,-0.07573878,0.08304185,-0.11119942,-0.15982302,-0.15241495,-0.044430066,-0.018542197,-0.15256429,15,2.0
0.065609775,0.14952369,-0.10294415,0.021438845,0.2976833,0.06493925,-0.1288554,-0.094845586,-0.2758643,-0.20781454,-0.12825663,-0.049451437,-0.19711624,-0.042259183,-0.14649838,-0.21850239,-0.072315395,0.039434463,-0.27515164,-0.03415724,-0.0032839105,-0.025544766,-0.1450462,0.021628179,-0.08613841,0.05429968,-0.006257824,-0.14288174,-0.100328185,-0.020499844,0.09199954,-0.16016091,15,1.0
0.11549103,0.09009166,-0.10476428,0.034157157,0.3568841,0.08221371,-0.10639902,-0.10562071,-0.31283578,-0.20698845,-0.119239956,-0.02361504,-0.25188485,-0.041647132,-0.16940537,-0.27915186,-0.13239796,0.03108577,-0.23072734,0.035743967,-0.0008567795,-0.05205472,-0.13913164,-0.029031144,-0.12575945,0.16537629,-0.08202025,-0.11249697,-0.17259243,-0.056964856,0.04725732,-0.23010226,15,2.0
0.01503719,0.14365466,-0.10897799,0.012156155,0.1845162,0.0423645,-0.11596092,-0.030406993,-0.24338402,-0.11857975,-0.069995105,-0.08194677,-0.06629041,-0.036205556,-0.15097013,-0.14260793,0.013738774,-0.04925686,-0.23596859,-0.06755301,0.019498728,0.0091805775,-0.18120742,0.05292277,-0.060881224,-0.02838374,-0.026712265,-0.14258675,-0.040464643,-0.0116859,0.13353975,-0.113113165,15,2.0
0.0558938,0.083422706,0.12243013,0.19268368,0.29323274,-0.09926784,-0.033303984,-0.08615813,-0.076930255,0.13787869,0.020586714,-0.10394816,-0.01606338,-0.13667345,-0.14409241,0.006265875,0.1397717,-0.10254126,-0.19319916,-0.053031035,0.076848045,-0.052850444,-0.13069269,-0.13472041,-0.053972214,-0.018471701,-0.08017011,-0.16486135,0.036763143,0.012462541,0.0565149,0.040120553,15,4.0
0.042227212,0.09224161,-0.046476033,-0.12732446,0.475725,0.059540518,0.10772448,-0.021843288,-0.04289421,-0.4525707,0.14697811,-0.2358768,0.05063544,-0.07333101,-0.024612872,-0.12164294,0.10322671,0.263488,-0.17317563,-0.048766255,-0.15660721,0.1594345,0.19515231,0.024701864,0.18563989,-0.11493632,0.08336419,-0.19114003,-0.095985994,0.18433401,0.040278483,0.2934985,15,1.0
0.008599784,0.14474647,-0.10900694,0.01064432,0.17580953,0.051854555,-0.11641685,-0.01677128,-0.23681533,-0.117871895,-0.06598536,-0.08861967,-0.05946748,-0.03809252,-0.15511265,-0.13766901,0.028352976,-0.041674376,-0.2266989,-0.070882104,0.026108071,0.014585014,-0.17284094,0.06538762,-0.058821067,-0.030531071,-0.027155325,-0.13720287,-0.03809017,-0.005768515,0.13614024,-0.10662204,15,2.0
0.08489459,0.003970219,0.14933077,0.2598084,0.2551091,-0.13075218,0.040394552,-0.11081076,-0.041998193,0.2344768,0.036689255,-0.08914147,0.02209166,-0.15923041,-0.18295228,0.09420716,0.15026963,-0.12309096,-0.20884454,-0.064932376,0.08885305,-0.03157963,-0.117883004,-0.13204627,-0.07916746,-0.015793793,-0.040339965,-0.18726493,0.05422052,0.027186356,0.057126876,0.093710124,15,3.0
0.08877307,0.15814993,-0.05362654,0.07158962,0.34690103,0.04946463,-0.12485973,-0.12633234,-0.22649866,-0.10135847,-0.066949576,0.00029180944,-0.19670518,-0.030672085,-0.13547602,-0.20334393,-0.03533446,0.024275806,-0.2079899,-0.033751674,0.034331724,-0.037506647,-0.13054058,-0.07420589,-0.06075339,0.009251971,-0.17519642,-0.16022636,-0.09272373,-0.040032502,-0.024242278,-0.098762594,15,3.0
0.0120816585,0.14660928,-0.108156025,0.005780626,0.17245986,0.039779566,-0.11247373,-0.036949147,-0.24852411,-0.12414297,-0.07321766,-0.08925727,-0.0668212,-0.037211705,-0.14813805,-0.14428867,0.0036300793,-0.040273137,-0.23276764,-0.06837193,0.015112095,0.00843153,-0.18341018,0.062353633,-0.06689317,-0.02016885,-0.016349975,-0.14462328,-0.039270163,-0.0034764484,0.14214101,-0.118738204,15,2.0
0.008716395,0.14587629,-0.1086137,0.00992322,0.17453063,0.05084684,-0.11478963,-0.0169231,-0.23735188,-0.1210511,-0.06804472,-0.090916805,-0.062201224,-0.039359022,-0.15340182,-0.13656996,0.024923699,-0.038111575,-0.22465822,-0.071348466,0.02611515,0.012200139,-0.17253704,0.067091785,-0.06044439,-0.029667068,-0.024608308,-0.13447526,-0.036897644,-0.0034407228,0.13616589,-0.10766876,15,1.0
-0.059579015,0.16432181,-0.15601705,-0.14384338,0.29392463,-0.0007264686,0.001070261,-0.09078736,-0.02258902,-0.35194883,0.037425388,0.07301102,-0.06184045,0.039034553,0.016712472,-0.12441566,0.08338878,0.16143937,-0.12541804,-0.041855246,-0.12355,0.19791315,0.16658604,0.08805097,0.15898114,-0.012904208,0.19507502,-0.25029293,0.022923846,0.12626535,0.004997343,0.06167616,15,3.0
0.064256445,0.17235413,-0.045913767,0.093552515,0.32681865,0.03532681,-0.11049434,-0.1039821,-0.19284591,-0.05675666,-0.035200123,-0.0129537545,-0.1738518,-0.042515237,-0.111614965,-0.17190646,0.023643736,-0.004232019,-0.2099759,-0.029482102,0.050527364,-0.026571276,-0.13055116,-0.077021666,-0.07477692,-0.012069967,-0.18701027,-0.1381888,-0.06935559,-0.031811494,-0.028376985,-0.089798205,15,2.0
0.025459338,0.15544231,-0.104746565,0.0024478398,0.21659082,0.04371694,-0.12786072,-0.06448626,-0.26234344,-0.16726634,-0.10806276,-0.07972493,-0.114007816,-0.05128253,-0.13470478,-0.16793114,-0.037393905,-0.003011644,-0.25621232,-0.06605218,0.0009796694,-0.015442155,-0.17315975,0.06365057,-0.08110323,0.005358601,0.014978198,-0.14672884,-0.05276945,-0.0013036095,0.14093085,-0.13834691,15,2.0
0.068897605,0.15060206,-0.10510349,0.018980691,0.30398217,0.07161433,-0.12817267,-0.08894603,-0.27484462,-0.2135723,-0.12767857,-0.04767812,-0.20119418,-0.043537345,-0.14614828,-0.21954295,-0.06853181,0.04250963,-0.27585995,-0.031005865,-0.0017453283,-0.023126686,-0.14127375,0.027063716,-0.08634782,0.057276476,-0.008220812,-0.13144276,-0.10556871,-0.024744984,0.087065324,-0.16496968,15,2.0
0.1261527,0.101978116,-0.07756199,0.022652319,0.36842966,0.059019156,-0.11006253,-0.11729327,-0.3138086,-0.19557855,-0.11752154,-0.014187396,-0.25092852,-0.0372868,-0.18226662,-0.28916267,-0.13257527,0.027053975,-0.19635868,0.031369228,0.011786707,-0.063871026,-0.13275388,-0.045110926,-0.11215606,0.15596277,-0.113579094,-0.12897998,-0.18309462,-0.053745773,0.014851939,-0.18932697,15,3.0
0.15606612,0.025726857,-0.05790026,0.01687972,0.33313176,0.083694935,-0.07602061,-0.10934955,-0.29452914,-0.2327969,-0.021308875,-0.019537408,-0.19956587,-0.045430083,-0.17815053,-0.24759193,-0.121102095,-0.0019580647,-0.113207966,0.016140081,0.006051317,-0.05998477,-0.088370994,0.020847544,-0.0777607,0.18224832,-0.08312504,-0.102260195,-0.19869404,-0.056496438,0.04064741,-0.19280228,15,3.0
0.018557645,0.1461707,-0.10965374,0.010604516,0.1909082,0.043338314,-0.11721934,-0.035906587,-0.24502815,-0.121563226,-0.07276642,-0.07777773,-0.076409236,-0.036108974,-0.14715552,-0.14405458,0.010185551,-0.042561553,-0.23973104,-0.066212185,0.017938495,0.009922614,-0.17830881,0.055797458,-0.06685306,-0.023126235,-0.025556492,-0.14557078,-0.04501447,-0.009917192,0.1337036,-0.1152685,15,4.0
0.09706528,-0.03496227,0.15884091,0.28752625,0.24484009,-0.15128267,0.07362405,-0.11797093,-0.020756634,0.25124952,0.029741202,-0.07934454,0.033076447,-0.1528848,-0.17663369,0.12038494,0.15708406,-0.13123748,-0.2171028,-0.066359974,0.087457374,-0.0031932,-0.09193456,-0.122184254,-0.11290935,-0.046732105,-0.036319785,-0.16632496,0.058087677,0.032573596,0.029813271,0.10826808,15,2.0
0.09029205,0.1387389,-0.08463679,0.026015976,0.3590692,0.030424617,-0.12882426,-0.122713745,-0.3022542,-0.17168239,-0.14946623,-0.013413716,-0.2691896,-0.037259784,-0.17741975,-0.2947814,-0.13239484,0.05190376,-0.22780862,0.03268317,0.005485952,-0.061114423,-0.14514393,-0.059012517,-0.120833725,0.13826329,-0.106894106,-0.15420039,-0.16901538,-0.03524859,0.015866078,-0.1753813,15,4.0
0.01756122,0.14413756,-0.10612258,0.0025616586,0.18601944,0.034411766,-0.118329294,-0.050133385,-0.25577122,-0.13575295,-0.08582538,-0.08751704,-0.07245749,-0.042485166,-0.1388227,-0.14662871,-0.017255247,-0.038180858,-0.24266446,-0.06784616,0.0029923022,-0.0038186582,-0.18828416,0.061456896,-0.072938494,-0.018831635,0.00016530653,-0.15061969,-0.036451906,-0.0072510056,0.1480151,-0.13041292,15,1.0
0.027994908,0.102946825,-0.04410481,-0.13042627,0.46675265,0.04928468,0.09119158,-0.043836877,-0.049805984,-0.45380837,0.124642104,-0.22946686,0.042671222,-0.065514386,-0.017269261,-0.12149764,0.09343447,0.25023898,-0.20105416,-0.060853653,-0.15683466,0.16104797,0.17451945,0.015496481,0.2011821,-0.13458332,0.07721892,-0.20245272,-0.080243155,0.19162187,0.03661336,0.30028903,15,2.0
0.054758698,0.08530951,-0.039023343,-0.11299892,0.4563042,0.058559775,0.1018577,-0.021944005,-0.05178494,-0.44711542,0.15188816,-0.22586611,0.038504694,-0.07680544,-0.038310207,-0.12564339,0.096189216,0.24788743,-0.15888816,-0.049043722,-0.13727595,0.15232982,0.18198681,0.04002327,0.1715712,-0.090249896,0.08302641,-0.18862669,-0.11178603,0.18466002,0.039448537,0.2787315,15,3.0
0.13180579,0.020120138,-0.04457965,-0.011372142,0.2973456,0.06570491,-0.03311877,-0.08467563,-0.21286538,-0.3159611,0.0972528,-0.051381804,-0.12386626,-0.05304535,-0.16463196,-0.18741544,-0.03600792,0.0608651,-0.04929679,-0.03980145,-0.014925592,0.0018222776,0.012297634,0.09336705,0.03249362,0.1444217,-0.006666453,-0.14596444,-0.17308149,0.01805468,0.04677278,-0.038899276,15,3.0
0.01723689,0.107187636,-0.054276515,-0.13938297,0.4692523,0.048546832,0.090575635,-0.03815853,-0.04047916,-0.4507763,0.121963054,-0.2195611,0.04291743,-0.06058841,-0.010134194,-0.118195854,0.09698586,0.25385594,-0.19819632,-0.05662316,-0.16224314,0.16298099,0.18059225,0.008344654,0.21000573,-0.14442664,0.08761601,-0.20250492,-0.06664439,0.1791956,0.035473015,0.2967654,15,3.0
0.12962008,0.10826024,-0.033934083,0.029411664,0.34158427,0.057095602,-0.07435384,-0.17769288,-0.2845963,-0.32513514,0.01964283,-0.054349527,-0.14660273,-0.031179372,-0.17197353,-0.24216637,-0.05498124,0.02626079,-0.18166825,-0.07523173,0.015316166,0.0021034477,-0.010121961,-0.0020969315,0.043072388,0.073360965,-0.05187893,-0.20739153,-0.15663265,0.05697789,-0.03334472,0.0028406382,15,4.0
0.06796249,0.00047352538,0.15192312,0.26213875,0.27310264,-0.13345723,0.034404352,-0.112536386,-0.0492052,0.22676781,0.041471075,-0.091119744,0.0212765,-0.16410933,-0.20414764,0.080590434,0.15335026,-0.12395064,-0.20441115,-0.06604272,0.08294316,-0.03379407,-0.121306635,-0.14749748,-0.07297751,-0.017975857,-0.044400644,-0.177345,0.05707644,0.025550378,0.06358148,0.08877997,15,3.0
0.039921463,0.08764236,-0.04876746,-0.12712069,0.4805661,0.060822077,0.10851688,-0.017673284,-0.036592267,-0.45331028,0.14850655,-0.238352,0.052896578,-0.07436031,-0.02085389,-0.11722041,0.103867106,0.26996064,-0.17377232,-0.048079036,-0.1586734,0.16023903,0.19575416,0.020539213,0.1827445,-0.1237119,0.08267501,-0.19125977,-0.09219614,0.18203896,0.042476133,0.29775828,15,1.0
0.048811503,0.15358812,-0.10585314,0.013151303,0.27480176,0.058623396,-0.1367863,-0.08224905,-0.2691601,-0.19095051,-0.118072554,-0.052481625,-0.1680771,-0.04362164,-0.1429635,-0.1967551,-0.04819894,0.01916137,-0.27497247,-0.05345703,0.0026971325,-0.016810495,-0.15335289,0.039548602,-0.078928635,0.023749847,0.0008308024,-0.14752686,-0.08179361,-0.013699546,0.10772937,-0.14308263,15,4.0
0.12992476,0.0070498344,-0.050244298,-0.015173998,0.30658287,0.06186104,-0.029026529,-0.061916806,-0.19724774,-0.31773764,0.11753531,-0.058738053,-0.12123981,-0.059685532,-0.16886318,-0.17252745,-0.028294496,0.06236757,-0.03320223,-0.028781937,-0.019608833,-0.00019543839,0.0197991,0.11104513,0.033294596,0.15049352,0.019186508,-0.13209824,-0.17061208,0.023882985,0.06705835,-0.033337556,15,4.0
0.09321308,0.14518534,-0.09971438,0.025951447,0.32308033,0.06075947,-0.122373305,-0.11603976,-0.29787213,-0.19722408,-0.12226188,-0.014044575,-0.23315878,-0.013978604,-0.17932406,-0.24470158,-0.0814691,0.042806484,-0.24750426,-0.015695611,0.00736586,-0.016005242,-0.14472179,-0.025903067,-0.0927992,0.07630539,-0.08820745,-0.15682206,-0.13373663,-0.035953846,0.028336868,-0.15668061,15,3.0
0.020186182,0.14677034,-0.10981442,0.014078036,0.19835052,0.049234465,-0.11975665,-0.028669469,-0.2401082,-0.11705068,-0.06829603,-0.072340906,-0.08091906,-0.03376167,-0.14994839,-0.14384699,0.023977747,-0.042245053,-0.23823175,-0.06708745,0.025170788,0.014272658,-0.17197384,0.05295729,-0.06482528,-0.02643044,-0.03787157,-0.14336506,-0.048544183,-0.011540972,0.124328315,-0.1072115,15,1.0
0.098472916,0.120320775,-0.103100866,0.031309426,0.34946334,0.069256365,-0.1160162,-0.10822588,-0.30356216,-0.206662,-0.14014348,-0.026725627,-0.25439146,-0.039175075,-0.16599473,-0.27583116,-0.12133911,0.05260903,-0.24918705,0.022734014,-0.0027594417,-0.048298974,-0.14370503,-0.028803494,-0.11925548,0.13639028,-0.07239331,-0.1268852,-0.1572647,-0.048404884,0.04584435,-0.20643948,15,1.0
0.08206464,-0.020344988,0.2573064,0.321843,0.25474402,-0.13238189,0.02720493,-0.15424618,-0.037059605,0.24428973,0.06473242,-0.0012831837,0.0679566,-0.20078848,-0.15980318,0.08978257,0.073245905,-0.1653766,-0.22710061,-0.01835532,0.19989167,-0.043749195,-0.16419743,-0.14308423,-0.026517741,-0.041113213,-0.097172186,-0.15675592,0.035465427,0.105200335,0.018018153,0.10254977,15,3.0
0.11138562,0.14031373,-0.086408556,0.043892216,0.33631754,0.06690648,-0.11829362,-0.13818543,-0.29090294,-0.19151747,-0.107483506,-0.0055985637,-0.2263547,-0.0042279325,-0.17600304,-0.24607915,-0.086255565,0.035139162,-0.22586405,-0.024404412,0.01352682,-0.03081124,-0.12979786,-0.06948198,-0.08146334,0.06425887,-0.13566905,-0.16999236,-0.13316426,-0.045278218,-0.013223048,-0.13263394,15,4.0
0.088213354,0.08759026,-0.03765249,-0.06383386,0.32736683,0.050374612,0.023440305,-0.07004096,-0.1256779,-0.37783888,0.12802604,-0.09800446,-0.04815724,-0.06081895,-0.10075566,-0.1543415,0.036460266,0.13075587,-0.08746442,-0.05086054,-0.056016788,0.106394045,0.10144435,0.095544524,0.13225925,0.048928764,0.0741501,-0.204037,-0.12648848,0.12993425,0.030418778,0.12606798,15,2.0
0.08693804,-0.05337807,0.16870955,0.32234526,0.23862642,-0.17267385,0.06991484,-0.12896292,-0.049920924,0.28052717,0.047434997,-0.06982135,0.035061687,-0.16862318,-0.23080751,0.13220751,0.15755668,-0.14572534,-0.21832016,-0.08146383,0.08745603,0.0008360451,-0.09209455,-0.13682508,-0.10544411,-0.04182018,-0.01643045,-0.18161334,0.066402815,0.041850593,0.028872315,0.12154654,15,3.0
0.13394673,0.12645887,-0.059287887,0.05696712,0.3368754,0.061595306,-0.11296115,-0.18439718,-0.27406934,-0.22391978,-0.06387522,-0.0076469854,-0.19775598,-0.0021569915,-0.13567448,-0.23428485,-0.08127423,0.023785498,-0.21897712,-0.039425917,0.0071775764,-0.029502362,-0.06934803,-0.06440602,-0.032246515,0.03459417,-0.10311267,-0.19618548,-0.12957239,-0.021995787,-0.029472556,-0.07907633,15,1.0
0.15911523,0.065411374,-0.06947343,0.029714499,0.33172384,0.09815464,-0.08223573,-0.15558046,-0.2974375,-0.25963873,-0.03711088,-0.015853893,-0.18773797,-0.016977906,-0.15949473,-0.25793153,-0.09772968,0.015205178,-0.14938107,-0.008033095,-0.00022356212,-0.032161597,-0.07502615,-0.017343557,-0.055443745,0.11523932,-0.106415674,-0.15933658,-0.17808379,-0.03631367,-0.015947025,-0.12831578,15,2.0
0.060533028,0.09956447,-0.016949624,-0.10693526,0.45718786,0.048964463,0.087065585,-0.07403374,-0.091937944,-0.46128434,0.1323723,-0.24849641,0.03258638,-0.070577234,-0.048573405,-0.14890172,0.089712285,0.22671717,-0.21699741,-0.07217039,-0.1354036,0.14853261,0.16548671,0.03444226,0.19031078,-0.08545877,0.052186158,-0.19812974,-0.12811583,0.22023763,0.031413212,0.29474464,15,3.0
0.08715245,0.16139324,-0.08868888,0.052218698,0.34054255,0.046036337,-0.12960657,-0.12510394,-0.2608686,-0.14641793,-0.10158755,-0.00097265095,-0.2275141,-0.015046373,-0.15826806,-0.23256542,-0.04918263,0.03127596,-0.24248639,-0.022384925,0.020986743,-0.031203302,-0.1357926,-0.06532652,-0.079984225,0.032121763,-0.14446816,-0.16196617,-0.12342069,-0.047332127,-0.0138547085,-0.12090738,15,3.0
0.03263204,0.15035243,-0.11134209,0.013026815,0.23272339,0.058638,-0.13403255,-0.05335768,-0.2542417,-0.15226087,-0.08539246,-0.05642873,-0.118649125,-0.037312325,-0.1500143,-0.1615153,0.0023566633,-0.016547166,-0.2586921,-0.072423816,0.02200897,0.008942306,-0.15719834,0.05172877,-0.06787052,-0.008289275,-0.019882733,-0.15118185,-0.06412761,-0.009062372,0.11895255,-0.11716731,15,2.0
0.065002844,-0.14441101,0.3003271,0.46600294,0.3367096,-0.3268868,0.009800185,-0.13600653,-0.023940176,0.32245472,0.07952084,0.034336038,0.068774715,-0.24087474,-0.27752554,0.15790167,0.07784331,-0.20467106,-0.2782128,-0.024712594,0.183933,0.050109617,-0.080682926,-0.12281049,-0.13539243,-0.13013533,-0.07868193,-0.1752685,0.03779154,0.096468285,-0.09715615,0.1976177,15,1.0
0.077539876,0.16188057,-0.08230159,0.03935621,0.32526645,0.025019575,-0.13213988,-0.12669688,-0.2674367,-0.14372659,-0.12298189,-0.013174888,-0.24233624,-0.020158935,-0.17184058,-0.24765202,-0.08220953,0.05382553,-0.22843888,-0.0071804877,0.012863502,-0.036896415,-0.14391354,-0.06290484,-0.10026641,0.069465905,-0.1308263,-0.18125336,-0.13209298,-0.029373366,0.0056122094,-0.12566888,15,3.0
0.14700454,0.010850852,-0.05189042,0.009785686,0.30747205,0.080564946,-0.057678774,-0.1028429,-0.25851604,-0.27538553,0.038472626,-0.036923245,-0.16097732,-0.044907596,-0.17271143,-0.22098231,-0.08304344,0.0287962,-0.07358901,-0.018845892,-0.004820466,-0.03503198,-0.04446517,0.057611324,-0.025121532,0.15965638,-0.053533196,-0.12728152,-0.18288963,-0.028253961,0.04104327,-0.12412439,15,3.0
0.10765965,0.115325354,-0.102372676,0.028957581,0.34412885,0.07172356,-0.11196063,-0.113851905,-0.31260934,-0.20864713,-0.1308477,-0.019878365,-0.25260818,-0.032190245,-0.1748631,-0.275737,-0.11796108,0.04376679,-0.2381691,0.020826427,0.0011189431,-0.039904512,-0.14227036,-0.033473574,-0.11627254,0.13913992,-0.08441895,-0.12930067,-0.16269743,-0.048948612,0.036393955,-0.20462854,15,2.0
0.12053917,0.07169824,-0.09013255,0.021110686,0.36581215,0.07546085,-0.1066817,-0.10951795,-0.32385695,-0.2013802,-0.102436334,-0.01045559,-0.24869652,-0.05027983,-0.17968935,-0.28662595,-0.1418893,0.007830467,-0.20721805,0.041586276,0.012676388,-0.060122576,-0.1353199,-0.021649815,-0.12108934,0.19167514,-0.086012065,-0.099945515,-0.19011521,-0.051329862,0.043568484,-0.2417716,15,2.0
0.09409279,0.09164463,-0.022994515,-0.071072,0.3455536,0.04548208,0.030470012,-0.064600825,-0.12225278,-0.3855663,0.1357415,-0.116086416,-0.043635838,-0.06702764,-0.10449089,-0.15504777,0.04312524,0.13844387,-0.09305653,-0.047934867,-0.057949476,0.0989624,0.10827537,0.092860006,0.13670912,0.05056819,0.07632738,-0.19932875,-0.13413712,0.13519593,0.03644345,0.14744657,15,3.0
0.07887542,0.159097,-0.081067905,0.050005633,0.31981707,0.045313966,-0.12895602,-0.11859331,-0.25455466,-0.13381027,-0.08497523,-0.003498055,-0.20909579,-0.011471719,-0.1665777,-0.21121395,-0.04111038,0.028832693,-0.2289592,-0.039993227,0.02627153,-0.014828825,-0.14514795,-0.05354222,-0.07769658,0.028628428,-0.14894736,-0.17170523,-0.10541718,-0.03118686,-0.0018061586,-0.1125544,15,1.0
0.15978733,0.022430418,-0.07179156,0.019134209,0.306814,0.11666171,-0.07079013,-0.13957931,-0.28469622,-0.27145198,0.00448633,-0.029234864,-0.15999418,-0.026415702,-0.15939763,-0.24089895,-0.09759629,0.015403699,-0.10786703,-0.013588326,-0.009015888,-0.017963853,-0.06387723,0.021173168,-0.04385943,0.13553973,-0.09386948,-0.15107013,-0.17820325,-0.024874847,0.0015759729,-0.13614677,15,1.0
0.07594073,0.08975084,-0.021911055,-0.09520188,0.42369017,0.052056722,0.081005044,-0.041349508,-0.0836463,-0.43713337,0.15159847,-0.20712554,0.011865225,-0.07825537,-0.071385846,-0.13978276,0.08258728,0.20625368,-0.14759393,-0.05148407,-0.10744719,0.13336326,0.15712701,0.06321767,0.16114593,-0.036005598,0.07705134,-0.18983825,-0.13523757,0.18836042,0.038198903,0.2485673,15,2.0
0.10609216,0.10379443,-0.10285486,0.03220859,0.35562542,0.07431152,-0.11091719,-0.105802864,-0.30961677,-0.20563373,-0.1299384,-0.025454387,-0.25517648,-0.04202276,-0.16844252,-0.28071928,-0.13019517,0.041456,-0.23844415,0.031549834,-0.0016728118,-0.05197139,-0.14149699,-0.029207878,-0.12393413,0.15575318,-0.077237755,-0.11855659,-0.16636306,-0.05156896,0.04644017,-0.22110844,15,1.0
0.09609976,0.006366046,0.10530874,0.24606691,0.27128008,-0.14716338,0.030336171,-0.12246974,-0.06550758,0.21175691,0.030131485,-0.09904921,-0.0072250366,-0.14170702,-0.20750374,0.08646764,0.18858317,-0.12477032,-0.21285209,-0.07236183,0.054185316,-0.05647026,-0.09410928,-0.16480377,-0.08535006,-0.008841563,0.008868174,-0.18420276,0.065972105,-0.019033369,0.07136377,0.081419036,15,3.0
0.021831753,0.14665116,-0.11166762,0.010197494,0.21660073,0.05724349,-0.13173822,-0.04276251,-0.24970213,-0.1441786,-0.07992607,-0.066721745,-0.096537024,-0.039516848,-0.1491811,-0.151916,0.009777505,-0.026345886,-0.25156057,-0.076948225,0.021377116,0.009843972,-0.16272375,0.06151163,-0.06697088,-0.01689273,-0.013906549,-0.15051977,-0.05340404,-0.00655232,0.13269387,-0.11365627,15,3.0
0.038021896,0.09170479,0.13767603,0.19790976,0.29544774,-0.052066863,-0.0396014,-0.09809917,-0.07383134,0.15813431,0.04594859,-0.06006024,-0.0048010247,-0.14694677,-0.13431445,-0.0109848585,0.10802923,-0.089181595,-0.17890164,-0.025418902,0.11416085,-0.06964764,-0.15647303,-0.119678736,-0.007623248,-0.0025096927,-0.10787101,-0.18919729,0.015463322,0.038186457,0.06686963,0.04290812,15,2.0
0.074503824,0.14804038,-0.10348946,0.019773768,0.312335,0.06494539,-0.12685467,-0.09831251,-0.28490603,-0.20928994,-0.13235652,-0.038091645,-0.21781686,-0.03795844,-0.15704347,-0.23482579,-0.080406964,0.048419107,-0.26917878,-0.02127322,-0.0009403378,-0.023627149,-0.1427786,0.011286419,-0.092644885,0.07350299,-0.027731067,-0.13888988,-0.118657194,-0.025151957,0.071634606,-0.1682122,15,2.0
0.11153843,0.14513825,-0.00080222264,0.07320674,0.20968385,0.090545185,-0.06374769,-0.18022525,-0.2348835,-0.12302524,-0.017618338,-0.0089612305,-0.109537244,0.019225942,-0.06972035,-0.12942329,-0.04351431,-0.027841642,-0.21219847,-0.05572813,0.038109973,0.029064285,-0.075058974,-0.043910228,-0.01849667,0.013640501,-0.08352746,-0.17061624,-0.04222966,0.01882627,0.03562709,-0.044769995,15,2.0
0.028231546,0.14804687,-0.111806855,0.011650853,0.23111081,0.05651564,-0.13548166,-0.049681876,-0.25270697,-0.15199873,-0.08833183,-0.05984226,-0.11204663,-0.04045636,-0.14821538,-0.15891603,0.00037487596,-0.018625773,-0.25788507,-0.07349836,0.018275939,0.0047831954,-0.16104616,0.055922292,-0.06864839,-0.012182413,-0.012471395,-0.15128559,-0.060004856,-0.009327561,0.12595408,-0.11720848,15,4.0
0.098421484,0.152869,-0.08038293,0.05146659,0.33875442,0.055721037,-0.12595218,-0.13641818,-0.27153423,-0.16216978,-0.09785296,-0.0003778413,-0.21950129,-0.008816194,-0.1664877,-0.23356286,-0.066558644,0.031702813,-0.229238,-0.033382542,0.020388491,-0.030696506,-0.13237526,-0.07214099,-0.07449542,0.041369434,-0.14995831,-0.17006463,-0.120129965,-0.04137076,-0.018096786,-0.11829564,15,4.0
0.13383165,0.14304216,-0.045388434,0.05165766,0.37396702,0.027017064,-0.10814706,-0.1739243,-0.27378297,-0.21258864,-0.07403025,-0.020217966,-0.21325436,-0.027095791,-0.14800918,-0.26219675,-0.08641502,0.036397748,-0.20593137,-0.027611574,0.02328641,-0.077546485,-0.07066809,-0.08100327,-0.03450904,0.05155896,-0.122189075,-0.190027,-0.15228274,-0.03919212,-0.04171658,-0.06701508,15,4.0
0.07576348,0.16553223,-0.08205643,0.044626586,0.32095918,0.027782373,-0.13292877,-0.12217836,-0.25344786,-0.12871811,-0.10504247,-0.010460414,-0.22818108,-0.017843883,-0.15986572,-0.22712094,-0.052285597,0.040968526,-0.23423466,-0.017116385,0.016415164,-0.026227295,-0.14418983,-0.055271465,-0.0913239,0.040956926,-0.13716328,-0.17487527,-0.118422516,-0.03441326,0.0036574826,-0.11877629,15,1.0
0.092348285,0.15334815,-0.013283838,0.084811226,0.24213894,0.027948104,-0.109307,-0.1713354,-0.22089961,-0.13857184,0.00055481866,-0.04522004,-0.11899564,-0.0074935257,-0.09574936,-0.14645258,-0.01885631,0.0033288412,-0.22673169,-0.07910121,0.022776313,-0.0061908117,-0.05943463,-0.05211824,0.016076438,0.008274637,-0.052039113,-0.20236272,-0.04937384,0.021750359,0.034976587,-0.023515213,15,1.0
0.0259481,0.14659932,-0.11198944,0.011642233,0.22272083,0.058619156,-0.13386494,-0.05098359,-0.2530697,-0.15296039,-0.082558334,-0.06499856,-0.10434057,-0.04052713,-0.14960612,-0.15759654,0.004092999,-0.023008682,-0.2577165,-0.076689996,0.01945775,0.008116129,-0.16082454,0.057379603,-0.06445047,-0.012980609,-0.009070773,-0.15011719,-0.056303333,-0.008436631,0.13128203,-0.11890286,15,4.0
0.16334558,0.026880866,-0.07223888,0.019276654,0.32464358,0.107197136,-0.0772005,-0.12237954,-0.30130404,-0.24137741,-0.02496895,-0.025576867,-0.18986715,-0.033420134,-0.17428693,-0.25208578,-0.11610642,-0.00034431368,-0.12130802,0.011601654,0.00073278695,-0.045174524,-0.089892186,0.005789481,-0.07717209,0.16250043,-0.10131845,-0.12164189,-0.19140878,-0.05212852,0.020003702,-0.18186693,15,2.0
0.009703007,0.1449239,-0.10796265,0.0052025914,0.17186552,0.03471629,-0.11231599,-0.030789535,-0.2448354,-0.10584963,-0.06699765,-0.086067535,-0.05886251,-0.032407735,-0.14673373,-0.14203437,0.012320533,-0.051009506,-0.23160088,-0.061911903,0.016091198,0.012304192,-0.18877281,0.059998788,-0.069429,-0.025172371,-0.028266622,-0.1505101,-0.038297392,-0.005873129,0.14070994,-0.11115694,15,1.0
0.12864727,0.034756064,-0.036614534,-0.023131672,0.31664437,0.058077,-0.026114626,-0.07771375,-0.19469586,-0.33179584,0.11521192,-0.06896278,-0.11172263,-0.058313508,-0.16264634,-0.18225412,-0.018309087,0.072797716,-0.053603433,-0.036486678,-0.02065359,0.012336591,0.030364135,0.10006062,0.055273794,0.13634124,0.017385572,-0.1561611,-0.16469386,0.044510446,0.052309066,0.005885098,15,1.0
0.056216694,0.17170362,-0.017311648,0.11201523,0.34882623,0.027914662,-0.116832025,-0.14117187,-0.19093306,-0.05302178,-0.018340481,-0.005537249,-0.14702472,-0.0645352,-0.09731964,-0.1865517,0.012348987,-0.00667648,-0.20998946,-0.039683707,0.05472593,-0.06712903,-0.1011602,-0.10617735,-0.025219135,-0.0031337086,-0.1591484,-0.1539656,-0.064131364,-0.017827585,-0.028645512,-0.06260891,15,3.0
0.06582865,-0.06592535,0.23197526,0.36726016,0.27933353,-0.19681512,0.05386537,-0.14493987,-0.0354598,0.28895506,0.07271421,-0.03046953,0.062107626,-0.20287289,-0.24392146,0.13668916,0.12917754,-0.16614875,-0.23470849,-0.06356021,0.13462822,-0.001491195,-0.117468305,-0.15384555,-0.08431128,-0.050099358,-0.07488845,-0.17496589,0.053247884,0.083967924,0.0046765245,0.14263055,15,1.0
0.11947988,0.13833982,-0.08459866,0.051536374,0.34983093,0.06857707,-0.11961331,-0.14692992,-0.29025942,-0.19946593,-0.1022681,-0.0038274862,-0.22229958,-0.0045902394,-0.1669451,-0.25412205,-0.086403966,0.030455764,-0.22576892,-0.024702681,0.014744513,-0.038300347,-0.116143145,-0.07677858,-0.07196356,0.055972632,-0.13968101,-0.16930468,-0.13934192,-0.046935987,-0.028653007,-0.12202379,15,2.0
0.09884101,-0.08528337,0.1676453,0.3789421,0.20611022,-0.18971498,0.08658329,-0.13672003,-0.043153405,0.29301685,0.046427768,-0.044390664,0.045950424,-0.17062394,-0.2142565,0.1624807,0.14042217,-0.16601163,-0.23580858,-0.07434275,0.09018934,0.02818587,-0.08625517,-0.13462022,-0.13488461,-0.06825568,-0.004657392,-0.18915868,0.0757638,0.069746196,-0.01344369,0.13871485,15,1.0
0.037273556,0.1488326,-0.11083861,0.0129772,0.24451761,0.06388539,-0.13655448,-0.06566814,-0.26007476,-0.17269075,-0.092065826,-0.056140505,-0.13128771,-0.04139198,-0.1479331,-0.17036921,-0.010960728,-0.007325895,-0.2678264,-0.072972104,0.016973622,0.004574689,-0.15254597,0.052425176,-0.067616254,0.00076027215,-0.0034179245,-0.14961016,-0.06793575,-0.00798741,0.12199024,-0.12641752,15,3.0
0.022900186,0.1449944,-0.11236979,0.013387216,0.21791407,0.054438207,-0.13241167,-0.04688054,-0.25177678,-0.14520136,-0.079994574,-0.06578372,-0.09474769,-0.03878728,-0.1516679,-0.15441728,0.005885802,-0.03197994,-0.25551313,-0.07622411,0.019025221,0.0075693266,-0.16644005,0.05337009,-0.061140258,-0.018671561,-0.013085032,-0.15078107,-0.052976783,-0.012099557,0.13198505,-0.117039174,15,4.0
0.14679833,0.031926,-0.06792174,0.014551083,0.3565671,0.08248939,-0.09202307,-0.1086662,-0.31943294,-0.21246484,-0.04538507,-0.002349794,-0.22252387,-0.05036134,-0.18405771,-0.2663937,-0.14076331,-0.025742643,-0.15195653,0.040122367,0.016195685,-0.065183006,-0.1146176,0.011452572,-0.10093407,0.20856883,-0.07959297,-0.08246567,-0.20657955,-0.05659834,0.049067114,-0.24436672,15,1.0
0.053436805,0.15184319,-0.106114715,0.014862159,0.2783444,0.06523803,-0.13407433,-0.085751094,-0.26981935,-0.20229262,-0.117117494,-0.055301145,-0.1709759,-0.04693109,-0.1413716,-0.19935541,-0.05155962,0.021732777,-0.27850693,-0.05152826,0.0013588071,-0.017127734,-0.14890547,0.040508613,-0.077196494,0.030555047,0.00903527,-0.1405315,-0.084550425,-0.0146552585,0.10981013,-0.15088536,15,1.0
0.01708748,0.14517677,-0.1080472,0.015208401,0.18711321,0.04601361,-0.11410541,-0.022617161,-0.23715928,-0.11116334,-0.064400114,-0.078073874,-0.07153953,-0.033318292,-0.15185258,-0.14010099,0.025581881,-0.047351584,-0.2312809,-0.0645993,0.025719382,0.014085358,-0.17656215,0.051140867,-0.061489347,-0.030391918,-0.039742243,-0.14058931,-0.04367189,-0.011487465,0.12442885,-0.106118694,15,4.0
0.08799787,-0.05251657,0.15479764,0.3102545,0.25420165,-0.1752732,0.06562832,-0.12217842,-0.058422774,0.28407612,0.041452717,-0.073309466,0.024223335,-0.17084476,-0.2390235,0.1260554,0.16138767,-0.13755435,-0.2140522,-0.08390855,0.07630393,0.0014163142,-0.08790352,-0.14307448,-0.11119491,-0.04381635,-0.0088871615,-0.18806443,0.06921554,0.018766519,0.029756792,0.11538261,15,4.0
0.1372635,0.03286913,-0.041843835,-0.012035642,0.29505995,0.07939181,-0.042345732,-0.11074547,-0.21811196,-0.309943,0.07927728,-0.048097454,-0.12102772,-0.045204062,-0.15021959,-0.20010027,-0.04643683,0.05828138,-0.067589544,-0.04039947,-0.018649552,0.010627307,-0.0010234425,0.07811166,0.035014182,0.13354398,-0.020557523,-0.17144091,-0.1603756,0.024086118,0.035553195,-0.036824066,15,3.0
0.06745166,0.18058996,-0.08068839,0.050305024,0.28234985,0.011033197,-0.115100674,-0.11799468,-0.2492324,-0.11545616,-0.0858455,-0.025819682,-0.19911222,-0.015136037,-0.1328182,-0.20754555,-0.008607019,-0.0030227005,-0.24977174,-0.029432947,0.01981897,-0.01271289,-0.13893414,-0.0640063,-0.086330056,0.0071105063,-0.12966226,-0.15239178,-0.10070023,-0.041785706,-0.0063321777,-0.12020557,15,1.0
0.13622141,0.11543528,-0.08580114,0.03479573,0.3532661,0.0745888,-0.10635618,-0.13650334,-0.30809253,-0.20998663,-0.108747765,-0.011156257,-0.2384071,-0.01337279,-0.17854217,-0.26960292,-0.1093332,0.029016003,-0.2056838,0.010727076,0.0057385564,-0.04304223,-0.12596914,-0.05857884,-0.095741674,0.106460676,-0.1272376,-0.15154307,-0.16455166,-0.05657812,-0.0067895837,-0.15798022,15,4.0
0.06993806,-0.046792783,0.17349607,0.32357526,0.23899175,-0.16253409,0.06131743,-0.13461554,-0.06258703,0.26610377,0.068795115,-0.067811325,0.046641447,-0.16530241,-0.2515961,0.11770119,0.1484999,-0.1429081,-0.21250087,-0.07892923,0.088625625,-0.005892019,-0.11296497,-0.15033674,-0.07494316,-0.027216578,-0.030665299,-0.174957,0.06750383,0.061542954,0.047213323,0.1211289,15,1.0
0.031406417,0.1504645,-0.11125557,0.01204304,0.22809704,0.05787506,-0.13265976,-0.043253344,-0.24845512,-0.14439507,-0.08421787,-0.061643466,-0.11198868,-0.03855555,-0.14565012,-0.15423243,0.008827239,-0.01871337,-0.2528393,-0.07171431,0.022624731,0.008527692,-0.15877001,0.05666116,-0.07055005,-0.014843658,-0.02354198,-0.14751151,-0.05891647,-0.010637328,0.11964059,-0.11523633,15,3.0
0.10838447,0.10334956,-0.099606335,0.02690616,0.3560551,0.071781665,-0.11143,-0.10869546,-0.31528318,-0.20422405,-0.12764134,-0.020182785,-0.2546764,-0.03991962,-0.17594564,-0.2836627,-0.13065521,0.03612677,-0.23166323,0.030896336,0.0025130212,-0.050511967,-0.14294031,-0.03235293,-0.12153539,0.15887763,-0.084323004,-0.12098667,-0.17045493,-0.048505727,0.0405201,-0.21733895,15,1.0
0.07857037,0.1455168,-0.09816252,0.021075446,0.32451266,0.05524324,-0.1262584,-0.10553387,-0.29088166,-0.1987896,-0.14140229,-0.033070132,-0.23569538,-0.03706764,-0.16332763,-0.25236696,-0.09898512,0.057440918,-0.2593641,-0.0047706366,-0.0018400624,-0.032786246,-0.14560916,-0.007935675,-0.105195224,0.096765354,-0.050724376,-0.14583525,-0.13122404,-0.02581245,0.057673093,-0.17389515,15,2.0
0.06889412,0.17350313,-0.043369766,0.091770574,0.3532019,0.037179977,-0.11950622,-0.14597988,-0.21799777,-0.088023975,-0.044915155,0.0075581893,-0.18347234,-0.040488247,-0.11883975,-0.21178521,-0.024969704,0.010650475,-0.21067369,-0.03808444,0.042983837,-0.053537242,-0.11084194,-0.10165526,-0.04613592,0.00858368,-0.17373939,-0.16081199,-0.08363181,-0.028034497,-0.04213765,-0.08479472,15,4.0
0.061563395,0.097105496,-0.027905203,-0.11424255,0.4350744,0.053465284,0.090832554,-0.03417893,-0.06559698,-0.4384445,0.14208479,-0.20981926,0.023199886,-0.075609416,-0.050657906,-0.13453874,0.08810511,0.22531506,-0.15312149,-0.04937838,-0.12388219,0.1458936,0.16775759,0.04984379,0.17946813,-0.06918962,0.08491461,-0.19390363,-0.11760972,0.18529959,0.036135793,0.265425,15,1.0
0.09729047,0.15588811,-0.074776724,0.059279595,0.34325233,0.060979523,-0.124056585,-0.13091697,-0.26355523,-0.15062755,-0.081711866,0.0053867176,-0.20057702,-0.009052053,-0.16115093,-0.21794978,-0.05130168,0.017151803,-0.2256135,-0.04684387,0.029583462,-0.026550785,-0.13433465,-0.07303147,-0.062827304,0.0201472,-0.16741627,-0.16412514,-0.10652971,-0.038065437,-0.026383441,-0.108451076,15,4.0
0.054556113,-0.041645568,0.20939359,0.31799114,0.29090038,-0.15871066,0.051313013,-0.11747052,-0.030187242,0.26451245,0.06674118,-0.051683366,0.055835146,-0.18815479,-0.22757077,0.10652867,0.13451692,-0.13348988,-0.214517,-0.05886104,0.12528388,-0.005487857,-0.12846273,-0.14672163,-0.07503305,-0.043946832,-0.093527585,-0.16924597,0.043254092,0.061229736,0.027908739,0.12712777,15,3.0
0.15746798,0.03792171,-0.05309679,0.01471954,0.30762282,0.09815874,-0.06715397,-0.13511443,-0.26841968,-0.2707614,0.0048813634,-0.034231085,-0.16208003,-0.031237874,-0.15858272,-0.23366617,-0.086095676,0.030718174,-0.10530856,-0.022520004,-0.0077949986,-0.028092286,-0.056105584,0.022739436,-0.031303633,0.13351226,-0.08488481,-0.15659006,-0.17306872,-0.027213138,0.012642685,-0.1099474,15,4.0
0.054164864,0.18814519,-0.04716065,0.08981745,0.3125923,0.0011774949,-0.12465983,-0.12762716,-0.204517,-0.060062535,-0.05008027,-0.019407764,-0.18306437,-0.043728653,-0.10145183,-0.19574,0.029005231,-0.014890343,-0.24155939,-0.024561921,0.033781976,-0.041356288,-0.11426324,-0.10227438,-0.069524676,-0.00814028,-0.16363533,-0.13852647,-0.085479595,-0.04283298,-0.038907427,-0.0939908,15,1.0
0.138627,0.023211068,-0.040589172,-0.010599535,0.30555767,0.067180745,-0.040960215,-0.095374584,-0.21832173,-0.30991662,0.088295534,-0.051239993,-0.12888187,-0.05058218,-0.16309568,-0.19577779,-0.045523144,0.055710956,-0.057608884,-0.033965126,-0.015326604,-0.007387467,0.00025322102,0.08601496,0.024857543,0.14875285,-0.0144234495,-0.15200208,-0.169962,0.011060733,0.048391767,-0.046518244,15,4.0
0.119180314,0.14353211,-0.063587084,0.054673225,0.36338672,0.042081714,-0.12112882,-0.15399179,-0.26980427,-0.17717046,-0.09764147,-0.011268586,-0.22715358,-0.019723754,-0.15148261,-0.25320032,-0.08340265,0.03932279,-0.21860999,-0.016332587,0.017160133,-0.05997039,-0.105339155,-0.08408068,-0.06463827,0.044704262,-0.14007476,-0.17743175,-0.13615984,-0.04861248,-0.03152897,-0.104096256,15,1.0
0.007192664,0.16123846,-0.076970026,-0.125135,0.3363178,0.0036874209,0.031117652,-0.092575476,-0.06809327,-0.3803321,0.061324466,-0.018447474,-0.032181073,0.0010197051,-0.0025108159,-0.1586444,0.062316686,0.15916497,-0.13812715,-0.045859464,-0.10881395,0.1622366,0.1652692,0.07811349,0.17631492,-0.00025001355,0.1581073,-0.24742907,-0.04427263,0.13642368,0.0096075535,0.12817332,15,3.0
0.0878009,0.1672663,-0.08519909,0.04265363,0.34100303,0.022558894,-0.13372649,-0.12804258,-0.26611415,-0.14491135,-0.12530707,-0.011910848,-0.24995393,-0.024612676,-0.16362652,-0.25434074,-0.07624976,0.05195112,-0.23160729,-0.00086911954,0.016148187,-0.04439564,-0.1392162,-0.067230955,-0.099107295,0.0613445,-0.13891405,-0.16817513,-0.13841148,-0.03867651,-0.00986531,-0.1250426,15,1.0
0.06444588,0.16149762,-0.09840195,0.016092591,0.29556584,0.043437112,-0.13516347,-0.095949516,-0.2738654,-0.17095324,-0.12952946,-0.03432555,-0.21118072,-0.032417137,-0.15291108,-0.22054398,-0.06259622,0.04383857,-0.26077282,-0.027702874,0.0044733807,-0.01675569,-0.14941642,0.00982113,-0.09660509,0.051505726,-0.0515953,-0.159324,-0.10941254,-0.018163126,0.06570945,-0.14405474,15,4.0
0.12821677,0.088787004,-0.0929206,0.023252422,0.35473996,0.079875216,-0.1046508,-0.11521123,-0.32225385,-0.20686081,-0.10915452,-0.012794584,-0.24697265,-0.031944532,-0.18413872,-0.28181344,-0.12969026,0.018861968,-0.20651948,0.033640556,0.007023841,-0.049120195,-0.13830039,-0.036912195,-0.1154008,0.16426611,-0.10196453,-0.12108615,-0.18120311,-0.055589814,0.027813822,-0.21380165,15,2.0
0.06372921,0.06880755,-0.03555693,-0.11574285,0.47885767,0.06926941,0.11192203,-0.009809863,-0.04675056,-0.45303845,0.16822791,-0.24938881,0.047318965,-0.085031524,-0.040900152,-0.12533087,0.105523914,0.27062905,-0.15739971,-0.04073301,-0.14418992,0.14920044,0.20163953,0.034258477,0.16552731,-0.09198913,0.08234258,-0.17321476,-0.12653571,0.18181518,0.04659055,0.29149744,15,1.0
0.08857716,0.1619147,-0.07167438,0.06582987,0.3451955,0.049771164,-0.12726513,-0.13245372,-0.2481237,-0.12911476,-0.07226254,0.0065170005,-0.2027858,-0.014765888,-0.15450796,-0.21432106,-0.03817305,0.018474925,-0.22249246,-0.045030296,0.032336555,-0.024961013,-0.13357101,-0.07647835,-0.06400111,0.016830362,-0.17577383,-0.16457796,-0.10515519,-0.0366997,-0.031201828,-0.10394071,15,3.0
0.030895757,0.14837763,-0.109883964,0.015284892,0.22586627,0.045569666,-0.12975942,-0.056047156,-0.25494793,-0.14374804,-0.08443366,-0.058338765,-0.115944654,-0.0343428,-0.152696,-0.16372254,-0.0032422133,-0.02396699,-0.2526697,-0.070704214,0.017083593,0.004370321,-0.16745746,0.039383743,-0.06464684,-0.013056148,-0.024609083,-0.15595469,-0.06270282,-0.013092164,0.11417125,-0.11712165,15,3.0
0.09113229,0.08072651,-0.017603751,-0.091336966,0.4015151,0.0526829,0.06724585,-0.03209338,-0.091979764,-0.41948316,0.16095777,-0.18386263,-0.010232231,-0.08239277,-0.09597571,-0.14225668,0.078341275,0.18823677,-0.11281712,-0.03800585,-0.08723062,0.11193099,0.14750369,0.08079783,0.15102929,0.0039233677,0.090633765,-0.1758765,-0.15054797,0.16427138,0.047217548,0.21850087,15,4.0
0.117975794,0.08946495,-0.09860134,0.026242161,0.35783553,0.07702288,-0.10766833,-0.109068796,-0.3189058,-0.20388755,-0.116215825,-0.016299095,-0.25257492,-0.04213206,-0.17582521,-0.28352648,-0.13334215,0.023961995,-0.2218397,0.03730215,0.0042357966,-0.051533017,-0.14031455,-0.029112712,-0.122599214,0.17102163,-0.0879858,-0.11154095,-0.1792308,-0.05331633,0.04102119,-0.22849678,15,2.0
0.06966934,-0.07191198,0.23219785,0.33611542,0.28735778,-0.19471073,0.061732434,-0.11511195,-0.020666998,0.270617,0.057425614,-0.0584633,0.07140918,-0.1894226,-0.22593573,0.11932851,0.13239922,-0.14711395,-0.21977681,-0.064695746,0.13350849,0.022471776,-0.10014575,-0.13464566,-0.09913958,-0.07565799,-0.08712846,-0.13426603,0.04667841,0.063260004,0.002377767,0.13745818,15,4.0
0.110202506,0.1393901,-0.06255366,0.04683405,0.22103722,0.10304034,-0.10656918,-0.18818864,-0.27085397,-0.20178217,-0.03177161,0.00024467707,-0.14148405,0.050686024,-0.08862209,-0.1485498,-0.037366517,-0.05305291,-0.25192532,-0.06788494,-0.015552625,0.09494128,-0.064908095,-0.01445673,-0.041392807,0.0011201501,-0.08400759,-0.16464461,-0.08386058,0.007844146,0.0067625865,-0.06924085,15,1.0
0.127967,0.13360198,-0.106824726,0.046572197,0.29452792,0.104851454,-0.1039282,-0.16223046,-0.28746045,-0.22331798,-0.06839886,0.008964062,-0.20984466,0.030061007,-0.14667496,-0.20757443,-0.055376656,-0.0039315075,-0.25398538,-0.025728943,-0.009937003,0.033905406,-0.097986825,-0.05339797,-0.06352768,0.039306194,-0.10144603,-0.16511449,-0.13450828,-0.05174331,-0.010723803,-0.13497317,15,4.0
0.099216715,0.11880729,-0.09891549,0.025591202,0.35294178,0.06177684,-0.11838008,-0.1098527,-0.30979195,-0.20150813,-0.13846177,-0.021270398,-0.25802395,-0.040395964,-0.17387682,-0.2830927,-0.12526922,0.04775341,-0.24078318,0.0251168,0.0013952181,-0.04796428,-0.14475408,-0.03074729,-0.11885154,0.14515434,-0.07962388,-0.12787388,-0.16433583,-0.0428651,0.039548088,-0.20512652,15,1.0
0.14570653,0.00034095347,-0.050787475,0.0075601675,0.30805486,0.07644662,-0.054327227,-0.0913382,-0.25296295,-0.27720514,0.053347293,-0.03385575,-0.15884922,-0.049312036,-0.17571017,-0.21186548,-0.08128989,0.024565626,-0.06132406,-0.016394405,-0.0055907965,-0.037993673,-0.040724613,0.072774574,-0.024499334,0.17032477,-0.042630944,-0.11365338,-0.18756343,-0.028075438,0.05266461,-0.12943622,15,4.0
0.017461542,0.14738026,-0.11055711,0.0063758306,0.19845624,0.050436582,-0.1247449,-0.035250854,-0.24683914,-0.13570179,-0.08069572,-0.079332925,-0.08066398,-0.041749407,-0.1452779,-0.14538568,0.007421583,-0.031116575,-0.24269223,-0.072594725,0.017301708,0.0055417293,-0.17171772,0.0660948,-0.06922192,-0.021170124,-0.012736376,-0.1449167,-0.04406929,-0.007285692,0.13899554,-0.11788337,15,4.0
0.038999114,-0.046491727,0.25740796,0.3218806,0.36423793,-0.1670262,0.041750066,-0.11475906,-0.002342009,0.23828444,0.072730005,-0.02904699,0.08161895,-0.2079274,-0.22417235,0.07469972,0.13328591,-0.1512981,-0.20611468,-0.037212007,0.17665626,-0.0026090818,-0.14439759,-0.15761727,-0.06131257,-0.070832685,-0.14780119,-0.10080418,0.017609838,0.061882827,0.026899476,0.12485501,15,3.0
0.08093211,-0.011699606,0.15752998,0.28268528,0.2480648,-0.13412902,0.047651578,-0.115554065,-0.042872105,0.25323185,0.04651689,-0.0768574,0.030025464,-0.16697879,-0.19969982,0.10672908,0.14612395,-0.12920582,-0.21199954,-0.06630424,0.09344049,-0.024163522,-0.12491346,-0.1372554,-0.076879345,-0.01653521,-0.040904433,-0.19577804,0.055578634,0.040262945,0.049705975,0.103713684,15,2.0
0.015660759,0.14750512,-0.11104022,0.0040594563,0.2050997,0.05569787,-0.13010907,-0.035795745,-0.2477881,-0.1448172,-0.08434222,-0.08045345,-0.081280455,-0.04573061,-0.14219788,-0.14605725,0.0059161596,-0.025929846,-0.24794278,-0.07581068,0.016681738,0.0031522622,-0.16753297,0.07371505,-0.07122776,-0.019389197,-0.0024257705,-0.14456004,-0.042298406,-0.0054073706,0.14581054,-0.119550645,15,3.0
0.08627446,0.029869987,0.12313384,0.25671002,0.20650718,-0.06273618,0.032977115,-0.12694216,-0.06897865,0.16452643,0.072878525,-0.083001725,0.023976982,-0.12923767,-0.16096416,0.05621019,0.12932055,-0.11651794,-0.21052536,-0.060768954,0.08966857,-0.045455575,-0.15525796,-0.14286748,-0.02941034,0.018879887,-0.042548824,-0.17737001,0.053264298,0.061290577,0.08350801,0.072102696,15,3.0
0.09606666,0.13915364,-0.09055327,0.024270305,0.34816888,0.0439364,-0.1261717,-0.119647816,-0.30296272,-0.18613404,-0.14262228,-0.015453249,-0.25932017,-0.031345088,-0.17845935,-0.2788275,-0.11504978,0.05425501,-0.23512965,0.016289102,0.005864404,-0.044914663,-0.14607905,-0.04359774,-0.112631164,0.12056184,-0.0998508,-0.14998834,-0.15828227,-0.037454467,0.020996545,-0.17378071,15,1.0
0.08091176,0.16438676,-0.0819124,0.054896027,0.330692,0.046502255,-0.12741299,-0.11840883,-0.24792881,-0.1277552,-0.086307585,-0.0015347525,-0.21542788,-0.014692191,-0.14797293,-0.21294977,-0.029001467,0.022126466,-0.24179924,-0.029111156,0.02464392,-0.022614727,-0.13750914,-0.05782599,-0.076166846,0.0150926,-0.1503054,-0.16151041,-0.1093081,-0.04798047,-0.012095813,-0.11675207,15,2.0
0.030303134,0.14634553,-0.11171411,0.020875204,0.23352456,0.05844605,-0.13461776,-0.036185585,-0.2418294,-0.12574387,-0.06988254,-0.047353126,-0.10924834,-0.029824067,-0.15747802,-0.15073104,0.028650358,-0.028459072,-0.24861544,-0.07231411,0.031410433,0.02032106,-0.15824288,0.044477493,-0.06397122,-0.020671157,-0.048772298,-0.15418416,-0.06577124,-0.012478694,0.107160494,-0.09861595,15,4.0
0.10686239,0.09848132,-0.011861566,-0.055828568,0.32625064,0.041236136,-0.00019922107,-0.104173616,-0.15644895,-0.36930496,0.116652384,-0.08640306,-0.07112989,-0.05767033,-0.11950562,-0.1730006,0.020878121,0.1087247,-0.10333331,-0.05552446,-0.03767356,0.07543353,0.08233383,0.08773522,0.12510487,0.08384663,0.051443886,-0.20940775,-0.13977277,0.11722407,0.03011887,0.10788647,15,2.0
0.10592329,0.15103057,-0.084016144,0.048964147,0.3519562,0.052976508,-0.12487159,-0.14159325,-0.28003278,-0.17472741,-0.11174585,-0.0031926297,-0.23680414,-0.011813346,-0.16163597,-0.2560561,-0.0769946,0.03690194,-0.23523083,-0.012977464,0.016027853,-0.04359441,-0.12229836,-0.07762417,-0.0813201,0.05233142,-0.14055434,-0.16372718,-0.13831815,-0.052112255,-0.024631415,-0.12582779,15,4.0
0.030430002,0.15313655,-0.10896397,0.005153723,0.23473835,0.05870653,-0.13562384,-0.057834193,-0.25540584,-0.17169172,-0.10222781,-0.07311662,-0.1181124,-0.051859345,-0.13312168,-0.16455787,-0.020768866,-0.0026523396,-0.26487297,-0.06932619,0.007070981,-0.007983541,-0.16049162,0.06881468,-0.078154,0.00072857365,0.012698778,-0.14261633,-0.056175947,-0.006363094,0.13950004,-0.134262,15,4.0
0.087242335,0.16157055,-0.092057064,0.041627634,0.31600177,0.05443224,-0.12341062,-0.10439262,-0.2593186,-0.14554515,-0.094974436,-0.011320151,-0.21513498,-0.013852317,-0.15204239,-0.21131831,-0.03306578,0.023377173,-0.24441561,-0.025029356,0.021475248,-0.010633752,-0.1401601,-0.030715028,-0.08765301,0.028178345,-0.12770614,-0.15464534,-0.114959195,-0.04043955,0.00927401,-0.12841767,15,4.0
0.048667982,-0.0052422546,0.20029005,0.27294326,0.28540316,-0.124244094,0.031163583,-0.09148145,-0.053678744,0.22241831,0.056346785,-0.09031999,0.055618715,-0.17507084,-0.22039488,0.072492234,0.13936937,-0.1318247,-0.1930309,-0.06973582,0.118986085,-0.008678177,-0.13819627,-0.14310336,-0.063237764,-0.029506806,-0.09167695,-0.14380248,0.049773566,0.051004395,0.05277724,0.09390101,15,4.0
0.04112836,0.1319136,-0.058018986,-0.06267087,0.25923568,0.026953153,-0.050054893,-0.15708405,-0.12950288,-0.34372538,0.042018298,0.026674353,-0.08836262,0.0049967244,-0.038303915,-0.14565329,0.0031596646,0.101828605,-0.14404798,-0.06860011,-0.07217894,0.15530223,0.09115791,0.08283017,0.11698588,0.04135431,0.10488197,-0.2629497,-0.055051643,0.14185861,0.0015231334,0.057222825,15,2.0
0.01139093,0.14546667,-0.10643801,0.013442248,0.17172904,0.0432519,-0.108287506,-0.013427161,-0.23331988,-0.09836767,-0.058696255,-0.08771455,-0.05468839,-0.031608384,-0.15166983,-0.1363781,0.032903146,-0.055595353,-0.22341171,-0.061633505,0.027281187,0.01843064,-0.18221004,0.05594624,-0.061788842,-0.033614658,-0.04611509,-0.13531464,-0.037490517,-0.0097389,0.12868781,-0.101832144,15,1.0
0.13734375,0.059837863,-0.020933554,-0.017963849,0.3154368,0.054468624,-0.040763505,-0.11864258,-0.21610448,-0.32174054,0.08099371,-0.05066965,-0.12658289,-0.047778632,-0.15806633,-0.20486303,-0.031082697,0.06412375,-0.08332034,-0.04420176,-0.011353143,-9.687175e-05,0.012652861,0.07053848,0.05311068,0.13342667,-0.0119823385,-0.17625299,-0.16750678,0.0325575,0.031136513,-0.0024311366,15,2.0
0.051189996,0.004796488,0.17200027,0.26823613,0.2811729,-0.11223799,0.03107209,-0.120314404,-0.04386653,0.21294013,0.062328067,-0.065530814,0.036445815,-0.1628816,-0.19959706,0.06619997,0.14654833,-0.122922085,-0.20069876,-0.05880531,0.10712393,-0.03812526,-0.14327618,-0.14810261,-0.045384567,-0.012446116,-0.07926124,-0.16419415,0.040458594,0.054010347,0.06407417,0.095136724,15,2.0
0.08588804,0.158608,-0.0862831,0.042946998,0.34825256,0.034308247,-0.13315819,-0.13315853,-0.27377203,-0.15452208,-0.13307598,-0.00669498,-0.25326523,-0.021918528,-0.16398022,-0.267498,-0.08254902,0.051881388,-0.24067262,0.004946924,0.012963489,-0.05252274,-0.1352101,-0.07771616,-0.099251285,0.06918244,-0.13488369,-0.16277112,-0.14438745,-0.04886597,-0.0123177655,-0.13464904,15,3.0
0.027005924,0.14526097,-0.105133414,0.027402034,0.19209969,0.039374568,-0.10917627,-0.033318836,-0.23772684,-0.11346461,-0.058629617,-0.071859114,-0.09123227,-0.029444192,-0.15986456,-0.15072884,0.023476088,-0.044747166,-0.22678897,-0.06365401,0.028817266,0.013223063,-0.17591976,0.02297255,-0.052710533,-0.02696686,-0.054131128,-0.13885379,-0.052227553,-0.013467945,0.099750265,-0.10360922,15,4.0
0.0900816,0.15970486,-0.042864006,0.08125594,0.34732088,0.06124027,-0.12100109,-0.14576524,-0.2369614,-0.11674905,-0.05831486,0.0073662326,-0.17381808,-0.02475978,-0.11605879,-0.20580916,-0.033568993,0.0036699176,-0.22304964,-0.049756944,0.03464441,-0.041735496,-0.10908478,-0.08532412,-0.040107988,-0.0023492165,-0.16421595,-0.15973647,-0.08517147,-0.034427058,-0.033008005,-0.091903165,15,4.0
0.13943504,0.00276657,-0.05792698,0.0017489828,0.2852613,0.084493846,-0.0456857,-0.09498803,-0.23006926,-0.2913431,0.07144138,-0.042120222,-0.13759893,-0.046538,-0.1611622,-0.19628519,-0.060864627,0.045705535,-0.053643033,-0.029110102,-0.0166706,-0.0050131246,-0.017706001,0.08154803,0.0031048432,0.14932047,-0.02575128,-0.14212441,-0.17132773,-0.0036595836,0.04914232,-0.09162124,15,1.0
0.15709378,0.059842117,-0.083879456,0.034911092,0.29142782,0.13589372,-0.090469524,-0.19457479,-0.29160085,-0.2849213,-0.030137336,-0.0065215267,-0.16978128,0.0137574505,-0.1364828,-0.22360939,-0.0901691,0.008380406,-0.17465046,-0.026731668,-0.027805042,0.034302562,-0.055468224,-0.014022131,-0.05870572,0.08394329,-0.09670006,-0.1909142,-0.14691779,0.00511878,-0.03835625,-0.1125671,15,1.0
0.14582781,0.09510031,-0.086874306,0.04017328,0.34438524,0.09500531,-0.09886013,-0.1472386,-0.31066334,-0.23534441,-0.08977705,-0.01510784,-0.21802165,-0.0054070503,-0.17951661,-0.26070014,-0.107838094,0.025079772,-0.19590747,-0.006803766,0.0034349188,-0.031488262,-0.111536466,-0.057973042,-0.08193062,0.09570184,-0.12594397,-0.16240464,-0.15820692,-0.048714887,-0.01874208,-0.14490853,15,3.0
0.1103593,-0.09199172,0.12540817,0.3653443,0.2302303,-0.20943253,0.07867383,-0.15389726,-0.100750886,0.30808914,0.03202792,-0.03610892,0.0040971804,-0.1527369,-0.26872182,0.15881765,0.20154072,-0.17067173,-0.22277698,-0.10984486,0.056213945,0.012529202,-0.023469236,-0.14727753,-0.15768439,-0.068431586,0.07158911,-0.18960117,0.08382734,-0.0060337633,-0.00014134869,0.1315731,15,2.0
0.025527474,0.15809648,-0.105556235,0.0039402284,0.22191083,0.04400014,-0.13186711,-0.06300766,-0.25981873,-0.16179392,-0.11363974,-0.081951566,-0.1077549,-0.051397245,-0.1217501,-0.16197532,-0.044749238,-0.0019210652,-0.26120192,-0.06422749,-0.007193476,-0.015142949,-0.17527758,0.07601885,-0.0927652,0.008502068,0.02048205,-0.15235993,-0.05013148,-0.0019521341,0.15615202,-0.13734725,15,2.0
0.1062723,-0.10369691,0.14262919,0.394448,0.20667396,-0.21537147,0.079001166,-0.14132616,-0.08901332,0.3149071,0.035197172,-0.023191027,0.015456762,-0.15709805,-0.25089297,0.16784495,0.17205879,-0.17546585,-0.229956,-0.100815564,0.0677492,0.03893801,-0.029616196,-0.12881187,-0.16859125,-0.08625519,0.05537792,-0.19637024,0.07615125,0.030610232,-0.02643336,0.14972326,15,3.0
0.10633889,0.13779403,-0.08270854,0.03398104,0.3523,0.04623777,-0.12579852,-0.12547655,-0.28885385,-0.18244669,-0.13107167,-0.016343545,-0.24539539,-0.021918226,-0.18233863,-0.2606698,-0.099323526,0.056503695,-0.22423914,-0.0023076478,0.010717578,-0.046147853,-0.13903396,-0.060100123,-0.09779083,0.08712265,-0.1251897,-0.16406886,-0.14525831,-0.043932762,0.0016659833,-0.14192055,15,2.0
0.09502766,0.17191254,-0.057344582,0.06803898,0.3592191,0.021686696,-0.13330859,-0.1501995,-0.23810488,-0.12598327,-0.08799884,-0.009311557,-0.22259213,-0.032949727,-0.12855673,-0.24242003,-0.05001001,0.034254484,-0.22826523,-0.017926434,0.027862728,-0.06829615,-0.10408057,-0.099001616,-0.061187997,0.023235738,-0.15638362,-0.1684042,-0.12249179,-0.047599103,-0.039699342,-0.09022237,15,3.0
0.084891096,0.096795715,-0.023651998,-0.07977137,0.36156556,0.04500876,0.044512093,-0.058392763,-0.108823456,-0.39958638,0.13692366,-0.13503623,-0.027833868,-0.06863232,-0.092298254,-0.15016694,0.05485361,0.15538433,-0.10791503,-0.049933672,-0.070670895,0.11408766,0.12181429,0.08619175,0.1480627,0.023740675,0.08258535,-0.20151515,-0.12969247,0.15308073,0.034037083,0.1760915,15,1.0
0.050149143,0.099697344,-0.040867317,-0.11193591,0.43084705,0.05052155,0.0895617,-0.034375243,-0.06024272,-0.43802503,0.13745704,-0.19981444,0.026576988,-0.069039494,-0.041138973,-0.12787165,0.087024614,0.22480464,-0.15568529,-0.05358213,-0.12834792,0.15337905,0.16694677,0.047535144,0.17662162,-0.0794379,0.08688106,-0.20048454,-0.1022908,0.18499565,0.032311402,0.25993642,15,3.0
0.10330788,0.16712932,-0.038195964,0.06368456,0.36270478,-0.0061654756,-0.11203646,-0.16223413,-0.26920894,-0.20299304,-0.07922389,-0.03773582,-0.21491024,-0.03294095,-0.15000635,-0.27426705,-0.06488672,0.041022092,-0.2267228,-0.038024247,0.035352662,-0.09218241,-0.056223765,-0.10554752,-0.021521736,0.044042405,-0.11915542,-0.17335273,-0.15149662,-0.029477175,-0.056766998,-0.04297497,15,4.0
0.06975727,0.15125914,-0.102651834,0.020492086,0.30617538,0.06270755,-0.13027783,-0.09417154,-0.27802444,-0.2021794,-0.13201037,-0.040674232,-0.20833541,-0.036545623,-0.15389186,-0.22331406,-0.072723925,0.046325743,-0.27036992,-0.028564895,-0.0018816143,-0.022183448,-0.14441396,0.015618097,-0.09092952,0.060974766,-0.025910016,-0.14483294,-0.10956578,-0.023779202,0.07902521,-0.15712285,15,3.0
0.090790674,0.17508261,-0.051592227,0.07814542,0.3499783,0.018578265,-0.12832093,-0.16005924,-0.23825118,-0.13691202,-0.072436914,-0.012975011,-0.20934573,-0.031664323,-0.116139136,-0.23958248,-0.042639673,0.028180066,-0.23647898,-0.030715233,0.031199045,-0.071381286,-0.08262665,-0.104060754,-0.042985238,0.014673479,-0.1408173,-0.17131177,-0.11390015,-0.041052435,-0.04603442,-0.0763598,15,3.0
0.060931142,-0.0792843,0.26311198,0.3797007,0.31451708,-0.22456536,0.041512687,-0.14608888,-0.017002879,0.28988737,0.07253988,0.0020177662,0.07337977,-0.22085646,-0.2426646,0.12981991,0.10941115,-0.17034465,-0.24501088,-0.045765072,0.1686457,0.00045638694,-0.12132847,-0.1529631,-0.08178057,-0.073387146,-0.10353674,-0.16213824,0.03732553,0.08626518,-0.014367219,0.15617953,15,2.0
0.05358593,-0.107603416,0.3006471,0.45121717,0.36684448,-0.29154584,0.025954984,-0.16539496,-0.030398194,0.29126295,0.11726497,0.05396703,0.06340942,-0.23257223,-0.3036977,0.13101734,0.10863404,-0.19314748,-0.25340876,-0.037599303,0.1700825,0.0038824475,-0.11282508,-0.16162851,-0.10015582,-0.08350372,-0.09281547,-0.14977035,0.023639057,0.082587935,-0.040648457,0.17139272,15,3.0
0.15815479,0.031029241,-0.060427543,0.01786597,0.31186754,0.09965302,-0.06984431,-0.12899989,-0.27560177,-0.26079378,-0.004046399,-0.032112725,-0.17266628,-0.032847833,-0.16426057,-0.23827375,-0.094334945,0.024579834,-0.10717747,-0.011048343,-0.0055031627,-0.03490438,-0.06551944,0.01910162,-0.04620135,0.14152157,-0.08900456,-0.14338109,-0.17980708,-0.03772905,0.016397089,-0.13398106,15,3.0
0.05103209,0.104880534,-0.042208817,-0.11630568,0.41090932,0.049050868,0.08353107,-0.02985001,-0.057550736,-0.42408565,0.13369463,-0.17505735,0.015139684,-0.0669336,-0.04525472,-0.12928744,0.08422554,0.21447608,-0.13330236,-0.045840777,-0.119657755,0.15076064,0.16314954,0.05643402,0.17965937,-0.065231755,0.1000288,-0.2021104,-0.09957814,0.17126994,0.03122158,0.24121152,15,3.0
0.03907397,0.036101818,0.16304891,0.24755828,0.30316934,-0.08812672,0.0050554723,-0.10479615,-0.050676025,0.19283849,0.057605263,-0.06256572,0.023785893,-0.1664699,-0.18337458,0.038234554,0.13352042,-0.11167484,-0.19091293,-0.047733672,0.10967919,-0.052120715,-0.15483496,-0.14950004,-0.033846777,-0.0084346775,-0.100576445,-0.17187597,0.03135989,0.044751935,0.065280996,0.07763767,15,3.0
0.039869845,0.1558157,-0.1065651,0.009862732,0.24664557,0.04542307,-0.13334855,-0.07426323,-0.26296917,-0.16269997,-0.1084099,-0.058961775,-0.14200552,-0.041610662,-0.13660365,-0.17757554,-0.03539052,0.00018639117,-0.26742753,-0.05629362,0.0008273944,-0.00922985,-0.16503096,0.047458544,-0.081371814,0.008630279,-0.00460246,-0.15441456,-0.07004507,-0.0125907585,0.12141886,-0.13562267,15,4.0
0.13749841,0.057531454,-0.06878382,0.016050892,0.36935392,0.07135878,-0.098273806,-0.11064893,-0.3207477,-0.20595649,-0.07543214,-0.0047720037,-0.23580867,-0.0489513,-0.18278661,-0.28239056,-0.1412578,-0.007705055,-0.16862768,0.0396031,0.017558597,-0.07003574,-0.12216528,-0.009899324,-0.106582135,0.1942553,-0.09230654,-0.09378444,-0.20085616,-0.056918863,0.035326555,-0.22790793,15,1.0
0.060452595,0.16522375,0.00954093,0.11505346,0.32739067,0.020251438,-0.10741476,-0.1354758,-0.16830279,-0.013101656,-0.014547465,-0.0106018,-0.13366434,-0.07124743,-0.08344908,-0.1638015,0.011010233,-0.009520598,-0.19634333,-0.017601674,0.05738519,-0.06941663,-0.108505756,-0.092940345,-0.015636347,-0.00875459,-0.14043285,-0.1702197,-0.05343244,-0.017526343,-0.0027582087,-0.055907547,15,2.0
0.022390924,0.14550927,-0.10836831,0.025226632,0.20746598,0.054321345,-0.1207026,-0.016983204,-0.23006678,-0.103499025,-0.055509888,-0.06283538,-0.08307618,-0.029253062,-0.15659566,-0.13768777,0.044830553,-0.045388892,-0.23195755,-0.068211764,0.036637835,0.02470354,-0.16619496,0.04362245,-0.059912987,-0.031721756,-0.061632637,-0.14149003,-0.053245403,-0.01348066,0.10843533,-0.09274054,15,2.0
0.012938283,0.14369434,-0.10914701,0.0096078105,0.1816379,0.04404715,-0.11577401,-0.027490396,-0.2424638,-0.11859776,-0.07033215,-0.084358305,-0.063039035,-0.03724004,-0.14994505,-0.14006914,0.014661007,-0.047128834,-0.2339974,-0.06783859,0.019131333,0.009438848,-0.18068905,0.058970712,-0.06306578,-0.028462015,-0.023910606,-0.14255507,-0.038681358,-0.009558145,0.13754067,-0.113352016,15,2.0
0.00791713,0.14662331,-0.1041473,0.02135319,0.15932333,0.0443369,-0.10222619,-0.0059993863,-0.2282958,-0.0942275,-0.052450262,-0.094700694,-0.047933437,-0.03123935,-0.157808,-0.1341271,0.0373867,-0.055163182,-0.21466056,-0.060414,0.033834882,0.02276719,-0.18227535,0.05413226,-0.053518537,-0.03403366,-0.051658727,-0.12560531,-0.035189472,-0.006452907,0.12654997,-0.09563857,15,4.0
0.10520233,0.15336043,-0.08551592,0.05268359,0.33518034,0.07873603,-0.11996444,-0.13326314,-0.2761819,-0.17224339,-0.08678294,0.0059220716,-0.20133902,0.0023118071,-0.15822455,-0.21622442,-0.047521003,0.0059788637,-0.24226707,-0.04564537,0.018367909,-0.013885247,-0.12939157,-0.063487574,-0.06193857,0.017732114,-0.15162835,-0.15538996,-0.11483603,-0.04965918,-0.020593774,-0.11928268,15,3.0
0.11487122,0.14731972,-0.102566555,0.04699613,0.30468693,0.09123217,-0.110246785,-0.14851195,-0.28393337,-0.20115536,-0.07184659,0.008635871,-0.20979565,0.021297492,-0.15487352,-0.20312001,-0.04613343,0.00075959414,-0.26071474,-0.03794968,0.0010738671,0.023697508,-0.11452164,-0.055173673,-0.056862608,0.027252771,-0.11181569,-0.16454478,-0.12476683,-0.05884551,-0.00500397,-0.13096887,15,2.0
0.13522613,0.045793436,-0.026091214,-0.018781316,0.328878,0.04897212,-0.033850998,-0.09301404,-0.21486866,-0.32784623,0.098842934,-0.05944804,-0.1265018,-0.055396434,-0.17196304,-0.20095213,-0.0274802,0.06341254,-0.06794564,-0.038521603,-0.010055855,-0.009889066,0.01913818,0.0845325,0.048934735,0.14373754,-0.002184395,-0.15219831,-0.17819959,0.03068677,0.04006692,-0.002875655,15,4.0
0.07942906,-0.08220429,0.20305744,0.36310726,0.25533935,-0.20322216,0.068835445,-0.12846299,-0.050190166,0.29677865,0.06213555,-0.046891317,0.049339633,-0.1827346,-0.24944183,0.14135148,0.1410417,-0.15267593,-0.22780854,-0.07961608,0.105281934,0.024060508,-0.087128825,-0.13681358,-0.11468394,-0.06651275,-0.040185157,-0.17499183,0.059908018,0.0608851,-0.005238738,0.14447768,15,1.0
0.10639178,0.089628614,-0.013498567,-0.06270303,0.3735085,0.045808613,0.028226882,-0.067055136,-0.14261279,-0.40196803,0.15060484,-0.14570588,-0.045899313,-0.07483706,-0.12808327,-0.16282423,0.045683667,0.12907194,-0.10796611,-0.04868772,-0.054548293,0.07929083,0.108709924,0.09267007,0.13159585,0.065324605,0.060988747,-0.1840265,-0.15883592,0.14589524,0.0388146,0.16017666,15,4.0
0.105703756,-0.09491201,0.14446297,0.378503,0.22621937,-0.20904556,0.08619319,-0.14836621,-0.07449316,0.30304357,0.035963904,-0.033248916,0.0211211,-0.15984474,-0.24809384,0.16090396,0.17825133,-0.16848528,-0.23131198,-0.098000176,0.06791456,0.024871157,-0.038432673,-0.1406338,-0.15776795,-0.07521011,0.042515337,-0.18609846,0.07899677,0.023561861,-0.010606695,0.13822629,15,4.0
0.08185309,0.10971812,-0.030528799,-0.060046773,0.30629775,0.049302276,-0.0018238835,-0.115005076,-0.15033042,-0.3729759,0.09643759,-0.06552929,-0.060556706,-0.04256696,-0.087917715,-0.16663033,0.018770073,0.10848714,-0.11923453,-0.06729461,-0.050311655,0.11710895,0.08614468,0.08540012,0.13613132,0.050406177,0.060914267,-0.22868797,-0.11456095,0.13702486,0.008993201,0.10563634,15,2.0
0.12960008,0.057673365,-0.07838936,0.015401462,0.3721395,0.07353256,-0.10364013,-0.10823675,-0.32554066,-0.20129311,-0.083613366,-0.002541799,-0.24250609,-0.05272286,-0.18283036,-0.28525797,-0.14625357,-0.011299081,-0.18825954,0.046502266,0.016349517,-0.0660296,-0.13068229,-0.00898108,-0.11529446,0.20436563,-0.08354722,-0.08952361,-0.20069624,-0.05194175,0.04526934,-0.24635978,15,1.0
0.15823498,0.045314826,-0.06506121,0.024336252,0.31404662,0.105181895,-0.073599525,-0.13879463,-0.29114157,-0.25330558,-0.02717625,-0.027288608,-0.18306968,-0.028195117,-0.1651758,-0.24640295,-0.10044065,0.020559587,-0.12560551,-0.011678074,0.0012256876,-0.032374997,-0.07686744,-0.0037605697,-0.06011283,0.13199721,-0.10547905,-0.14774516,-0.17658634,-0.03810877,-0.000819616,-0.14254348,15,4.0
0.04237913,0.15496221,-0.10045178,0.016167035,0.22267337,0.027460005,-0.11591206,-0.0770769,-0.25977713,-0.13568972,-0.086000964,-0.057752255,-0.13681807,-0.027313229,-0.14350268,-0.17365474,-0.018183552,-0.021717303,-0.24972534,-0.054049388,0.010405727,0.0020921836,-0.17138204,0.02015908,-0.07436623,-0.0032856092,-0.039483264,-0.15917388,-0.06936303,-0.014687978,0.095194794,-0.12630057,15,1.0
0.032614022,0.1552767,-0.10562259,0.005947415,0.21987766,0.042292316,-0.12552921,-0.06612441,-0.26142797,-0.15521741,-0.09816126,-0.06892253,-0.12588479,-0.04077195,-0.14006883,-0.16960278,-0.024764732,-0.007932983,-0.2525095,-0.06539602,0.0076684505,-0.00353587,-0.16896494,0.051393136,-0.0782103,0.0014039967,-0.007924221,-0.15318292,-0.062106118,-0.0061218776,0.12270263,-0.13127886,15,4.0
0.09196102,0.14738664,-0.09025292,0.026516132,0.33507037,0.045107618,-0.1298073,-0.114146695,-0.2866714,-0.17864376,-0.13464266,-0.018749475,-0.24355835,-0.023948934,-0.17561972,-0.25147793,-0.08961016,0.05762534,-0.23892078,-0.0039989073,0.0067170635,-0.032202996,-0.14585403,-0.03468724,-0.10203217,0.084294036,-0.101697475,-0.15975186,-0.1376144,-0.03565393,0.023426272,-0.15111037,15,1.0
0.07821438,0.16152312,-0.08402045,0.041793652,0.31457275,0.037843574,-0.13063788,-0.10897182,-0.25207672,-0.1309632,-0.09900148,-0.0138426125,-0.21735895,-0.017362747,-0.1589479,-0.21244039,-0.041321367,0.036639832,-0.2328049,-0.02614565,0.020253152,-0.01689977,-0.14614004,-0.038381785,-0.09052063,0.03239375,-0.13425854,-0.16936652,-0.109681636,-0.03157196,0.011114925,-0.11801861,15,4.0
0.017880075,0.15319972,-0.10985632,-0.002534274,0.2007242,0.052511845,-0.1282788,-0.04148096,-0.24811666,-0.15127385,-0.09596336,-0.09236339,-0.0769058,-0.055749524,-0.12581894,-0.14329289,-0.013323881,-0.016187198,-0.25189903,-0.06983344,0.0024112538,-0.005971246,-0.17387295,0.08768432,-0.084142104,-0.010375656,0.014292013,-0.13803567,-0.037033662,-0.0046971515,0.16180764,-0.13666622,15,2.0
0.13444585,0.076338135,-0.0824952,0.020707367,0.36121,0.07679719,-0.10243785,-0.11521718,-0.32125288,-0.20271862,-0.09771809,-0.009865232,-0.24434994,-0.04018027,-0.18083656,-0.28347713,-0.1355548,0.00787707,-0.18984127,0.03923303,0.011139356,-0.05945388,-0.13081469,-0.029495709,-0.11481378,0.17815545,-0.10236488,-0.11001653,-0.19147022,-0.05859291,0.028824188,-0.22035539,15,1.0
0.08290272,-0.113759115,0.21341266,0.40250108,0.25264537,-0.2433108,0.064623296,-0.12820257,-0.06495797,0.3161184,0.06524587,-0.0310999,0.044818867,-0.18202592,-0.26287135,0.15317303,0.12930365,-0.16190162,-0.23567435,-0.07892101,0.10647076,0.05293445,-0.057280302,-0.12410872,-0.13932528,-0.098396435,-0.025977276,-0.17680062,0.06385854,0.06767475,-0.041806582,0.16608407,15,2.0
0.10281432,-0.055521548,0.13215065,0.31950188,0.24360663,-0.17300387,0.08010412,-0.1385133,-0.051508002,0.2714355,0.033632632,-0.060951076,0.017350622,-0.15384544,-0.2266092,0.1376598,0.18693195,-0.14677054,-0.22385573,-0.084744304,0.06390506,-0.008802252,-0.069392696,-0.14672014,-0.1293537,-0.042049143,0.019782083,-0.18229702,0.07159951,0.0063715056,0.029577184,0.112687625,15,4.0
0.054039568,0.023964358,0.15095076,0.25405958,0.28713444,-0.10500371,0.016033005,-0.114081636,-0.05105885,0.2000151,0.055741843,-0.076656245,0.021021154,-0.16182552,-0.19089818,0.05611297,0.14951015,-0.11855113,-0.20149103,-0.05888302,0.09424099,-0.051733978,-0.14209785,-0.15172774,-0.045507286,-0.003815107,-0.069265455,-0.17610638,0.04215026,0.038058497,0.07112014,0.08353281,15,1.0
0.058144018,0.09895154,-0.029287051,-0.11061594,0.44464505,0.049054876,0.09197314,-0.04616294,-0.07190273,-0.44754818,0.13925652,-0.21857682,0.030684985,-0.07061772,-0.04422181,-0.13837652,0.088619426,0.22700635,-0.17574316,-0.05850979,-0.12958708,0.14881049,0.17054367,0.04428216,0.17794946,-0.07373876,0.07600336,-0.19800761,-0.115824394,0.19564682,0.032939877,0.27186793,15,4.0
0.099655315,0.15437625,-0.10509853,0.04265566,0.309329,0.082974166,-0.1194436,-0.12618867,-0.28204224,-0.1873523,-0.07236306,0.0065119117,-0.2064963,0.012989864,-0.15961416,-0.19708167,-0.03241562,0.0023289993,-0.2706885,-0.045197666,0.01086548,0.018188441,-0.12684655,-0.04603716,-0.052729588,0.012606114,-0.10586451,-0.16269489,-0.1150369,-0.06265201,0.007140886,-0.12994538,15,4.0
0.065589875,0.120665915,-0.00882319,-0.11347309,0.42208785,0.041285686,0.07199184,-0.08309458,-0.1039877,-0.44391125,0.11804138,-0.2093448,0.009610245,-0.06640293,-0.06286761,-0.15678987,0.078539535,0.19541916,-0.19574651,-0.068432696,-0.11545277,0.14279023,0.1509957,0.0486568,0.20197725,-0.05460952,0.06834942,-0.20709264,-0.12667824,0.21090393,0.026289064,0.26556197,15,2.0
0.06558704,0.17650247,-0.07702342,0.054560125,0.3036217,0.021934085,-0.12477177,-0.11876332,-0.23690598,-0.10399486,-0.084133714,-0.014891237,-0.20959789,-0.019570462,-0.13904998,-0.2116934,-0.017960496,0.015937626,-0.23900455,-0.02155208,0.023288235,-0.021598991,-0.13998663,-0.0640313,-0.091295645,0.01949161,-0.14931951,-0.16171505,-0.10446778,-0.036031332,-0.0060605817,-0.113480255,15,3.0
0.018731909,0.15396,-0.10671219,-0.00039297342,0.21436603,0.05312941,-0.13171113,-0.050020304,-0.25319245,-0.17204747,-0.106689095,-0.09100251,-0.09467828,-0.060338598,-0.12787576,-0.15665108,-0.0276829,-0.004058227,-0.2555252,-0.071810074,0.0011669993,-0.01819279,-0.17073452,0.081001155,-0.08225237,-0.001934424,0.026223343,-0.13540989,-0.04121898,-0.001158826,0.15572804,-0.1399131,15,1.0
0.10729488,-0.07970467,0.12219845,0.3666731,0.21478842,-0.19159797,0.08244564,-0.15402916,-0.0799825,0.29622722,0.031891953,-0.049666557,0.018907905,-0.15980263,-0.24963775,0.16602182,0.19397567,-0.17851144,-0.22829801,-0.1000019,0.059454978,0.0033474916,-0.05358746,-0.15218422,-0.14644565,-0.050236527,0.060351994,-0.19578703,0.08932745,0.018217655,0.011016671,0.12570658,15,3.0
0.15180388,0.06364241,-0.039146233,0.017608177,0.35629618,0.057180114,-0.073183194,-0.12502578,-0.28413364,-0.25590906,-0.021290764,-0.03049998,-0.18905595,-0.040814694,-0.17754081,-0.26306522,-0.09993675,0.02690415,-0.11986588,-0.011565993,0.0122888535,-0.06934207,-0.0669556,0.0014216825,-0.041456558,0.1398834,-0.093711406,-0.14075714,-0.1878011,-0.044481467,0.004084684,-0.10893735,15,1.0
0.03103438,0.14991811,-0.11062457,0.0109209195,0.23390737,0.05454819,-0.13357736,-0.05786179,-0.25634992,-0.15474118,-0.09096375,-0.059433468,-0.11820459,-0.03910586,-0.14471516,-0.16297694,-0.00828867,-0.01619552,-0.26198086,-0.069840916,0.0144986585,0.0029497878,-0.16237101,0.054366,-0.07202992,-0.0067123733,-0.010876824,-0.1524889,-0.061729427,-0.009622946,0.12677993,-0.12218325,15,4.0
0.05140511,0.15226428,-0.105966434,0.016126858,0.2787521,0.06013556,-0.13703501,-0.08426147,-0.26837885,-0.1946013,-0.119948134,-0.053092584,-0.16906647,-0.044100616,-0.14232695,-0.1972568,-0.051093236,0.020466454,-0.27767748,-0.05193364,-0.00043459982,-0.018310612,-0.15229355,0.038289983,-0.07848399,0.026308179,0.004151093,-0.14690675,-0.08309986,-0.015744105,0.1105281,-0.14434677,15,1.0
0.06329778,0.16602656,-0.093475774,0.02900165,0.27227035,0.027812835,-0.124027304,-0.10983347,-0.26350084,-0.13862683,-0.10218385,-0.033449076,-0.19886382,-0.018639851,-0.14376354,-0.20933239,-0.033074327,0.012150172,-0.25765043,-0.0301649,0.006308116,-0.004650343,-0.15200773,-0.013722295,-0.087581694,0.022846755,-0.07919814,-0.16319776,-0.1021579,-0.029052895,0.050526842,-0.13070801,15,3.0
0.108752556,0.11711358,-0.0874359,0.022515941,0.35990965,0.054581244,-0.11818316,-0.11594194,-0.31313863,-0.19181311,-0.13464852,-0.014008593,-0.25960672,-0.037090946,-0.1807082,-0.28950238,-0.12996934,0.04036628,-0.21955055,0.02949247,0.008576117,-0.055859912,-0.14275609,-0.04541429,-0.117926225,0.15064085,-0.10399473,-0.13385431,-0.1742656,-0.04606164,0.021988284,-0.19446993,15,2.0
0.07727207,0.17015329,-0.07794708,0.051449984,0.33094585,0.022452448,-0.13323244,-0.13399573,-0.2503998,-0.12399494,-0.10624012,-0.006646406,-0.236986,-0.019789863,-0.15430465,-0.23893912,-0.05645062,0.041792624,-0.23391545,-0.008986376,0.01623036,-0.037714545,-0.13672699,-0.07473783,-0.09017299,0.043601487,-0.1474029,-0.17327154,-0.12518817,-0.041654114,-0.011782724,-0.11675516,15,4.0
0.15371376,0.08287273,-0.085941926,0.043388247,0.3381572,0.10717517,-0.095439486,-0.16618238,-0.3125328,-0.2585259,-0.067691565,-0.013176717,-0.19906859,0.0011112541,-0.16696447,-0.25747746,-0.10747264,0.014596362,-0.18919834,-0.015545798,-0.002661243,-0.019518578,-0.08760799,-0.050184518,-0.070503615,0.089238495,-0.11927208,-0.17436752,-0.15859054,-0.035722714,-0.03273994,-0.12828307,15,2.0
0.08938466,-0.101538345,0.20141618,0.4090086,0.23598193,-0.23424096,0.0626318,-0.14851435,-0.08214144,0.31377473,0.06408329,-0.030647404,0.045115914,-0.18692756,-0.27181923,0.16113448,0.14025608,-0.18326315,-0.23980278,-0.092109896,0.1008618,0.03477209,-0.06314684,-0.14279881,-0.13272129,-0.07401307,-0.0013616463,-0.18318379,0.07591132,0.07926923,-0.027032372,0.15757474,15,4.0
0.09290621,-0.033134755,0.09735817,0.3026154,0.16083817,-0.113957494,0.06594671,-0.13320553,-0.08052592,0.20839286,0.0686959,-0.09141737,0.04022216,-0.12346707,-0.21806568,0.12028061,0.18561135,-0.15656048,-0.20983902,-0.08626183,0.05669497,-0.018333422,-0.1396109,-0.1546058,-0.07366593,0.008201091,0.037308823,-0.17853215,0.09160258,0.06265524,0.07791211,0.093909755,15,3.0
0.13401428,0.074867584,-0.08765219,0.019792732,0.3620174,0.079742774,-0.102931716,-0.11271232,-0.3247374,-0.20587018,-0.09807736,-0.011498295,-0.24320102,-0.037746865,-0.18607807,-0.28475916,-0.1361938,0.006302301,-0.19348195,0.03791102,0.010798588,-0.056230627,-0.13379179,-0.030081842,-0.11448036,0.17835839,-0.10134275,-0.11227282,-0.19029771,-0.055524956,0.029993612,-0.22015883,15,4.0
0.106429435,0.16423514,-0.06461176,0.053226084,0.36240637,0.025879368,-0.1236302,-0.14429738,-0.26233426,-0.154381,-0.11751053,-0.010986194,-0.24453673,-0.02960832,-0.14526764,-0.26685038,-0.08073141,0.045280907,-0.21915302,0.000768682,0.02292563,-0.072576925,-0.11062893,-0.09215247,-0.08704251,0.059507925,-0.15577063,-0.16552827,-0.14913914,-0.052935097,-0.039049204,-0.10935674,15,2.0
0.020457517,0.14563332,-0.10924058,0.02215048,0.20457284,0.058448367,-0.12386692,-0.014213007,-0.22979082,-0.10622742,-0.0568114,-0.064489104,-0.08146176,-0.030674811,-0.15791675,-0.13705221,0.04797037,-0.040627502,-0.23135647,-0.069858305,0.03852564,0.026427014,-0.1620092,0.050868213,-0.05937799,-0.031002693,-0.05715914,-0.14243507,-0.05327213,-0.010557599,0.11210205,-0.09161951,15,1.0
0.108918466,-0.09376969,0.12786888,0.37494454,0.2242325,-0.20977746,0.08005105,-0.15166733,-0.09652666,0.31190398,0.0325828,-0.034483902,0.008573873,-0.15845123,-0.26448253,0.16259961,0.18919715,-0.17280138,-0.22792855,-0.10600542,0.059226215,0.018734168,-0.032088593,-0.14682522,-0.15658006,-0.070328444,0.063343525,-0.19686578,0.08428359,0.007480137,-0.004656527,0.13636696,15,2.0
0.10379953,0.12092913,-0.10311231,0.030137097,0.34599218,0.071369775,-0.11436751,-0.11365289,-0.3089464,-0.20860112,-0.13567406,-0.020075012,-0.25376832,-0.030966464,-0.17108437,-0.2752763,-0.11590034,0.04867295,-0.24476135,0.020821527,-0.0005174652,-0.042552583,-0.1437794,-0.03444205,-0.11585262,0.13164206,-0.08230817,-0.13027167,-0.15922916,-0.052195136,0.03640317,-0.20310937,15,3.0
0.083202936,-0.08219299,0.21518527,0.3437943,0.25902689,-0.21009374,0.06846937,-0.1168833,-0.02961744,0.2940581,0.044416282,-0.07604645,0.061499048,-0.18823971,-0.22436148,0.13763358,0.12823988,-0.1525988,-0.22494319,-0.06998932,0.12014045,0.03520362,-0.07335095,-0.124564305,-0.118786134,-0.08582483,-0.05489337,-0.14953822,0.06702391,0.06003831,-0.006894257,0.14137764,15,1.0
0.081749246,0.14137906,-0.101952866,0.028254164,0.32464805,0.0634741,-0.12237825,-0.10391766,-0.28639358,-0.20631215,-0.14280565,-0.039427083,-0.2337548,-0.03980055,-0.1562083,-0.24901636,-0.100157306,0.05772287,-0.26522896,-0.0037769899,-0.006282449,-0.03600522,-0.14269345,-0.006231201,-0.106466115,0.09784195,-0.040886827,-0.13980612,-0.1302808,-0.031845164,0.066356085,-0.17943457,15,2.0
0.04140898,0.15084012,-0.109365866,0.012563098,0.25289318,0.060661107,-0.13641348,-0.06832051,-0.2607547,-0.17148462,-0.098063946,-0.054245457,-0.13933566,-0.040272225,-0.14372116,-0.17338718,-0.018849,-0.0023427308,-0.26940474,-0.06646794,0.011656411,-0.0003501129,-0.15448408,0.050173916,-0.072911225,0.0036398359,-0.006325891,-0.15037799,-0.07020091,-0.011176888,0.11890893,-0.12913696,15,4.0
0.07727949,0.16277198,-0.06692642,0.060156614,0.32967868,0.03648978,-0.12895985,-0.11891261,-0.23177972,-0.105469435,-0.07685559,-0.0052029565,-0.20944743,-0.022280734,-0.1474615,-0.20671108,-0.030880079,0.028747045,-0.21952757,-0.028945168,0.029024012,-0.027164211,-0.13993055,-0.06411229,-0.07746833,0.017735694,-0.16472295,-0.16875479,-0.10027387,-0.035562273,-0.013119582,-0.10516553,15,2.0
0.13694227,0.11065524,-0.048823986,0.040009867,0.29951787,0.070601635,-0.10297351,-0.21048154,-0.26705068,-0.28541186,-0.023080153,-0.0049595647,-0.17239211,0.00671741,-0.1253212,-0.20965801,-0.06747183,0.023870904,-0.20388556,-0.06094554,-0.005389452,0.020225907,-0.024784457,-0.019609261,-0.0018696487,0.05420536,-0.05315928,-0.22000477,-0.13225387,0.02612659,-0.021672066,-0.04566238,15,2.0
0.111280195,0.09125278,-0.10408585,0.03612682,0.36138883,0.07890044,-0.10825037,-0.10391685,-0.30944633,-0.20241019,-0.12408291,-0.027114674,-0.25499898,-0.04812013,-0.1634748,-0.28153443,-0.13732865,0.033818033,-0.23493662,0.03812506,-0.0015175417,-0.057853017,-0.13820755,-0.027686134,-0.13066474,0.1692664,-0.07835482,-0.11027289,-0.1717,-0.055216644,0.050960194,-0.23338132,15,4.0
0.14816844,0.087376565,-0.032852195,0.022060178,0.3583036,0.047859736,-0.07507885,-0.14397773,-0.28103113,-0.26320025,-0.023939252,-0.031610787,-0.18562104,-0.03774588,-0.17224985,-0.26389727,-0.08853546,0.03474894,-0.1382066,-0.026862549,0.017589346,-0.064956084,-0.05576752,-0.015494707,-0.02097065,0.11405584,-0.09504776,-0.16423355,-0.17998023,-0.030756827,-0.014881816,-0.07405671,15,1.0
0.14736868,0.026317822,-0.053111922,0.004593853,0.2900147,0.09537122,-0.05657637,-0.12798476,-0.24427201,-0.28988758,0.043131854,-0.03579282,-0.14051983,-0.03528701,-0.15059507,-0.21507877,-0.06859997,0.042877197,-0.08219921,-0.032757737,-0.015765294,-0.0033902046,-0.02996429,0.053548545,0.00031161308,0.13368689,-0.054613434,-0.16498101,-0.16757257,-0.0029698722,0.022391357,-0.08437043,15,2.0
0.08815093,-0.1387269,0.21896783,0.46792895,0.2438099,-0.28046557,0.04675935,-0.14245988,-0.08285264,0.32170564,0.064015314,0.0059445947,0.037382916,-0.190589,-0.2615813,0.16987924,0.109355256,-0.19497693,-0.25728992,-0.07142346,0.1111667,0.065899774,-0.036215156,-0.12504104,-0.17239207,-0.11903539,0.003793083,-0.1937129,0.07169332,0.09113659,-0.08172451,0.1841466,15,3.0
0.06395938,0.1740913,-0.089228064,0.027474076,0.29683083,0.01826723,-0.12899564,-0.12352997,-0.27690154,-0.1484513,-0.1383451,-0.023267303,-0.23704334,-0.02278918,-0.15326029,-0.24509431,-0.07240686,0.042817306,-0.25678718,-0.0060870834,0.0037918314,-0.025915071,-0.14778787,-0.036321364,-0.10826306,0.06389499,-0.09166874,-0.17296754,-0.12771192,-0.0260376,0.033003975,-0.1394741,15,2.0
0.06700298,0.16066833,-0.10038611,0.023115588,0.29612914,0.039244235,-0.13644497,-0.10708052,-0.27205116,-0.1611006,-0.1204849,-0.027283732,-0.21242999,-0.023575362,-0.1558423,-0.2203054,-0.047326505,0.031802207,-0.26424286,-0.031903982,0.0041845515,-0.008772772,-0.1491886,-0.0035846913,-0.08898903,0.037208136,-0.06656535,-0.16095515,-0.11258469,-0.027526889,0.055836655,-0.1347218,15,4.0
0.1234245,0.0649356,-0.095680505,0.028672606,0.37078547,0.07921198,-0.106084935,-0.10848114,-0.32417685,-0.19984174,-0.09761059,-0.009617843,-0.2505001,-0.05142187,-0.17151773,-0.28748146,-0.14701553,0.00071109086,-0.21304059,0.0498662,0.008466631,-0.06412199,-0.13388345,-0.018380525,-0.1282033,0.19723609,-0.081826776,-0.09416973,-0.19122565,-0.057930816,0.04828553,-0.25640258,15,4.0
0.09325498,0.15918662,-0.07720725,0.0586624,0.34366924,0.051008724,-0.12758428,-0.13199326,-0.26053643,-0.1458063,-0.085298166,0.004076652,-0.20934182,-0.011271041,-0.16301525,-0.22307687,-0.050402246,0.022966672,-0.2262694,-0.042736806,0.029500626,-0.027128141,-0.13518119,-0.07372926,-0.06812915,0.025080383,-0.1672087,-0.16766146,-0.112352766,-0.03654119,-0.026443634,-0.107701845,15,2.0
0.10835662,0.14894645,-0.09683666,0.04794664,0.32036874,0.08224059,-0.116135664,-0.14030501,-0.28327155,-0.19016853,-0.0830207,0.0064143017,-0.21050051,0.011814984,-0.16301876,-0.21131252,-0.049580276,0.009125657,-0.2538143,-0.04223398,0.008799672,0.0046623265,-0.12537862,-0.058045913,-0.05991005,0.025552671,-0.126203,-0.163001,-0.12005784,-0.056107406,-0.008354772,-0.12773381,15,2.0
0.119083695,0.084613465,-0.1012101,0.030487642,0.3618966,0.07936719,-0.107564546,-0.11004461,-0.31975636,-0.20384091,-0.11480333,-0.016216606,-0.25377187,-0.043493483,-0.17229134,-0.28595155,-0.13668811,0.02184594,-0.22319385,0.040379375,0.004381269,-0.05582781,-0.13869204,-0.030960273,-0.12633725,0.17502908,-0.08881226,-0.10864869,-0.18096533,-0.05762354,0.04130582,-0.23537286,15,3.0
0.10139438,0.0807375,-0.022946864,-0.07449652,0.37043357,0.044877995,0.041466713,-0.042203628,-0.113395974,-0.39451444,0.15868506,-0.13664412,-0.036141112,-0.07626702,-0.11151433,-0.14806774,0.054861978,0.14736983,-0.083093375,-0.035236314,-0.063255005,0.08753361,0.12405387,0.09889976,0.13003716,0.058852416,0.08687569,-0.1789615,-0.1479828,0.13378546,0.04943144,0.16072239,15,2.0
0.08851047,-0.10601682,0.20398639,0.39960867,0.24093036,-0.23376736,0.065943465,-0.14161578,-0.068826616,0.3097964,0.060582217,-0.026242457,0.04461963,-0.1796838,-0.26164722,0.15734456,0.14325786,-0.17344171,-0.23495153,-0.08796744,0.10361932,0.038424205,-0.05598961,-0.12909737,-0.13795352,-0.08455245,-0.004709447,-0.17208938,0.06599021,0.07212616,-0.03091551,0.15905553,15,2.0
0.013702353,0.14586346,-0.110689744,0.005148515,0.1980747,0.04998075,-0.12571512,-0.031301655,-0.24586667,-0.13342732,-0.082080334,-0.07983632,-0.07445231,-0.04270046,-0.14444165,-0.14338848,0.0076792203,-0.034067288,-0.24357912,-0.070497215,0.016622573,0.0027279435,-0.174023,0.06830478,-0.06988619,-0.02406337,-0.010509293,-0.14511186,-0.040944003,-0.007966612,0.14286993,-0.11696173,15,1.0
0.10883465,-0.0621835,0.12288685,0.3200513,0.24653324,-0.18725346,0.07474111,-0.14372481,-0.07358997,0.28729293,0.02710184,-0.06380431,0.0057933815,-0.15624641,-0.24817583,0.14325593,0.19743603,-0.1536411,-0.21821567,-0.09530929,0.05652392,-0.009560587,-0.0526115,-0.15418187,-0.13500366,-0.04489211,0.047034718,-0.18716678,0.082010984,-0.014663272,0.02863143,0.11020079,15,3.0
0.063594595,0.1555186,-0.10245885,0.017332671,0.29528394,0.06690447,-0.13011526,-0.08427392,-0.265309,-0.2025648,-0.12928692,-0.054267988,-0.1914329,-0.04765502,-0.13575551,-0.20785564,-0.065619,0.04318115,-0.2777366,-0.031079719,-0.006172903,-0.023031956,-0.14374292,0.03755428,-0.0912151,0.054160338,-0.00168164,-0.13443995,-0.09813244,-0.020648278,0.101252034,-0.16075966,15,3.0
0.0754385,0.16892706,-0.07107277,0.06383556,0.33816916,0.034112718,-0.12634014,-0.14129141,-0.24890867,-0.12463603,-0.08064285,0.0062167197,-0.21533373,-0.015603028,-0.15450697,-0.22765611,-0.047228314,0.022044644,-0.22997352,-0.033532433,0.027191773,-0.03257633,-0.13171022,-0.08490954,-0.071847424,0.028103206,-0.1644912,-0.17455526,-0.11013588,-0.034105364,-0.027514342,-0.106803454,15,3.0
0.05308962,0.0041365307,0.20283222,0.25768757,0.2885309,-0.11604456,0.028525645,-0.09044036,-0.04716602,0.20096406,0.046907585,-0.10414326,0.05919708,-0.16916817,-0.1903013,0.060607173,0.1409286,-0.13825527,-0.19540733,-0.064180695,0.12816186,-0.006636661,-0.13349749,-0.13558799,-0.06674374,-0.037764255,-0.10278274,-0.117430866,0.050802924,0.05377378,0.057431567,0.08102193,15,3.0
0.1405085,0.08656312,-0.06716104,0.03292136,0.2948478,0.10399199,-0.09750458,-0.2105693,-0.2837953,-0.31320685,-0.0072180536,-0.012355693,-0.15799391,0.0072922446,-0.13833897,-0.21152522,-0.07507336,0.012593538,-0.19215938,-0.06296597,-0.01557155,0.053723477,-0.021177264,0.0011797901,-0.009515714,0.061793257,-0.054369524,-0.22167748,-0.13330625,0.051684543,-0.03550003,-0.051726975,15,3.0
0.091468625,0.13344595,-0.10514596,0.023881817,0.3308169,0.071888745,-0.11653636,-0.10422517,-0.3011335,-0.21749425,-0.13200597,-0.028308533,-0.23831679,-0.032091897,-0.16825348,-0.25806555,-0.09808473,0.049944133,-0.25705054,0.0004496742,-0.0010176972,-0.029278498,-0.14213112,-0.009315452,-0.101383954,0.103925064,-0.05292823,-0.12978397,-0.14071137,-0.039545838,0.050512888,-0.19010688,15,3.0
0.011309091,0.14153533,-0.106790796,0.017072994,0.16713479,0.041216504,-0.10837903,-0.019381087,-0.23650064,-0.11032065,-0.061145224,-0.09000524,-0.056488447,-0.03492451,-0.15997474,-0.14007634,0.023516836,-0.051601186,-0.22104144,-0.06607393,0.0241815,0.013533052,-0.18309873,0.04843597,-0.05137494,-0.03259448,-0.0345038,-0.13544819,-0.037994947,-0.009425595,0.12758106,-0.10676242,15,2.0
0.070303,0.16163181,-0.09327285,0.025641087,0.3116353,0.031101372,-0.13753438,-0.10835928,-0.27140036,-0.15558547,-0.13050534,-0.02228488,-0.22945096,-0.024931844,-0.16385368,-0.23301509,-0.06987159,0.05220162,-0.24894282,-0.015394622,0.0062947124,-0.023832208,-0.15076028,-0.021634858,-0.09965689,0.057874773,-0.08862527,-0.1718243,-0.12057765,-0.024110433,0.038689405,-0.13584471,15,1.0
0.053046796,0.16298531,-0.0988169,0.015558632,0.2932682,0.0540584,-0.13502955,-0.078407645,-0.25940087,-0.1851516,-0.14330088,-0.057300154,-0.19126569,-0.04963364,-0.12750879,-0.20834355,-0.07549575,0.05104718,-0.27410668,-0.024474835,-0.010263063,-0.033796307,-0.15168063,0.03785314,-0.10331172,0.055489812,-0.0044767577,-0.14650841,-0.09384637,-0.016142245,0.10480316,-0.15437315,15,4.0
0.0060215797,0.14236331,-0.10789329,0.020370692,0.17080086,0.049425058,-0.11259509,-0.009195045,-0.23115434,-0.10234899,-0.0544597,-0.08692227,-0.049210988,-0.03347103,-0.16257903,-0.1353356,0.0386202,-0.054718204,-0.22173542,-0.06889751,0.031777583,0.022442514,-0.17729488,0.054349527,-0.04951345,-0.03509348,-0.04256042,-0.1350485,-0.038536124,-0.009242717,0.12957086,-0.09701038,15,1.0
0.11264127,0.14796582,-0.034584284,0.07596494,0.3273827,0.055838726,-0.13366032,-0.1798122,-0.251074,-0.19021115,-0.056917086,-0.0057830177,-0.15683554,-0.007493168,-0.10378355,-0.204433,-0.05238758,0.008634403,-0.240383,-0.0709035,0.01895468,-0.033060875,-0.06350103,-0.07085334,-0.0073475093,0.00272353,-0.10612191,-0.1886694,-0.09733926,-0.009934951,-0.023887064,-0.05491571,15,3.0
0.14945363,0.08720486,-0.041259583,0.022947975,0.3204205,0.08086285,-0.08097964,-0.18110025,-0.27048132,-0.2891528,-0.0069015417,-0.023121968,-0.16454074,-0.01996582,-0.1514015,-0.22931002,-0.06687116,0.031982422,-0.16017365,-0.050375268,0.0017960966,-0.010642147,-0.037993506,-0.0056829723,-0.00021034479,0.08478077,-0.080940306,-0.19806458,-0.15460804,0.008975536,-0.022223275,-0.053215936,15,1.0
0.04408407,0.1658449,-0.013680495,0.12767075,0.3308524,0.023479473,-0.09372322,-0.0924444,-0.17412889,-0.028483147,0.0035301484,-0.030240897,-0.12027444,-0.06451054,-0.10544797,-0.13304983,0.07650404,-0.046423003,-0.20171592,-0.051418126,0.0635104,-0.021912389,-0.12547475,-0.10150048,-0.070957586,-0.031162998,-0.19040535,-0.11170242,-0.029558614,-0.011497524,-0.033477653,-0.072280444,15,1.0
0.060001507,0.17593941,-0.03409931,0.10250774,0.3513764,0.028489672,-0.120898806,-0.14302343,-0.20176266,-0.067440905,-0.03137343,-0.0013752878,-0.16936196,-0.0547637,-0.10559355,-0.20183863,0.0012340881,0.0003297925,-0.21570793,-0.035808608,0.04818453,-0.062112425,-0.10472888,-0.106420204,-0.038839806,0.0016080905,-0.16820979,-0.15315542,-0.07736837,-0.025612947,-0.03808159,-0.07524306,15,3.0
0.15163238,0.10184518,-0.10201757,0.044256646,0.31560352,0.11612952,-0.10186022,-0.17287862,-0.30389667,-0.25432017,-0.06798401,0.002143614,-0.1987811,0.02693266,-0.152194,-0.24178524,-0.08902401,-0.008066773,-0.2143265,-0.0056493413,-0.019343317,0.010239681,-0.08966716,-0.046669453,-0.065489724,0.06645365,-0.10603522,-0.16568571,-0.15811062,-0.037694488,-0.025714662,-0.13399568,15,1.0
0.113718,0.14102809,-0.035591442,0.07214197,0.2833772,0.06269829,-0.10432724,-0.17933202,-0.23465517,-0.15462372,-0.044859663,-0.0007961467,-0.1669912,0.0012477674,-0.093729846,-0.18911391,-0.06126073,0.0152894,-0.21493536,-0.03871412,0.010659844,-0.017595856,-0.06916758,-0.06024544,-0.020701177,0.020654518,-0.089960486,-0.19539389,-0.0867869,-0.0149954185,0.00311682,-0.07278583,15,2.0
0.050850637,0.1185211,-0.038412984,-0.09599365,0.3628022,0.038564637,0.048041925,-0.070315145,-0.09225235,-0.40927923,0.1088053,-0.12750766,-0.011988893,-0.05105027,-0.051687595,-0.13994825,0.05559289,0.16772315,-0.14408664,-0.06466829,-0.09328443,0.14881125,0.12861721,0.06746639,0.16930386,-0.031489752,0.089954525,-0.22497822,-0.091687955,0.17369159,0.0156084895,0.19581509,15,3.0
0.106288865,-0.08096154,0.12390813,0.36671516,0.20850353,-0.18353222,0.0898205,-0.14848486,-0.06721448,0.27903515,0.036704596,-0.037759684,0.024156813,-0.14529552,-0.23715007,0.16198866,0.19347589,-0.16901603,-0.22974932,-0.093422666,0.056926176,0.0067082136,-0.054544486,-0.14491954,-0.15148999,-0.05303967,0.05175065,-0.18647397,0.07882313,0.022281813,0.008755099,0.1264071,15,1.0
0.083471596,0.084846765,-0.014622975,-0.09588945,0.4333666,0.054437187,0.08347719,-0.04116893,-0.09252843,-0.44332975,0.15920596,-0.21990854,0.012310216,-0.07965718,-0.07754634,-0.14760381,0.08731649,0.20960835,-0.15530661,-0.050087474,-0.10736226,0.12618439,0.16313964,0.06243869,0.16178599,-0.02716713,0.07438424,-0.17796837,-0.15278657,0.18690094,0.040284548,0.25346276,15,2.0
0.077708095,0.17660178,-0.068948865,0.065969855,0.33669958,0.022187717,-0.13046862,-0.13310817,-0.2304853,-0.102216974,-0.08570881,-0.006959252,-0.22419682,-0.028091658,-0.13519198,-0.22622967,-0.036787428,0.031083208,-0.22764808,-0.011994028,0.02415561,-0.043923173,-0.12822819,-0.085047044,-0.08263647,0.024195045,-0.16419291,-0.16408886,-0.112599045,-0.04457568,-0.027439158,-0.106144845,15,3.0
0.07153147,0.050212733,0.093335986,0.2210637,0.27333722,-0.09701233,-0.008411827,-0.10387562,-0.07633853,0.15579042,0.05777661,-0.09675047,-0.0043326737,-0.13350023,-0.17903283,0.034356385,0.16382599,-0.10276132,-0.20590064,-0.06319829,0.07027215,-0.06710551,-0.13869315,-0.15211007,-0.030052338,0.007917134,-0.03575879,-0.1871947,0.043795306,0.014302248,0.08318503,0.072497234,15,4.0
0.13188785,0.057683237,-0.028841008,-0.01960281,0.29396647,0.07269228,-0.040918157,-0.12432015,-0.2091312,-0.32064748,0.07846537,-0.04998973,-0.11487259,-0.044431534,-0.14270769,-0.19713567,-0.03236501,0.06726685,-0.08323112,-0.051084355,-0.01829416,0.026109584,0.012494052,0.072769314,0.059715055,0.11752403,-0.011803397,-0.19183813,-0.15095967,0.047383964,0.026146505,-0.00019669253,15,4.0
0.0014636926,0.14442898,-0.10839236,-0.0025074072,0.15670097,0.041642375,-0.11233916,-0.02166523,-0.24387805,-0.11435341,-0.0733832,-0.10610686,-0.03120147,-0.041537505,-0.14342687,-0.13172302,0.00833194,-0.0481591,-0.22669381,-0.06871168,0.011030927,0.0075825867,-0.19049026,0.08353418,-0.07147047,-0.028158639,-0.009662976,-0.1393691,-0.023097333,-0.0034709722,0.1626227,-0.120016396,15,3.0
0.068178564,0.17342405,-0.07419518,0.06887745,0.29547146,0.031779677,-0.11194909,-0.09975388,-0.22277728,-0.09521212,-0.05595237,-0.02189025,-0.18470718,-0.021392662,-0.128409,-0.17981164,0.016264558,-0.0055262,-0.23076138,-0.039803587,0.036232255,-0.00619371,-0.13666704,-0.05898946,-0.087286636,-0.004955353,-0.1608531,-0.14601833,-0.08347913,-0.035799865,-0.0148737915,-0.10783865,15,1.0
0.06642479,0.11515219,-0.033367127,-0.08650841,0.3380554,0.041684907,0.033317313,-0.077850915,-0.10577507,-0.39001158,0.1100664,-0.10338335,-0.0323738,-0.052257832,-0.07037638,-0.14819424,0.046637416,0.14747618,-0.11855298,-0.05824372,-0.07552426,0.13396212,0.11605012,0.07974149,0.16175547,0.0055191107,0.08716032,-0.22342491,-0.10260512,0.15622044,0.019124009,0.16431087,15,2.0
0.043569595,-0.041277893,0.26987275,0.35516208,0.35645303,-0.18008746,0.03185357,-0.16932157,-0.0048556738,0.25422603,0.092454046,0.041298464,0.053221878,-0.21953773,-0.22526866,0.07468928,0.10683267,-0.16074634,-0.21599856,-0.013309067,0.18655346,-0.053105842,-0.16069084,-0.17159137,-0.039578386,-0.04898369,-0.12050685,-0.14187056,0.010366932,0.075209334,0.01969017,0.121148065,15,4.0
0.045907177,0.013213029,0.1918674,0.27259314,0.24085642,-0.10866151,0.009177482,-0.13659894,-0.07347883,0.22379369,0.07288487,-0.08366029,0.05464902,-0.17394133,-0.22037002,0.06547652,0.13113263,-0.14657745,-0.19955048,-0.06525871,0.12675087,-0.043712683,-0.1606344,-0.14197892,-0.0062478706,0.012575485,-0.052768685,-0.1682315,0.057629146,0.08805451,0.097261444,0.0903615,15,1.0
0.06285082,0.15602402,0.008490704,0.108619764,0.35432112,0.06563112,-0.09862407,-0.12100408,-0.190913,-0.040141225,-0.01609757,0.012596443,-0.12497537,-0.05680236,-0.10138154,-0.15707798,0.011152606,-0.013026096,-0.17965722,-0.054486774,0.06768574,-0.038873497,-0.124220796,-0.087628156,-0.035691585,-0.014574785,-0.20099609,-0.13127097,-0.04653483,-0.019814793,-0.03142069,-0.080457486,15,3.0
0.07185838,0.18069308,-0.073465556,0.06651884,0.32583097,0.017904542,-0.12899017,-0.12969266,-0.23051561,-0.099493235,-0.08205917,-0.009245686,-0.21908814,-0.026014362,-0.13499126,-0.22117789,-0.024964452,0.024146114,-0.23330101,-0.015937714,0.024556756,-0.036746405,-0.13081047,-0.08539779,-0.08473551,0.019790169,-0.16316846,-0.15967628,-0.10922119,-0.04384469,-0.027543109,-0.10749275,15,1.0
0.11839826,0.15425035,-0.053432863,0.06269729,0.36298752,0.036268957,-0.12511462,-0.16485423,-0.2599795,-0.17494825,-0.081774026,-0.010250121,-0.20980693,-0.022366438,-0.13520294,-0.24493106,-0.06872267,0.029509727,-0.22540325,-0.033519216,0.025990568,-0.062327746,-0.088409975,-0.08811874,-0.039906282,0.02413043,-0.13603067,-0.18193477,-0.12739097,-0.037475426,-0.038504098,-0.07798458,15,2.0
0.050703533,-0.10540612,0.34769058,0.46146378,0.37224337,-0.3345241,-0.040617935,-0.19157338,-0.031525396,0.30050611,0.104250744,0.10916255,0.052413378,-0.28143457,-0.30291063,0.10766786,0.054904126,-0.2508554,-0.2799322,0.012491021,0.2588508,-0.043584652,-0.13835259,-0.13911587,-0.05325721,-0.09429881,-0.06238612,-0.14327943,0.0099047925,0.10221353,-0.057439823,0.17173846,15,2.0
0.066942066,0.16708931,-0.090544924,0.028917646,0.30590606,0.022479609,-0.13227189,-0.11888627,-0.27398178,-0.15018067,-0.13079254,-0.021285512,-0.23458831,-0.022996593,-0.16123395,-0.24092078,-0.07617694,0.048435867,-0.249105,-0.008497054,0.0059669986,-0.027531656,-0.15096286,-0.03486167,-0.10289419,0.062050547,-0.09393653,-0.17574356,-0.12275314,-0.022354368,0.03250508,-0.13696085,15,2.0
0.084354974,-0.06470635,0.18493678,0.34637752,0.24304475,-0.18806027,0.065206446,-0.12611166,-0.05453989,0.3053272,0.05013017,-0.064808145,0.041630685,-0.18837053,-0.24059197,0.14587812,0.13658008,-0.15313274,-0.22935325,-0.080413714,0.10018897,0.015040074,-0.09446262,-0.14047888,-0.10981246,-0.051920086,-0.03193617,-0.19944862,0.070652895,0.05560811,0.008709639,0.13567305,15,3.0
0.033009328,0.14925694,-0.11009669,0.014335616,0.23283961,0.049360022,-0.13240075,-0.054610513,-0.25415426,-0.14516759,-0.08586541,-0.05555251,-0.12089008,-0.03463834,-0.1508054,-0.16356881,-0.0014173985,-0.019658469,-0.25428277,-0.070191674,0.018019736,0.004810191,-0.16396052,0.042593803,-0.06744437,-0.012383639,-0.025937628,-0.15586321,-0.064241685,-0.013118781,0.11258803,-0.11653142,15,2.0
0.0791312,0.13910437,0.014698258,-0.15682401,0.4560216,0.038373426,0.08901242,-0.05475944,-0.08101361,-0.43665057,0.12125388,-0.22033119,0.02080936,-0.079762146,-0.051536307,-0.16233969,0.08869601,0.21306667,-0.1698762,-0.03680849,-0.12783468,0.12839748,0.18009686,0.05277744,0.21371666,-0.03832591,0.09761684,-0.20014098,-0.13117301,0.19686185,0.052510858,0.28818917,15,2.0
0.09252283,0.1093012,-0.0023720413,-0.08620581,0.3868287,0.040545486,0.04902551,-0.0753931,-0.12169227,-0.41690058,0.13625507,-0.16656104,-0.023520775,-0.07183771,-0.09927826,-0.1609768,0.061253153,0.15879431,-0.14233862,-0.056661896,-0.07503525,0.10909899,0.12743084,0.07519526,0.16395876,0.018828914,0.070759594,-0.20065919,-0.14579606,0.17549919,0.03307031,0.20856956,15,4.0
0.059345506,0.11004839,-0.035716493,-0.08920784,0.37381366,0.04171268,0.054377034,-0.06819135,-0.095370285,-0.41664347,0.12041707,-0.1472412,-0.007464954,-0.059692252,-0.064409316,-0.14030214,0.062211342,0.17181762,-0.14472677,-0.06375623,-0.09298068,0.14393803,0.1327808,0.06975396,0.16406646,-0.028068889,0.08230807,-0.21884707,-0.10420194,0.18199159,0.020388018,0.20491026,15,1.0
0.09388665,0.0729588,-0.036428664,-0.06839618,0.3490028,0.05049205,0.036642727,-0.03885224,-0.10808945,-0.38332462,0.15123142,-0.12198445,-0.039573688,-0.07354924,-0.10748937,-0.14200631,0.048092496,0.14581117,-0.06951746,-0.03724172,-0.06125927,0.0973079,0.114066765,0.10127048,0.12444415,0.05008051,0.088165045,-0.18561214,-0.1339066,0.12858436,0.047908343,0.1436445,15,1.0
0.064827,0.16095097,-0.09561008,0.030055761,0.28041303,0.049684133,-0.12828967,-0.078251995,-0.25095117,-0.13256285,-0.088525444,-0.026123196,-0.18099043,-0.018340051,-0.15342148,-0.18244034,-0.009897612,0.013625842,-0.24341434,-0.0479848,0.027066454,0.004146023,-0.1499216,0.0030617043,-0.086933166,0.011993784,-0.10223186,-0.15988806,-0.09217904,-0.021128207,0.04765814,-0.11390148,15,4.0
0.025790144,0.14779326,-0.105156496,0.016836688,0.18328203,0.029570814,-0.107921,-0.04624871,-0.24761634,-0.11860973,-0.07093566,-0.07810539,-0.088729605,-0.032098662,-0.15051134,-0.15215294,0.0022219494,-0.04270392,-0.23352885,-0.059232034,0.018026516,0.0079893945,-0.18338962,0.03416769,-0.061951656,-0.019547082,-0.035693083,-0.14391473,-0.049270973,-0.010448251,0.11618389,-0.11647333,15,3.0
0.0075171012,0.1441009,-0.10928483,0.008474771,0.17259224,0.05071581,-0.11645996,-0.012982845,-0.2350377,-0.11553492,-0.0686927,-0.09325463,-0.04992664,-0.040613223,-0.15249956,-0.133414,0.02671366,-0.043584183,-0.2252762,-0.0699496,0.022963814,0.012903819,-0.17602263,0.070667475,-0.0605762,-0.03290716,-0.024194568,-0.13488671,-0.0338863,-0.0074760765,0.1421409,-0.10938794,15,1.0
0.022678543,0.14761558,-0.1109602,0.013372941,0.20892628,0.05387117,-0.1251771,-0.030265912,-0.24114381,-0.12333687,-0.07160011,-0.06741388,-0.08928995,-0.03472056,-0.14880377,-0.1440927,0.02355177,-0.03484819,-0.24265143,-0.06941691,0.026284456,0.014917847,-0.16604626,0.057070233,-0.06754617,-0.023992963,-0.034903154,-0.14602639,-0.0517028,-0.010375064,0.124026895,-0.10696016,15,1.0
0.064130366,-0.06631606,0.25698987,0.36769012,0.30565664,-0.20341037,0.043101355,-0.15789342,-0.018451698,0.27493638,0.07332745,0.007624373,0.06927924,-0.21264404,-0.22870529,0.1188342,0.11207247,-0.16780153,-0.23898494,-0.045910567,0.16813695,-0.016308762,-0.12947349,-0.15685025,-0.069975026,-0.059342187,-0.097546995,-0.15735677,0.034752447,0.088775635,-0.0006926507,0.1440609,15,3.0
0.05989719,0.16140093,-0.098832384,0.020163432,0.28650194,0.037313696,-0.13558497,-0.09473537,-0.2682167,-0.1556977,-0.11582856,-0.03088713,-0.20124006,-0.025124494,-0.15636292,-0.2102748,-0.047786437,0.032292303,-0.2548266,-0.03639762,0.0093880445,-0.010302598,-0.15301818,0.0036303103,-0.090576306,0.03376735,-0.06493418,-0.16948281,-0.102324665,-0.017413273,0.06088777,-0.13031963,15,1.0
0.07156803,0.14528944,-0.10436267,0.024324587,0.3020199,0.06957211,-0.12638561,-0.09761728,-0.27834785,-0.21276006,-0.12556264,-0.045593433,-0.20196593,-0.03899615,-0.15152249,-0.22062604,-0.07113716,0.039633237,-0.27410808,-0.033321306,-0.0028502569,-0.020989012,-0.14133903,0.017970338,-0.08491284,0.058212455,-0.011261723,-0.14108196,-0.10625531,-0.023134667,0.086781956,-0.16145271,15,2.0
0.102192424,-0.09064344,0.2004032,0.35063267,0.23788077,-0.2012804,0.08303652,-0.12299295,-0.011799045,0.28841516,0.030804139,-0.063955076,0.061661143,-0.17682096,-0.1872184,0.15439191,0.13275197,-0.15500355,-0.2287072,-0.06814234,0.112906605,0.03874715,-0.06520991,-0.1146563,-0.14092055,-0.09445131,-0.03673338,-0.14781436,0.06798613,0.062404905,-0.02038974,0.13835661,15,3.0
0.022621319,0.1474829,-0.11096394,0.008298449,0.21278967,0.053887744,-0.13006829,-0.04585319,-0.2511595,-0.14746323,-0.08428586,-0.07129872,-0.09767984,-0.042206105,-0.14700308,-0.15455541,0.0025365427,-0.023586862,-0.25098887,-0.07423921,0.017007627,0.004581946,-0.16595109,0.060692377,-0.06768905,-0.015052088,-0.008756836,-0.14818126,-0.052067626,-0.007464584,0.13363272,-0.12016633,15,2.0
0.10459061,0.056147054,-0.04395156,-0.049358148,0.30842206,0.052073505,0.007440705,-0.056577865,-0.13620433,-0.34885746,0.13542044,-0.07381734,-0.070898965,-0.06127442,-0.12043688,-0.1526093,0.020940274,0.114698045,-0.048521884,-0.03585028,-0.043432105,0.07246377,0.081740044,0.1090293,0.09807835,0.094233885,0.07368544,-0.18265489,-0.13631439,0.08552241,0.052273024,0.0710251,15,4.0
0.08539966,-0.09011546,0.22957337,0.38414815,0.2667654,-0.2163012,0.06617329,-0.14579424,-0.025281034,0.28167614,0.061965223,-0.021672599,0.06958555,-0.1968193,-0.22557339,0.14469336,0.119587734,-0.16869435,-0.24317127,-0.06317542,0.13492078,0.016413195,-0.09544023,-0.14460477,-0.11118029,-0.07837844,-0.059875652,-0.15433513,0.054419905,0.08536517,-0.01707727,0.14908367,15,1.0
0.13499045,0.07175411,-0.0526595,0.009931665,0.28279677,0.09713972,-0.080053195,-0.19395545,-0.24856676,-0.32135984,0.028233137,-0.01643452,-0.1283352,-0.009402037,-0.12039899,-0.2027424,-0.06498347,0.039123088,-0.14506102,-0.06031657,-0.023648206,0.050684202,-0.0034738323,0.03897892,0.02115503,0.09216444,-0.04014729,-0.2231527,-0.13524479,0.0547355,-0.016511705,-0.039102565,15,1.0
0.15760249,0.0082544815,-0.060070645,0.013173321,0.31377894,0.094988756,-0.065915145,-0.11101284,-0.27697638,-0.26044977,0.017508283,-0.03209891,-0.16914894,-0.041542206,-0.17273709,-0.23240799,-0.10198906,0.010987036,-0.08715642,-0.004613584,-0.004064195,-0.042463347,-0.065426886,0.041405264,-0.04886041,0.16630408,-0.07603699,-0.12090041,-0.19002226,-0.041997742,0.036092997,-0.1564111,15,2.0
0.057081837,0.061933905,-0.036016103,-0.11340487,0.5075709,0.07558458,0.11676494,-0.019392561,-0.046919793,-0.46764296,0.16997911,-0.2816805,0.06101649,-0.08535913,-0.027796157,-0.12254999,0.110942446,0.29133168,-0.18996283,-0.050945923,-0.16272692,0.15594144,0.2085603,0.015545666,0.16854814,-0.121233225,0.059088483,-0.17237899,-0.1232497,0.19396651,0.049450304,0.31959397,15,4.0
0.14170758,0.10907165,-0.070449054,0.04239122,0.37055856,0.06310033,-0.10555033,-0.14709532,-0.29947907,-0.22566816,-0.08623419,-0.0193314,-0.21844678,-0.01891939,-0.17388016,-0.2746725,-0.10703406,0.031166144,-0.19077049,-0.007675117,0.0133368,-0.060778342,-0.09923366,-0.0639812,-0.065801226,0.087246954,-0.12836039,-0.16777457,-0.16631891,-0.050373424,-0.027719904,-0.117299855,15,1.0
0.15560222,0.026831264,-0.07456629,0.018649511,0.3367183,0.09717248,-0.08561453,-0.115391135,-0.31546482,-0.22141755,-0.03728847,-0.011227291,-0.21145168,-0.04482839,-0.18047383,-0.2560774,-0.13051584,-0.017732859,-0.13968727,0.028530646,0.01340168,-0.0546652,-0.10602868,0.006775759,-0.09602463,0.19184229,-0.09018953,-0.094073474,-0.20120732,-0.057770032,0.038161285,-0.23088692,15,4.0
0.11174026,0.16208775,-0.04053345,0.073611505,0.3314316,0.026960704,-0.12736768,-0.18202472,-0.24652916,-0.17904794,-0.0439434,-0.020852484,-0.17560236,-0.016505677,-0.107699506,-0.21517347,-0.042003714,0.012685213,-0.2423192,-0.0569086,0.026396178,-0.046526324,-0.058232196,-0.07543288,-0.0046444237,0.0034885015,-0.096570045,-0.19237337,-0.104180485,-0.011823103,-0.022769932,-0.048210308,15,2.0
0.017882876,0.14383395,-0.107444465,0.0051307715,0.18783309,0.036031544,-0.118589215,-0.046650656,-0.25257182,-0.12991416,-0.08041665,-0.08238979,-0.07443665,-0.039182987,-0.14407447,-0.1482425,-0.006764602,-0.041462407,-0.24223962,-0.06717282,0.008072019,0.0010241519,-0.18571119,0.056150176,-0.06845806,-0.02098266,-0.009939221,-0.15118356,-0.041076444,-0.009353016,0.14137575,-0.12428385,15,4.0
0.03149814,0.15137999,-0.1105583,0.008006845,0.23800223,0.06713985,-0.13766696,-0.053341366,-0.25377867,-0.1758295,-0.0949771,-0.065585166,-0.12180048,-0.050702285,-0.14116338,-0.16360581,-0.0068467483,-0.004009202,-0.26486337,-0.07414772,0.018515326,0.00036330166,-0.15067117,0.06557189,-0.070068985,-0.0023198891,0.0070603904,-0.13975875,-0.060797125,-0.0051625334,0.12883367,-0.12878156,15,4.0
0.10239531,0.15577917,-0.06467302,0.064792,0.3473314,0.08046608,-0.12146231,-0.13255541,-0.26220745,-0.14928916,-0.0779669,0.009105571,-0.18080364,-0.008342713,-0.14178821,-0.21119411,-0.042094126,-0.0006721318,-0.22889662,-0.05345971,0.027486265,-0.027643865,-0.12511954,-0.07363345,-0.053879943,0.0043041836,-0.1738634,-0.14811274,-0.10145941,-0.042809162,-0.033195954,-0.10745472,15,3.0
0.05126909,0.070104435,-0.049480226,-0.110547155,0.4916143,0.07075813,0.11805857,-0.0067960694,-0.040433347,-0.45944792,0.1708867,-0.25378022,0.05776572,-0.0802148,-0.024791842,-0.11807659,0.10642503,0.27692455,-0.16607934,-0.0487862,-0.15507397,0.15675718,0.20531589,0.024895716,0.16595995,-0.1101803,0.075779736,-0.17520644,-0.11245388,0.18077455,0.043667853,0.2983662,15,1.0
0.092712104,0.108044915,-0.035156675,-0.05685704,0.3249466,0.031841263,0.0076856427,-0.10457972,-0.13535406,-0.36683998,0.1118955,-0.062802255,-0.052973606,-0.04461709,-0.083095565,-0.16065927,0.014974177,0.11732749,-0.10298871,-0.04998461,-0.052975625,0.0962458,0.10259422,0.09011881,0.116847046,0.07982248,0.07417148,-0.22607051,-0.11188901,0.11731228,0.026827887,0.09593626,15,2.0
0.14433974,0.08826471,-0.09209454,0.043032907,0.24822485,0.12654373,-0.12170013,-0.22553547,-0.27604535,-0.2897637,-0.042146407,0.0189481,-0.16573326,0.06085147,-0.09537123,-0.1890277,-0.08118892,-0.00820294,-0.217881,-0.048995525,-0.051569674,0.10110469,-0.035268463,-0.001508005,-0.054879542,0.053060476,-0.06878415,-0.20535065,-0.12769094,0.023410711,-0.034273703,-0.09521986,15,1.0
0.08672434,0.16257556,-0.067070335,0.06815271,0.3433248,0.0448698,-0.12758552,-0.11850954,-0.23014307,-0.10574546,-0.06872636,-0.001202628,-0.20320822,-0.025803607,-0.14670056,-0.2040188,-0.03155171,0.026654221,-0.21044666,-0.033327952,0.03434316,-0.027606737,-0.13769116,-0.068811655,-0.07091656,0.013281722,-0.17726561,-0.15853815,-0.09789821,-0.037079114,-0.024115961,-0.10036034,15,1.0
0.085587405,0.15519954,0.03773173,-0.10090841,0.33849767,0.030451942,-0.0046235546,-0.14153773,-0.15838178,-0.38945615,0.071462855,-0.115684986,-0.057988293,-0.055837777,-0.101047456,-0.16834475,0.026363777,0.10372709,-0.17054984,-0.077384286,-0.06197235,0.11021053,0.0860942,0.064801045,0.19138432,0.024390932,0.066605344,-0.24234763,-0.11461164,0.19709066,0.03133397,0.19130947,15,4.0
0.0686572,0.16583031,-0.08725728,0.04063955,0.27779135,0.03638572,-0.11622686,-0.10549854,-0.25254557,-0.1300123,-0.08628151,-0.027687114,-0.20044123,-0.014453337,-0.14264926,-0.19976568,-0.023060083,0.013805963,-0.24505651,-0.030111225,0.01955466,-0.0014348954,-0.1453321,-0.022163609,-0.09037644,0.020583395,-0.10894272,-0.16240644,-0.09809648,-0.02874643,0.029800724,-0.12612744,15,3.0
0.07621084,-0.022359058,0.18521035,0.3130639,0.2514035,-0.14506994,0.05238486,-0.13471273,-0.04766918,0.25567976,0.05922128,-0.06729213,0.046272147,-0.17968422,-0.21815118,0.112128824,0.13922068,-0.14781839,-0.221638,-0.07223086,0.10671982,-0.02585748,-0.12567635,-0.15392867,-0.070678346,-0.014784482,-0.048448563,-0.18509187,0.059701845,0.062221214,0.05104859,0.11202892,15,1.0
0.030263713,0.13116373,-0.04413457,-0.1150451,0.3599548,0.033050533,0.044185437,-0.07352216,-0.08025967,-0.40782788,0.09082547,-0.11663312,-0.013747989,-0.04057837,-0.0364747,-0.1350032,0.061394855,0.17119342,-0.15622321,-0.06411891,-0.10650771,0.1593393,0.13265072,0.057081625,0.19184151,-0.057794567,0.10301754,-0.23048155,-0.07119673,0.17383863,0.013636313,0.20318203,15,3.0
0.07754288,-0.10133537,0.2446768,0.40580785,0.2552195,-0.24743146,0.03912623,-0.13134447,-0.07130604,0.31969646,0.07054831,-0.02888026,0.058484156,-0.2048016,-0.27991128,0.15499784,0.11605096,-0.1805971,-0.24430907,-0.07780418,0.1347343,0.039464187,-0.073693156,-0.13012658,-0.11561314,-0.079148605,-0.043109063,-0.17683356,0.06098754,0.09261664,-0.04067147,0.1705132,15,4.0
0.13015854,-0.006029764,-0.048270542,-0.009032492,0.31003883,0.051844444,-0.034803666,-0.05268648,-0.20338897,-0.3094792,0.12072322,-0.04256604,-0.13039424,-0.059494223,-0.1724348,-0.16714644,-0.03558044,0.05123418,-0.024588171,-0.021839743,-0.01609984,-0.019973539,0.013664385,0.11791206,0.013423219,0.17150484,0.023445215,-0.108318865,-0.17857543,0.0034941956,0.076816134,-0.06395215,15,3.0
0.017665695,0.14776808,-0.10939589,0.005734522,0.18668708,0.04807758,-0.11603422,-0.026719868,-0.2407127,-0.119494826,-0.07332733,-0.085121706,-0.06883755,-0.038817417,-0.14087962,-0.13716383,0.016026992,-0.041043177,-0.23624128,-0.0656954,0.018783018,0.009970663,-0.17636377,0.06821135,-0.07197753,-0.026655434,-0.024632813,-0.13897356,-0.039168164,-0.009167697,0.13910109,-0.11589679,15,1.0
0.078939795,0.1560705,-0.09948696,0.026909506,0.30334082,0.055456627,-0.13085654,-0.09567974,-0.27127862,-0.16565439,-0.107387945,-0.020007048,-0.20741221,-0.017807145,-0.16435844,-0.20920658,-0.041843705,0.03153156,-0.25063518,-0.037416987,0.016513608,-0.0037531434,-0.14561614,-0.0051642386,-0.0870633,0.036197934,-0.09045413,-0.15913871,-0.11010509,-0.027080689,0.039720334,-0.1310617,15,3.0
0.05329258,0.006722113,0.17659746,0.25831437,0.27679697,-0.11828578,0.024875365,-0.09521559,-0.06472421,0.20327291,0.04939289,-0.1086616,0.041833594,-0.16641313,-0.21391386,0.06046232,0.14346468,-0.13043183,-0.19254673,-0.07465261,0.10204461,-0.01663073,-0.1341073,-0.14622918,-0.06627726,-0.02304152,-0.0710423,-0.14398068,0.060495123,0.042411726,0.06461495,0.07906652,15,4.0
0.04511411,0.1509305,-0.109081015,0.017418524,0.26389536,0.055546198,-0.137491,-0.07714024,-0.26650476,-0.1711222,-0.10076904,-0.04360237,-0.15210028,-0.0331267,-0.15180185,-0.18308462,-0.02547557,-0.0012676418,-0.27079144,-0.06466366,0.011445232,-0.0011961979,-0.15581071,0.034383483,-0.07002557,0.0060054306,-0.018358827,-0.15719797,-0.07866686,-0.015539203,0.10514782,-0.12666622,15,1.0
0.14061895,0.058651127,-0.08827618,0.020036727,0.3587447,0.08896587,-0.09906726,-0.11363895,-0.3259406,-0.20764238,-0.08339834,-0.008806799,-0.23769173,-0.04211988,-0.18187875,-0.27944806,-0.13765676,-0.004843466,-0.18632595,0.041068107,0.012721159,-0.05682468,-0.1305449,-0.020886034,-0.11521267,0.18851185,-0.09779142,-0.10028005,-0.19484408,-0.05936675,0.03553009,-0.23679183,15,2.0
0.031584915,0.14913546,-0.10925019,0.01874958,0.2308302,0.045721963,-0.12859835,-0.05208017,-0.25095695,-0.13286299,-0.07913688,-0.052710593,-0.11571783,-0.030224767,-0.15170047,-0.15939504,0.0039421953,-0.027971454,-0.25211465,-0.06782412,0.020397723,0.008341564,-0.16710141,0.036804777,-0.06716237,-0.015436583,-0.038149484,-0.15679699,-0.06355845,-0.014646519,0.10950217,-0.111171216,15,1.0
0.10506292,0.06382724,-0.028570037,-0.07084234,0.34600598,0.044861577,0.030560741,-0.026534576,-0.10263673,-0.36627543,0.16013396,-0.108626775,-0.049293455,-0.075749084,-0.112493165,-0.13631496,0.04455792,0.1431737,-0.04521874,-0.023211783,-0.05570271,0.07563851,0.110337935,0.10801283,0.11117532,0.07663873,0.10163204,-0.17546503,-0.13537581,0.10404658,0.064119816,0.12790957,15,3.0
0.09746952,0.13375564,-0.09118661,0.023911493,0.34996617,0.047810122,-0.124051,-0.1173183,-0.30579507,-0.18897226,-0.14237285,-0.01564661,-0.26010188,-0.03313363,-0.1783391,-0.28191817,-0.12006436,0.052449364,-0.23333472,0.02023492,0.005471386,-0.047405377,-0.14625646,-0.04293938,-0.11503261,0.12971024,-0.0978208,-0.14536008,-0.16179289,-0.039475437,0.023648001,-0.18196164,15,2.0
0.06556745,0.19333653,-0.06399608,0.07273735,0.3129476,0.0009718458,-0.12469632,-0.13202086,-0.22645773,-0.08809392,-0.07448842,-0.016594298,-0.20479274,-0.027997542,-0.11522613,-0.21234334,0.009100366,-0.0005283952,-0.24834314,-0.022208923,0.026545875,-0.03629664,-0.11790437,-0.10006049,-0.082534514,0.0019974094,-0.16455784,-0.14112939,-0.10332199,-0.050066408,-0.044496197,-0.105500884,15,4.0
0.081272475,0.14217508,-0.10309945,0.023571577,0.32249185,0.067066595,-0.12239992,-0.10106417,-0.2884619,-0.2120049,-0.1358445,-0.03804653,-0.22893302,-0.03814106,-0.15773949,-0.24577087,-0.09172773,0.053474806,-0.26602936,-0.009053843,-0.004251413,-0.029908694,-0.14182806,0.0022824463,-0.099101,0.08912131,-0.035000194,-0.13458167,-0.12718946,-0.031809118,0.065474615,-0.17990273,15,2.0
0.12827215,0.02685809,-0.04197531,-0.022456247,0.30218104,0.06216892,-0.026192209,-0.07708396,-0.18831834,-0.32251158,0.1143239,-0.06071521,-0.109764814,-0.056187388,-0.15296602,-0.17553528,-0.022851244,0.0746819,-0.044832557,-0.03481228,-0.02435907,0.017581407,0.027776422,0.10270933,0.050067887,0.13789006,0.02072456,-0.15980503,-0.15734471,0.036856562,0.057995897,-0.007817567,15,3.0
0.040744755,0.112520315,-0.03875995,-0.114114076,0.4166182,0.04178091,0.07612275,-0.05312285,-0.06930205,-0.43565738,0.118061304,-0.18428123,0.018609706,-0.059227865,-0.034162488,-0.13142751,0.07630111,0.20960283,-0.17357609,-0.06395517,-0.12463792,0.15582691,0.1522482,0.043783456,0.1864424,-0.08456477,0.085715026,-0.21293834,-0.09009219,0.1884292,0.02512731,0.2548662,15,3.0
0.059524015,0.15518181,0.005521709,0.12937477,0.30697298,-0.03936399,-0.13106045,-0.1191643,-0.18678977,-0.05166471,0.053047698,-0.089572854,-0.08437979,-0.07907866,-0.11604675,-0.13012168,0.105086595,-0.03313709,-0.23262513,-0.088600725,0.06668292,-0.06690003,-0.10263792,-0.107727386,0.03432136,-0.012958348,-0.08868599,-0.15954271,-0.03462467,0.0053798445,0.021814816,0.017359322,15,4.0
0.09207411,0.07820928,-0.033282746,-0.08027795,0.34947383,0.046991855,0.04427657,-0.028650183,-0.09248876,-0.37632295,0.15061137,-0.11468838,-0.035196263,-0.07267642,-0.09631404,-0.13836107,0.054315537,0.15630835,-0.0608932,-0.029598834,-0.06684096,0.09982056,0.12267833,0.099025436,0.13149667,0.045671683,0.10361141,-0.1858678,-0.12859654,0.120997906,0.050478667,0.15111774,15,3.0
0.053886443,0.15429403,-0.10532789,0.016897365,0.279678,0.055282794,-0.13639736,-0.08724359,-0.272555,-0.18199775,-0.11466725,-0.03935356,-0.17782396,-0.032823738,-0.15379536,-0.19978589,-0.044867635,0.020850189,-0.27043685,-0.052258283,0.007543117,-0.008128101,-0.15105098,0.026818871,-0.07958606,0.02756488,-0.023493048,-0.15754555,-0.09149868,-0.01409357,0.092410706,-0.13447475,15,1.0
0.11341093,0.13102223,-0.0868427,0.035006173,0.3473429,0.0590593,-0.11984979,-0.12686557,-0.29494193,-0.19674313,-0.12432459,-0.014832821,-0.2395784,-0.014945697,-0.1850945,-0.25424397,-0.09784809,0.051107492,-0.22527045,-0.006508045,0.0077832937,-0.037496325,-0.1387515,-0.055872213,-0.09404275,0.08636512,-0.12050152,-0.16181158,-0.14362232,-0.047751468,0.004536573,-0.14757262,15,1.0
0.0662601,0.1663027,-0.095108554,0.03686799,0.32386371,0.019263826,-0.13657288,-0.1316604,-0.27923328,-0.14813977,-0.14668891,-0.0123801045,-0.25477412,-0.024989005,-0.16436452,-0.27088898,-0.09352274,0.05385275,-0.25448602,0.01215639,0.0019161329,-0.043950085,-0.1495675,-0.0650733,-0.1099834,0.081973925,-0.10757825,-0.17139982,-0.14204246,-0.030923795,0.017027661,-0.14117743,15,1.0
0.11593216,0.1095868,-0.09543285,0.027261795,0.35447216,0.06953403,-0.11304132,-0.11923307,-0.31511998,-0.20076516,-0.12879081,-0.012404583,-0.25755274,-0.034547094,-0.17509675,-0.28452513,-0.124476805,0.037401076,-0.2240833,0.030635886,0.0063915625,-0.05087585,-0.1407527,-0.04374978,-0.11951786,0.1506546,-0.10240705,-0.12552345,-0.17513189,-0.05603442,0.02429565,-0.20682898,15,2.0
0.14312014,0.09008352,-0.07517874,0.02865088,0.35161737,0.08039275,-0.09743444,-0.12922682,-0.30934873,-0.21629596,-0.09442237,-0.01937168,-0.22881176,-0.02558728,-0.17963907,-0.27322242,-0.117140055,0.026797805,-0.17862868,0.011730768,0.011327229,-0.053780578,-0.11658505,-0.046646483,-0.0951488,0.13177112,-0.12397626,-0.14036731,-0.17544965,-0.057233173,-0.0019082837,-0.16712216,15,1.0
0.12888122,0.13815716,-0.053271677,0.059383333,0.3215538,0.04366329,-0.11142395,-0.1979981,-0.26813987,-0.23236439,-0.045070797,-0.014677525,-0.19108976,0.0014476515,-0.124645814,-0.22424184,-0.06980429,0.018112011,-0.23099086,-0.04787454,0.009815723,-0.017734291,-0.044189766,-0.05709967,-0.015290134,0.026952773,-0.07223919,-0.2086423,-0.12371723,0.0002826117,-0.022044849,-0.055440553,15,4.0
0.08212001,0.14327836,-0.09848331,0.024562249,0.3324337,0.05335347,-0.12582347,-0.11002478,-0.2952166,-0.19694147,-0.14638287,-0.027679682,-0.2464736,-0.03461532,-0.16666913,-0.26325607,-0.1073297,0.059929866,-0.25615528,0.0043139625,-0.0016679317,-0.03888142,-0.1469432,-0.021804098,-0.1100457,0.106354535,-0.06391697,-0.14724775,-0.13997689,-0.032492053,0.04757968,-0.17835565,15,1.0
0.092451766,0.13361782,-0.095287755,0.022606306,0.3475145,0.051288974,-0.1237307,-0.11352301,-0.30607238,-0.19468752,-0.14359605,-0.019473772,-0.25795543,-0.036406923,-0.17464042,-0.28019354,-0.11910361,0.053255666,-0.24319851,0.018541437,0.0026195943,-0.044481687,-0.14720677,-0.032355975,-0.114968464,0.12908642,-0.08237064,-0.14014392,-0.15747187,-0.03635018,0.03394743,-0.1889575,15,2.0
0.11772485,0.055693366,-0.08402076,0.02001504,0.37770543,0.07437437,-0.1070294,-0.108799934,-0.32773265,-0.20239139,-0.086969465,-0.001129061,-0.2463924,-0.056750823,-0.17923918,-0.29000834,-0.14837882,-0.008033834,-0.20051199,0.04721073,0.019665316,-0.06922111,-0.13222535,-0.008210707,-0.118796736,0.20703238,-0.07673782,-0.08355175,-0.19674711,-0.05237746,0.047301285,-0.262565,15,3.0
0.1643213,0.022196015,-0.07694939,0.020612547,0.31856617,0.111859754,-0.077735275,-0.12572876,-0.30442438,-0.2414971,-0.021693934,-0.021327827,-0.18950942,-0.03286082,-0.17150709,-0.25014347,-0.11670713,-0.0045058504,-0.120604105,0.013334345,0.0011026487,-0.040260118,-0.08931022,0.006508881,-0.07972389,0.16418497,-0.10078107,-0.12001862,-0.19281104,-0.051524986,0.017453127,-0.1915813,15,2.0
0.089200564,-0.097669676,0.1899216,0.38847816,0.24629515,-0.22551544,0.07052804,-0.14540723,-0.079712376,0.30884156,0.060844902,-0.03593612,0.037630092,-0.17735122,-0.27209836,0.15130357,0.15533459,-0.169126,-0.23181501,-0.09754291,0.0915076,0.030508762,-0.056063406,-0.1399355,-0.13448466,-0.073083885,0.0027430274,-0.17711572,0.07217064,0.055616733,-0.015306804,0.15063031,15,4.0
0.034022518,0.089590125,0.09696904,0.2015437,0.3098492,-0.0640072,-0.048832953,-0.09887834,-0.08183374,0.12114548,0.05541336,-0.07552601,-0.021551674,-0.13937101,-0.15005612,-0.023243427,0.13862595,-0.089321576,-0.19111067,-0.043638714,0.08595711,-0.07381853,-0.15113103,-0.14273003,-0.008870073,-0.002140317,-0.09354448,-0.17063524,0.017951686,0.025868922,0.06418075,0.044280645,15,4.0
0.10204136,0.16538568,-0.05699743,0.06687333,0.36464983,0.02138153,-0.13189417,-0.1566948,-0.24542195,-0.14148225,-0.09117453,-0.01011879,-0.22416674,-0.03186376,-0.13238934,-0.2506928,-0.06361271,0.0385411,-0.22625831,-0.016938584,0.027046524,-0.07307428,-0.09861328,-0.098974235,-0.05526372,0.027817346,-0.14753935,-0.17473209,-0.12783897,-0.04595476,-0.03996964,-0.08667145,15,4.0
0.13016538,0.14478287,-0.026811201,0.046425827,0.36757678,0.014446919,-0.09874664,-0.1779249,-0.27260393,-0.24144506,-0.04823726,-0.03502854,-0.19581868,-0.03201234,-0.15548775,-0.26022926,-0.07120511,0.036893517,-0.20430204,-0.04882165,0.031159773,-0.07260438,-0.04658112,-0.07030636,0.003250815,0.051709685,-0.10058102,-0.19518353,-0.15470302,-0.012656532,-0.044631284,-0.027679898,15,4.0
0.15031616,0.038296543,-0.04814584,0.015922818,0.34807566,0.06869132,-0.07064356,-0.11057371,-0.2856777,-0.2558794,-0.007381765,-0.031789534,-0.18768606,-0.04457527,-0.18410674,-0.2556249,-0.10440233,0.017831739,-0.10612661,-0.0059411414,0.010893889,-0.06392866,-0.071073696,0.02160126,-0.047917936,0.15705909,-0.08430794,-0.12017061,-0.19152014,-0.044601027,0.020654086,-0.13766488,15,3.0
0.103736974,0.11187964,-0.104721665,0.035142444,0.34947214,0.0758038,-0.111180045,-0.10625671,-0.30335143,-0.20808363,-0.1347372,-0.030094545,-0.25247586,-0.03987192,-0.1637393,-0.2735978,-0.1232443,0.04907333,-0.24579015,0.025217906,-0.0043323413,-0.048819866,-0.14093357,-0.028607195,-0.122263685,0.14215852,-0.07303046,-0.12289168,-0.15829803,-0.051986065,0.048680384,-0.21313164,15,2.0
0.14592075,0.010839509,-0.05314977,0.00030858442,0.29673207,0.08912028,-0.05070114,-0.107031435,-0.24097121,-0.29141918,0.060845498,-0.040984966,-0.13830951,-0.04349504,-0.16071242,-0.210836,-0.068863325,0.03923224,-0.0652873,-0.027756339,-0.014417157,-0.012027327,-0.027500013,0.07045413,-0.0001879856,0.14851218,-0.04369674,-0.14671695,-0.17471327,-0.0065229535,0.038477562,-0.09055691,15,3.0
0.13191892,0.095248856,-0.08534515,0.02533806,0.3506932,0.07859665,-0.10398679,-0.12080707,-0.31559092,-0.20719284,-0.1107841,-0.0162558,-0.24263617,-0.028768618,-0.18245038,-0.27734783,-0.12331936,0.029152878,-0.19686475,0.02235706,0.010438077,-0.05073652,-0.13224101,-0.04532247,-0.10989849,0.1484596,-0.11516097,-0.13073952,-0.17616138,-0.057304654,0.014130525,-0.19320138,15,4.0
0.11314112,0.11552579,-0.07769537,0.02568249,0.3721256,0.045620088,-0.118158184,-0.11688869,-0.3076052,-0.19453481,-0.12829612,-0.01972432,-0.25199732,-0.034554873,-0.18905175,-0.29346317,-0.12678973,0.043714866,-0.20298636,0.020053776,0.016034633,-0.06769362,-0.13140456,-0.05846125,-0.10368323,0.13539186,-0.11736159,-0.14344129,-0.17529503,-0.048136126,0.0021817014,-0.16609022,15,2.0
0.07271887,-0.073397204,0.21121804,0.36180544,0.28203797,-0.19207412,0.06883876,-0.13795967,-0.028288148,0.28333008,0.066170976,-0.033862695,0.055852916,-0.19255099,-0.23461828,0.13430254,0.1421764,-0.15419853,-0.23333234,-0.06820783,0.11802204,0.00620243,-0.10661659,-0.15064788,-0.10437226,-0.059574258,-0.06596632,-0.17023613,0.050819255,0.06475456,0.0014616288,0.14135954,15,4.0
0.107051626,0.14640479,-0.079146475,0.04183902,0.34955308,0.044950366,-0.12579675,-0.13323468,-0.27850094,-0.16928351,-0.11649752,-0.010683466,-0.24032106,-0.01708068,-0.17174497,-0.25142828,-0.08659506,0.048173018,-0.22206903,-0.00889726,0.013039045,-0.042493995,-0.13401896,-0.06714988,-0.08858161,0.065138385,-0.13875964,-0.16887227,-0.13715546,-0.046255376,-0.01062632,-0.1288781,15,2.0
0.023114216,0.05836861,-0.052621845,-0.12583958,0.56214625,0.079312176,0.11216062,-0.026111715,-0.02521902,-0.48210973,0.16683848,-0.30973366,0.082895085,-0.08179,0.012647562,-0.10381532,0.11593236,0.33017492,-0.24156356,-0.06294658,-0.19879904,0.16364685,0.21633497,-0.034819312,0.18833819,-0.1972424,0.039413106,-0.17789285,-0.080540344,0.17593786,0.062378764,0.3675933,15,3.0
0.10982597,0.11289177,-0.09284517,0.023757106,0.35668993,0.06188061,-0.11602653,-0.11449677,-0.31408793,-0.19806883,-0.13158673,-0.015445564,-0.25789157,-0.03692651,-0.17905203,-0.28563237,-0.12665562,0.039684244,-0.22572446,0.029095467,0.005627729,-0.050278947,-0.14295322,-0.038569853,-0.117947355,0.15114489,-0.096191525,-0.1283473,-0.17265697,-0.047812942,0.028894935,-0.20268947,15,2.0
0.022444777,0.14861645,-0.11104047,0.0075826645,0.21035722,0.052854884,-0.12786064,-0.044093452,-0.25010666,-0.14162757,-0.08236764,-0.0725006,-0.09315653,-0.040572766,-0.14336854,-0.15017702,0.003301233,-0.026991732,-0.2504629,-0.07317372,0.016510539,0.006990976,-0.16784146,0.064148724,-0.07123007,-0.01589847,-0.01170582,-0.1485077,-0.050130703,-0.0077720694,0.13700214,-0.11955167,15,1.0
0.078225866,0.15448996,-0.0912137,0.023892872,0.32991052,0.034118965,-0.13261874,-0.116507955,-0.28843603,-0.17260355,-0.14742783,-0.021091878,-0.2515751,-0.03125639,-0.16987196,-0.26270333,-0.1026064,0.06213932,-0.24660838,0.0054457765,0.0028989613,-0.038866255,-0.14926793,-0.03472765,-0.111705884,0.09750131,-0.08832516,-0.16300379,-0.14056647,-0.026638169,0.032439847,-0.15850653,15,3.0
0.04100606,0.14851488,-0.109712616,0.012931904,0.2539133,0.064829394,-0.13718444,-0.07467649,-0.26325777,-0.18649837,-0.10135093,-0.058536272,-0.14123274,-0.045774948,-0.14450854,-0.17939484,-0.025180303,0.0010989457,-0.27332297,-0.06991661,0.010032162,-0.0032543768,-0.15207244,0.052021198,-0.07042052,0.00983135,0.008209722,-0.14618254,-0.07145707,-0.008116435,0.12425609,-0.13481838,15,1.0
0.049588382,0.16326417,-0.03206913,0.10903698,0.27781436,0.024161365,-0.07789375,-0.07661227,-0.20230672,-0.056969024,-0.0118936375,-0.054001085,-0.112735,-0.04384614,-0.10854642,-0.12762266,0.07992972,-0.064940564,-0.21173975,-0.06456264,0.058609113,0.006478654,-0.13003443,-0.08215857,-0.09028,-0.040799946,-0.1703236,-0.09466994,-0.018916268,-0.01018298,-0.020160917,-0.08704962,15,4.0
0.123655304,0.052503735,-0.040827718,-0.022770848,0.2871527,0.07032097,-0.032111607,-0.11239879,-0.19318941,-0.32431072,0.09163286,-0.045016397,-0.104108095,-0.04395033,-0.13141738,-0.18547605,-0.024432316,0.07565485,-0.071933344,-0.04701209,-0.026700772,0.04316121,0.02824629,0.08592618,0.06515794,0.11786094,0.009278367,-0.19198075,-0.14602213,0.052891538,0.032145485,0.0012573348,15,3.0
0.12434241,0.121620156,-0.083556965,0.031580593,0.3500955,0.06510941,-0.11166645,-0.12741078,-0.30272976,-0.20000121,-0.12015593,-0.016177032,-0.24328263,-0.019401364,-0.18159616,-0.26627913,-0.107200086,0.042300154,-0.21177825,0.007481518,0.0081001595,-0.043608736,-0.13300645,-0.055080358,-0.100890905,0.10850826,-0.12357627,-0.1517294,-0.15843791,-0.05233073,0.0021324717,-0.15998879,15,4.0
0.02166,0.14608364,-0.108979285,0.01643628,0.20013264,0.045443453,-0.11778595,-0.029737417,-0.23939165,-0.11275596,-0.066088654,-0.06978974,-0.08321521,-0.031918775,-0.15023594,-0.14348282,0.023454338,-0.044755526,-0.23729384,-0.06473009,0.024936274,0.014467483,-0.1742512,0.04721286,-0.064972624,-0.027228594,-0.04287112,-0.14496438,-0.04948364,-0.012658879,0.120078266,-0.1060176,15,1.0
0.096022494,0.09442966,-0.03421356,-0.038478773,0.3020111,0.0616789,-0.019020362,-0.12659901,-0.17815372,-0.36595592,0.09506014,-0.0643014,-0.072520085,-0.043687534,-0.10794756,-0.17537642,-0.002011951,0.08983574,-0.11747116,-0.07005848,-0.036118086,0.098285414,0.06416506,0.08294272,0.109863766,0.06886214,0.034587525,-0.22567885,-0.12354413,0.12476744,0.005322572,0.075683266,15,3.0
0.07846075,0.15011671,-0.09998405,0.020585408,0.32200104,0.06742552,-0.12345777,-0.105180606,-0.2844238,-0.19822302,-0.1238583,-0.028991807,-0.2289278,-0.030291516,-0.14283396,-0.24253279,-0.07977508,0.04605978,-0.27185932,0.0036556479,-0.0063110366,-0.027419634,-0.1430892,0.005753191,-0.09296222,0.07189888,-0.039057694,-0.13141803,-0.12600154,-0.04589061,0.058928072,-0.18755536,15,1.0
0.12700453,0.072250634,-0.0966122,0.025869045,0.36108348,0.08342725,-0.1040253,-0.11092386,-0.32538927,-0.20343429,-0.10038401,-0.01060807,-0.24848564,-0.042505432,-0.176359,-0.28488615,-0.13950096,0.006317042,-0.20988601,0.04483856,0.0074982643,-0.05652152,-0.13659255,-0.02660109,-0.123902395,0.18588217,-0.09055433,-0.10370159,-0.18785349,-0.058630798,0.040531427,-0.24356152,15,2.0
0.076151274,0.17547457,-0.05540159,0.077181846,0.3442395,0.02839661,-0.12938136,-0.13228117,-0.21529266,-0.08576326,-0.066678345,-0.0043804646,-0.20600861,-0.03687108,-0.12009919,-0.21384631,-0.017634138,0.019475438,-0.22354624,-0.020331437,0.03339745,-0.04820759,-0.120402224,-0.08993633,-0.069501296,0.009372935,-0.17357992,-0.15635507,-0.10063967,-0.04323514,-0.034110818,-0.09639994,15,2.0
0.08781947,0.15840667,-0.081147045,0.04117616,0.34429988,0.025348116,-0.1352053,-0.12903844,-0.26746342,-0.1469684,-0.1293322,-0.012879968,-0.24904408,-0.02561735,-0.1686177,-0.25545862,-0.0849372,0.057938986,-0.22960874,-0.00016244873,0.012834705,-0.047687627,-0.14012444,-0.06842971,-0.09870243,0.06822036,-0.13491312,-0.17299117,-0.13728714,-0.038430955,-0.0032908805,-0.12598625,15,3.0
0.110926785,0.099582575,-0.0055102147,-0.06817694,0.36036146,0.040670644,0.020354673,-0.08290861,-0.15373392,-0.3904234,0.1380304,-0.11729081,-0.056668762,-0.0678772,-0.12742163,-0.17439532,0.04090036,0.11691204,-0.10723081,-0.050045125,-0.046252728,0.072396636,0.102010906,0.09321532,0.13656288,0.08340505,0.05858869,-0.18807477,-0.16201974,0.13116921,0.034683317,0.14132282,15,3.0
0.094988875,0.15505165,0.007373797,-0.022113893,0.29389426,0.024468295,-0.063884206,-0.22002453,-0.2333172,-0.3749216,0.041044693,-0.049477596,-0.10793376,-0.015171479,-0.11315425,-0.18112376,-0.016972706,0.046293408,-0.21101373,-0.10644606,-0.026906557,0.103564754,0.064456776,0.055080228,0.108486675,0.06378524,0.045338474,-0.25716528,-0.11385311,0.15973553,-0.000109657645,0.086232916,15,3.0
0.01895793,0.14724022,-0.11086914,0.01072881,0.19878393,0.048756752,-0.12273822,-0.03779218,-0.24668834,-0.1293703,-0.07596053,-0.07404616,-0.082476646,-0.037306275,-0.14882609,-0.14767942,0.0105552,-0.036855504,-0.24445623,-0.06981974,0.019663371,0.009691659,-0.17277877,0.057655863,-0.06599703,-0.020530716,-0.022102898,-0.14644946,-0.048351288,-0.009381641,0.13362436,-0.11470613,15,1.0
0.07165852,0.094225034,-0.025440536,-0.09877774,0.41670814,0.05159553,0.07999217,-0.039947897,-0.08084171,-0.43309903,0.14697492,-0.19681707,0.010536114,-0.07662618,-0.067164235,-0.13875163,0.08047077,0.20346686,-0.14186013,-0.05123005,-0.10683149,0.13662073,0.15512581,0.0649454,0.1653193,-0.038614094,0.08133341,-0.19313939,-0.12869759,0.18419403,0.03598851,0.24370256,15,3.0
0.034898385,0.14986561,-0.11103022,0.010101985,0.24328533,0.06153831,-0.13828008,-0.057307027,-0.25508463,-0.16640818,-0.09579796,-0.060489412,-0.12451948,-0.044736285,-0.14194474,-0.16481218,-0.009196699,-0.0072765425,-0.26568335,-0.071037084,0.013773233,0.0007094898,-0.15567495,0.05961728,-0.07263292,-0.0036602505,-0.0020109979,-0.14748801,-0.06326857,-0.00915521,0.12739626,-0.1252637,15,2.0
0.11357373,0.15268774,-0.059621718,0.055961404,0.3630966,0.033147562,-0.12323088,-0.15267777,-0.2630747,-0.16489622,-0.09933637,-0.010985564,-0.22916712,-0.023679059,-0.14682245,-0.25378397,-0.07960224,0.040600017,-0.21862966,-0.014894383,0.021272577,-0.063623436,-0.1052869,-0.087297276,-0.06501737,0.04201548,-0.14468409,-0.17757902,-0.13487473,-0.04726086,-0.034415048,-0.09865982,15,1.0
0.07799213,0.16640106,-0.027224064,0.09150472,0.3296669,0.04215438,-0.11412769,-0.15261197,-0.21510436,-0.08600862,-0.04442527,0.00031330436,-0.17165239,-0.03668986,-0.09698621,-0.19825396,-0.024476655,0.004826281,-0.21967414,-0.034107722,0.03839051,-0.053366058,-0.09804807,-0.08860731,-0.031620048,-0.00090197846,-0.14305791,-0.17014694,-0.07568369,-0.02917761,-0.021402348,-0.07983245,15,4.0
0.11245267,0.06428491,-0.023553576,-0.061828386,0.34759417,0.042433947,0.018389214,-0.04563152,-0.13257466,-0.37130675,0.15681922,-0.10536149,-0.062426407,-0.071526006,-0.1312836,-0.15193725,0.038798817,0.123949245,-0.059762977,-0.030040769,-0.04635267,0.058888648,0.10086243,0.10933707,0.10668356,0.09867661,0.08201145,-0.16801445,-0.15428045,0.099795625,0.058308315,0.11185348,15,3.0
0.08935681,0.15622456,-0.04825477,0.07706465,0.33767942,0.08314786,-0.11355127,-0.10859456,-0.22505021,-0.09260626,-0.04468721,0.0028611124,-0.1598812,-0.03188831,-0.12650737,-0.1736456,-0.004677046,-0.0006008893,-0.20761672,-0.054955266,0.050449014,-0.019245448,-0.13104491,-0.063591026,-0.052953597,-0.0059061404,-0.19189349,-0.13156332,-0.0743085,-0.03801084,-0.023828428,-0.09900853,15,2.0
0.08025904,-0.08354813,0.19914196,0.36974242,0.2600641,-0.21204036,0.06638117,-0.14073835,-0.07061112,0.2992359,0.06657103,-0.046933338,0.04468629,-0.1828257,-0.272394,0.13981779,0.15282391,-0.16044796,-0.22753462,-0.094085194,0.0989884,0.019936575,-0.074622,-0.14468291,-0.11607206,-0.05970786,-0.021424314,-0.17248946,0.0670365,0.055570964,0.0003902316,0.14493926,15,4.0
0.10527708,0.1545118,-0.06789,0.058239765,0.35133362,0.048005313,-0.1276635,-0.14301911,-0.25624943,-0.1470527,-0.090053365,-0.001484625,-0.21868019,-0.017169636,-0.14773998,-0.23234913,-0.059979267,0.030449238,-0.22394535,-0.025821103,0.02089101,-0.04065676,-0.121446714,-0.07715458,-0.065718405,0.029075403,-0.15460883,-0.1681811,-0.12048745,-0.045455318,-0.025331978,-0.10715325,15,3.0
0.115396984,0.06721336,-0.038176294,-0.028900143,0.3063175,0.06870254,-0.022847509,-0.110795364,-0.1916997,-0.35060945,0.10309723,-0.068814695,-0.089556515,-0.051743392,-0.13742818,-0.1843965,-0.011064887,0.07855117,-0.08870746,-0.05575618,-0.026360624,0.059919693,0.045401603,0.08883265,0.08624246,0.098675445,0.016359515,-0.19856037,-0.14577341,0.0898578,0.022560783,0.043012787,15,2.0
0.04069785,0.12241892,0.07284498,0.1767564,0.3112146,-0.08788273,-0.08933152,-0.089923225,-0.11190729,0.084396794,0.030489702,-0.09977785,-0.04918149,-0.13012667,-0.13215643,-0.04972754,0.137477,-0.092139326,-0.20161408,-0.05129222,0.06870444,-0.0716932,-0.1338881,-0.14597142,-0.022334822,-0.017988779,-0.087452754,-0.161413,0.017488286,0.005143892,0.043059718,0.016365867,15,4.0
0.036574196,0.15178707,-0.108850926,0.011932861,0.24330768,0.051526845,-0.13461946,-0.07017337,-0.26276946,-0.16444302,-0.09869316,-0.055913497,-0.13699071,-0.038530838,-0.1468435,-0.1763832,-0.021563023,-0.005526677,-0.26448947,-0.067031026,0.011384629,-0.0018528111,-0.1607873,0.04505548,-0.072499305,0.0026946235,-0.009971187,-0.15516883,-0.06996845,-0.009934571,0.11725551,-0.12737738,15,2.0
0.15419772,0.020918315,-0.052006017,0.014292924,0.3354838,0.078611195,-0.072524115,-0.10399324,-0.28846964,-0.24082536,-0.008107986,-0.022063732,-0.19297436,-0.047045488,-0.1803959,-0.24570723,-0.11677627,0.001419887,-0.10193041,0.009770729,0.0063216537,-0.062869295,-0.08192933,0.031258643,-0.06732201,0.18187921,-0.077329576,-0.10064552,-0.19819747,-0.053279784,0.042639017,-0.18058132,15,2.0
0.07679795,0.15947981,-0.09713663,0.030074662,0.30503803,0.049523015,-0.12991609,-0.09964834,-0.26587588,-0.15530181,-0.10990666,-0.022414211,-0.2150525,-0.018455498,-0.15648678,-0.21334375,-0.04169157,0.033384968,-0.25054628,-0.030166445,0.012757994,-0.0082262065,-0.14504355,-0.011267539,-0.09290537,0.035425574,-0.09667285,-0.15820168,-0.11169114,-0.032743048,0.034681194,-0.1327774,15,1.0
0.13559635,0.02730268,-0.061716404,0.0002779737,0.27747238,0.09661415,-0.050480478,-0.12754035,-0.22894141,-0.30476704,0.06371845,-0.036518283,-0.12121329,-0.03419787,-0.13868323,-0.20121685,-0.056387037,0.053418905,-0.07842482,-0.042175166,-0.021931615,0.028113335,-0.0067987544,0.06862025,0.022002384,0.123376995,-0.031392675,-0.18127327,-0.15488836,0.024433365,0.019274589,-0.062479094,15,2.0
0.06085282,0.15487628,-0.10341588,0.015702216,0.29109305,0.06273327,-0.132662,-0.08673513,-0.27251735,-0.19646251,-0.12509142,-0.04636848,-0.19191594,-0.04037639,-0.14683169,-0.2101921,-0.059469633,0.03699641,-0.27145296,-0.0406247,0.0023653656,-0.017240237,-0.14556116,0.030182611,-0.08718252,0.045328204,-0.015247757,-0.14459582,-0.09777709,-0.01683494,0.090252034,-0.15001969,15,2.0
0.040140234,0.10400706,-0.046857048,-0.111471534,0.42860058,0.04379146,0.08516727,-0.04242537,-0.05861681,-0.43850613,0.12842162,-0.1908369,0.027696408,-0.06127042,-0.030105315,-0.12634644,0.08326071,0.22301403,-0.16806005,-0.060395293,-0.13005821,0.15725312,0.16356812,0.042479016,0.17663196,-0.088623255,0.08638917,-0.20855115,-0.08877556,0.18560174,0.026994701,0.25817174,15,3.0
0.0795472,0.16208279,-0.080906376,0.04770744,0.31789628,0.043712966,-0.12978171,-0.10867719,-0.24593581,-0.12287516,-0.087425455,-0.008290492,-0.20875388,-0.016451139,-0.15709272,-0.20536068,-0.028305426,0.027403086,-0.22996905,-0.033395946,0.026802897,-0.013558071,-0.14445898,-0.044229873,-0.08515343,0.023734305,-0.14997564,-0.163533,-0.10668062,-0.032595616,0.0022137277,-0.111232445,15,2.0
0.11457957,0.06509327,-0.02329272,-0.05683955,0.33717924,0.044353366,0.010097046,-0.056950144,-0.14375606,-0.36416554,0.14640555,-0.096007556,-0.07231106,-0.06846522,-0.13636872,-0.15912247,0.030051352,0.11456018,-0.060882136,-0.034075096,-0.040642608,0.05444362,0.08831947,0.1072097,0.10581317,0.1029056,0.07102616,-0.17126904,-0.15529452,0.094288245,0.05481304,0.09825032,15,3.0
0.08588322,-0.019802667,0.15967217,0.27496377,0.25575972,-0.15833442,0.05044198,-0.11411074,-0.050711013,0.25716415,0.032539982,-0.09168049,0.024466291,-0.16587976,-0.2134667,0.10546875,0.15361021,-0.12994307,-0.20738235,-0.07788946,0.08354901,-0.014960283,-0.09886292,-0.13733311,-0.09534434,-0.02916165,-0.02456827,-0.18060389,0.06482169,0.01920523,0.04797895,0.10095967,15,4.0
0.07770389,0.17662007,-0.070354626,0.06299008,0.33970928,0.017663654,-0.13347167,-0.14278936,-0.23895912,-0.112125084,-0.09832409,-0.0054237694,-0.23635869,-0.026109371,-0.1385605,-0.2420546,-0.04833266,0.037486065,-0.23393705,-0.0056665763,0.019444145,-0.051617276,-0.12393356,-0.09281005,-0.083092995,0.034393344,-0.156926,-0.16660936,-0.1241046,-0.049401987,-0.02864122,-0.1090857,15,3.0
0.12054742,0.14773624,-0.020853177,0.050847992,0.36434528,0.004074988,-0.09326979,-0.1832952,-0.27899235,-0.27033958,-0.022940721,-0.055746667,-0.18251291,-0.032329764,-0.16793993,-0.2585553,-0.0595423,0.03559556,-0.21791923,-0.06911876,0.031078339,-0.05897411,-0.024867605,-0.06652863,0.033793837,0.047439765,-0.07785389,-0.19959515,-0.15359744,0.017813893,-0.04646937,0.007628296,15,4.0
0.015443729,0.14421494,-0.1110729,0.016116515,0.19495295,0.054083012,-0.12338681,-0.02210921,-0.23746134,-0.11773839,-0.0651704,-0.07395037,-0.07218769,-0.035509113,-0.15644425,-0.14121585,0.031608663,-0.043112345,-0.23607078,-0.07182998,0.02855958,0.017948119,-0.16875619,0.055893213,-0.057712965,-0.029373521,-0.034975175,-0.14287353,-0.046997108,-0.010752182,0.1275381,-0.103261374,15,1.0
0.08121152,0.01048862,0.17537439,0.27551252,0.1977414,-0.116480686,0.037134103,-0.1285733,-0.07057769,0.2305676,0.05610877,-0.09417744,0.05290511,-0.15968813,-0.19997963,0.08875603,0.1069296,-0.13999721,-0.20955098,-0.064050086,0.1089569,-0.029625354,-0.1452463,-0.13861056,-0.032596488,0.0033573173,-0.03569728,-0.18727835,0.06903272,0.085289285,0.08498505,0.09553601,15,4.0
0.12890196,0.12868443,-0.03711092,0.039742816,0.38438663,0.013630553,-0.09603628,-0.14949399,-0.2901387,-0.21926925,-0.07498253,-0.026685655,-0.22079796,-0.037109848,-0.16986859,-0.29048505,-0.106451154,0.037525024,-0.17510876,-0.010754801,0.026371531,-0.0941777,-0.07424972,-0.06928097,-0.046157256,0.09598267,-0.117461115,-0.16952638,-0.17607474,-0.047492567,-0.037120912,-0.08413109,15,4.0
0.008039637,0.14300045,-0.108214304,0.0080634765,0.16605654,0.036108445,-0.11116243,-0.025604006,-0.24247335,-0.107374504,-0.06706081,-0.09076271,-0.05070217,-0.035123717,-0.15173054,-0.14008735,0.013638455,-0.05324462,-0.22838792,-0.063044645,0.017152518,0.011066198,-0.18965691,0.058518738,-0.062159088,-0.028528245,-0.02636351,-0.1440021,-0.035341665,-0.007927027,0.14121106,-0.1118186,15,1.0
0.0489426,0.045641042,0.14490972,0.22410204,0.28560418,-0.102798946,-0.0057062674,-0.09648626,-0.058349527,0.19092634,0.041803036,-0.09027206,0.010397429,-0.15631205,-0.17776161,0.040098645,0.14358859,-0.11011518,-0.19009572,-0.05280578,0.09365749,-0.050157797,-0.1445653,-0.13683549,-0.042257614,-0.0072253235,-0.07231264,-0.18125796,0.03990107,0.02923901,0.07153581,0.069497116,15,4.0
0.060320437,0.11605983,-0.039062556,-0.084697336,0.32099998,0.0401729,0.025717571,-0.08098253,-0.10436537,-0.37848747,0.10137504,-0.07889185,-0.03939023,-0.043423925,-0.061370928,-0.1489711,0.043883685,0.143473,-0.113956586,-0.058560513,-0.07307464,0.13813132,0.11228853,0.07920739,0.15975556,0.008960834,0.092247024,-0.22698058,-0.094907284,0.14361824,0.012663562,0.14517643,15,2.0
0.08039895,0.103487186,-0.017010316,-0.0931751,0.38789257,0.043416034,0.060700327,-0.057598464,-0.0996983,-0.4173588,0.13762186,-0.16396007,-0.01134661,-0.07075845,-0.08134878,-0.15070212,0.067802735,0.17588514,-0.13249816,-0.052280687,-0.08595133,0.123701796,0.13847777,0.07501318,0.16405311,-0.0023977105,0.083161026,-0.20026052,-0.13239542,0.17141993,0.032854296,0.21255663,15,3.0
0.11066549,0.09113049,-0.0591969,0.017959058,0.22923389,0.09119915,-0.13124986,-0.23069508,-0.2509899,-0.3080411,-0.0026050396,0.007891305,-0.1588358,0.03425337,-0.104319885,-0.15215388,-0.058688097,-0.002659306,-0.20933315,-0.081977464,-0.049169317,0.12963042,-0.0073419465,0.03646799,-0.0019815639,0.031751394,0.0100042485,-0.23450683,-0.09555467,0.0905132,0.013178211,-0.031981234,15,1.0
0.09838495,-0.0966531,0.16108148,0.38630214,0.23484844,-0.21797849,0.078935176,-0.14937088,-0.085232526,0.30785424,0.049671125,-0.03794431,0.02698445,-0.16951479,-0.26590553,0.15636583,0.16589093,-0.17065954,-0.23295656,-0.09987511,0.07453233,0.026876872,-0.04853213,-0.14669141,-0.1446881,-0.07208569,0.027537484,-0.18709463,0.080877386,0.038405735,-0.008447956,0.14286725,15,4.0
0.025114104,0.14904515,-0.11025943,0.007478047,0.21393937,0.051535334,-0.128898,-0.04668238,-0.25125465,-0.14395924,-0.08496225,-0.07087957,-0.10040331,-0.04069789,-0.14381067,-0.15450272,0.0008284934,-0.023276962,-0.25074312,-0.071476005,0.015617341,0.004080089,-0.16744667,0.05991611,-0.07075193,-0.014879351,-0.012503575,-0.14920239,-0.05244704,-0.009028215,0.13163535,-0.1209854,15,1.0
0.04198178,0.15090133,-0.10874438,0.012577005,0.25887161,0.060472354,-0.13826334,-0.07289949,-0.26223448,-0.18135211,-0.106301874,-0.0570032,-0.14319254,-0.044789802,-0.14084896,-0.17851594,-0.030137233,0.0035282336,-0.2744812,-0.06365987,0.005440831,-0.0077566444,-0.15524167,0.051333882,-0.07429088,0.009470798,0.0057804086,-0.14820392,-0.071042195,-0.011544421,0.12441279,-0.13477035,15,2.0
0.07322814,0.17562169,-0.0768968,0.05458907,0.3241689,0.017404411,-0.13205694,-0.12972099,-0.24102588,-0.11048446,-0.09959969,-0.009993404,-0.23103385,-0.022287875,-0.14511973,-0.23050472,-0.043115318,0.035827767,-0.23519719,-0.007802278,0.017756626,-0.036856826,-0.1374404,-0.07446208,-0.0913229,0.03355206,-0.15029255,-0.16951557,-0.118726104,-0.042004485,-0.012237761,-0.11446923,15,4.0
0.071391284,0.17487401,-0.07965106,0.059929617,0.32750064,0.02031092,-0.13203977,-0.13058269,-0.24118039,-0.113331035,-0.09043472,-0.0051827542,-0.22392178,-0.020794079,-0.14971481,-0.22777435,-0.03887883,0.02992927,-0.23486498,-0.018391633,0.020688571,-0.032546982,-0.13637462,-0.07905697,-0.08358486,0.029503994,-0.1540887,-0.16931382,-0.116552256,-0.04028095,-0.018329214,-0.11055167,15,3.0
0.017439006,0.14714259,-0.107166454,0.00051955134,0.19638644,0.04168709,-0.12506023,-0.048254974,-0.2549629,-0.1436629,-0.09228963,-0.08764065,-0.076794505,-0.046710674,-0.13383135,-0.14775568,-0.018596545,-0.027603,-0.24679533,-0.07050714,0.0012237728,-0.006973091,-0.1827666,0.07195162,-0.07885527,-0.015126247,0.007718332,-0.15051764,-0.036916412,-0.005873628,0.15447596,-0.13091652,15,1.0
0.03511112,0.034481734,0.18297379,0.24099547,0.3163472,-0.085638635,0.0025912672,-0.107832685,-0.048935726,0.1746189,0.054860365,-0.07143278,0.032943413,-0.16429079,-0.16989371,0.028742762,0.15063602,-0.12581167,-0.19076772,-0.055126764,0.12777875,-0.040993594,-0.14953972,-0.14216635,-0.03977258,-0.018222468,-0.120060965,-0.12983929,0.029405244,0.049440295,0.06336009,0.06860058,15,4.0
0.048278254,0.154313,-0.10610415,0.012178674,0.26872644,0.06413496,-0.13605517,-0.07596513,-0.26233262,-0.1921725,-0.11545344,-0.059636783,-0.1592188,-0.04928464,-0.13604221,-0.18802013,-0.04209259,0.019787077,-0.2754934,-0.055658735,0.0024105757,-0.013852347,-0.14969167,0.05169484,-0.081011735,0.024600301,0.009204101,-0.14154527,-0.07825881,-0.010848537,0.11857177,-0.14370757,15,2.0
0.055266574,-0.015006919,0.20717321,0.28135732,0.30295333,-0.12950908,0.0392671,-0.10616095,-0.028097019,0.22878593,0.054532077,-0.06452775,0.05354112,-0.18008092,-0.19689798,0.07937264,0.14496127,-0.13154179,-0.20381677,-0.06005688,0.12912564,-0.016641615,-0.13520549,-0.1434829,-0.068214856,-0.036963932,-0.10596508,-0.14405477,0.034526117,0.050929878,0.04052896,0.10332257,15,4.0
0.10033053,0.15517874,-0.09289856,0.048707787,0.31773013,0.0796616,-0.118253835,-0.13215427,-0.27557155,-0.17294833,-0.073254175,0.006451063,-0.20172997,0.008726772,-0.15709472,-0.20049006,-0.035379387,0.0020702109,-0.25631863,-0.049161844,0.015254989,0.005255584,-0.12748119,-0.056069694,-0.05467006,0.011383925,-0.132888,-0.16125914,-0.10861922,-0.055136133,-0.0085916035,-0.121209115,15,1.0
0.07354355,0.15670101,-0.1004858,0.031432644,0.2680562,0.078241706,-0.12160868,-0.056844167,-0.24453968,-0.13522367,-0.067951865,-0.033213865,-0.15910149,-0.018263984,-0.14261672,-0.15648858,0.01939008,-0.001492545,-0.24660116,-0.057538263,0.034065254,0.023232033,-0.13806118,0.023832574,-0.0793193,-0.0034989696,-0.09565051,-0.14254925,-0.08124491,-0.027743418,0.056703996,-0.115125656,15,1.0
0.08516973,-0.031999737,0.16220313,0.29601666,0.2577748,-0.15742815,0.06358435,-0.13344292,-0.044560306,0.24533549,0.043366898,-0.080558755,0.033278935,-0.16157958,-0.21572444,0.10908309,0.16461283,-0.14025882,-0.21653926,-0.07937407,0.0831157,-0.01900336,-0.09561316,-0.1476335,-0.09614848,-0.030127738,-0.023615578,-0.1638237,0.065199,0.032016397,0.04967045,0.10454785,15,4.0
0.13603958,0.10765874,-0.0729886,0.045992125,0.27915955,0.10146599,-0.12266431,-0.21183856,-0.28054777,-0.27375486,-0.04073927,0.0038150325,-0.1688856,0.03724388,-0.11788724,-0.19398871,-0.07450235,-0.01026649,-0.22832218,-0.060365126,-0.027158506,0.057415035,-0.042411804,-0.018865928,-0.029886771,0.030176006,-0.063654765,-0.20150122,-0.118936844,0.022534417,-0.016567666,-0.06907788,15,2.0
0.09956919,0.09505821,-0.016191084,-0.066847324,0.35697177,0.044479176,0.02769872,-0.07472187,-0.1357818,-0.39487347,0.13882263,-0.12955208,-0.045803443,-0.069907576,-0.115854256,-0.1611744,0.043260705,0.13168299,-0.106579274,-0.051722877,-0.055096615,0.091006,0.10747197,0.091841534,0.13764566,0.05622932,0.065182015,-0.19621749,-0.14526145,0.1443253,0.034953035,0.15461911,15,3.0
0.118202664,0.07921031,-0.10299654,0.034720153,0.36355484,0.08219541,-0.106305756,-0.105674766,-0.3150872,-0.20225257,-0.11299224,-0.021183804,-0.25274277,-0.04746485,-0.16698557,-0.2827926,-0.13990854,0.021870796,-0.2256886,0.04258497,0.0014473647,-0.05848727,-0.13640085,-0.026333999,-0.13006473,0.17938694,-0.08253041,-0.104863346,-0.17940079,-0.05850653,0.0492239,-0.24223141,15,2.0
0.10888081,0.08457623,-0.025514916,-0.043016333,0.30850753,0.055115618,-0.010903275,-0.10817564,-0.17066143,-0.35867882,0.10836135,-0.075026184,-0.08140276,-0.054357644,-0.1259566,-0.17582022,0.0074664764,0.09556517,-0.093642995,-0.058042757,-0.032098755,0.07194819,0.06491357,0.08857712,0.110716276,0.08652733,0.0349281,-0.20638955,-0.13996626,0.103881285,0.02468089,0.077691995,15,3.0
0.1358511,0.039624937,-0.08453363,0.021253249,0.36569434,0.08447932,-0.10047548,-0.11052987,-0.3286701,-0.20346221,-0.06433744,0.0011631623,-0.2362239,-0.05334316,-0.17824912,-0.27621529,-0.14810526,-0.026336916,-0.1883241,0.051369242,0.015609264,-0.06352709,-0.12643227,0.0019710455,-0.11817709,0.21469977,-0.07462773,-0.08073521,-0.20199636,-0.05636489,0.053627875,-0.27132693,15,2.0
0.06846967,0.14949746,-0.10357261,0.019858694,0.2998598,0.064726315,-0.12818472,-0.09883092,-0.28199998,-0.20653236,-0.12596427,-0.041066483,-0.2037833,-0.03661296,-0.15389769,-0.22324194,-0.07077617,0.03916394,-0.27250963,-0.033586085,0.00061737,-0.019249318,-0.14393449,0.016437888,-0.08605122,0.057224084,-0.018866554,-0.14512709,-0.1071646,-0.020848501,0.08152153,-0.15912943,15,2.0
0.06878689,0.047693796,0.13369855,0.22694796,0.27527478,-0.11258396,0.001451226,-0.1093498,-0.060310192,0.1855309,0.037475716,-0.09709848,0.0021819696,-0.14974208,-0.17140761,0.04568173,0.1503208,-0.112004556,-0.20122576,-0.05852922,0.083674744,-0.060737953,-0.13029584,-0.14109442,-0.04893957,-0.00033231638,-0.04919118,-0.1818398,0.04450475,0.019238867,0.077143036,0.07115699,15,4.0
0.150031,0.050828703,-0.059804436,0.017424041,0.36020154,0.073125504,-0.08587438,-0.111352764,-0.3079858,-0.22540647,-0.05175565,-0.02029572,-0.21410967,-0.042065304,-0.18575713,-0.27160874,-0.1274905,0.002299279,-0.13782698,0.019689536,0.013654351,-0.069918096,-0.10121372,-0.004507412,-0.085157074,0.17324351,-0.099325866,-0.1105472,-0.197036,-0.057965625,0.023818128,-0.18407486,15,3.0
0.024721473,0.013930714,0.181691,0.25834355,0.32788584,-0.08015871,0.018293325,-0.08508857,-0.04737398,0.17404923,0.070244774,-0.072188236,0.044034936,-0.1633894,-0.2001243,0.033988718,0.15591875,-0.12336121,-0.17501086,-0.05232145,0.124593094,-0.016176086,-0.1615569,-0.14919353,-0.048610993,-0.034476057,-0.13090317,-0.107512906,0.030867822,0.050679315,0.05363576,0.07121336,15,4.0
0.14839265,0.04446423,-0.043109845,0.015433017,0.33881027,0.0647224,-0.06780124,-0.11434722,-0.28031316,-0.25898743,-0.0063810796,-0.030249942,-0.18497184,-0.043347362,-0.1791211,-0.25248525,-0.09760679,0.025015451,-0.10441013,-0.011934301,0.0098157,-0.059802167,-0.06367523,0.020629652,-0.0406555,0.15149857,-0.079595715,-0.1286519,-0.18811733,-0.04082935,0.018235426,-0.12487891,15,3.0
0.026253698,0.14885381,-0.11131649,0.012987582,0.21598943,0.052064672,-0.12876458,-0.050718427,-0.2524124,-0.14269519,-0.08036102,-0.06401546,-0.10487701,-0.036511216,-0.15114145,-0.15768653,0.0041312054,-0.025470272,-0.25229192,-0.07287199,0.020096108,0.010082418,-0.16496299,0.051616438,-0.065773785,-0.012209482,-0.0201746,-0.15170549,-0.058775023,-0.0086467415,0.12533021,-0.11652899,15,1.0
0.053448744,-0.004641665,0.20577158,0.27376613,0.28596348,-0.12795179,0.03197109,-0.10386795,-0.045214705,0.22327897,0.051994253,-0.09125334,0.057349596,-0.17986777,-0.20359296,0.07513482,0.13838252,-0.13898677,-0.2023139,-0.0665087,0.12777193,-0.015579056,-0.13165917,-0.14067368,-0.0636394,-0.03013739,-0.09328897,-0.14052999,0.050740704,0.056022715,0.05679065,0.09448279,15,4.0
0.056605525,-0.10522983,0.2882987,0.4284451,0.33605844,-0.27360627,0.02439158,-0.14684364,-0.044658657,0.30463684,0.09565979,0.024867833,0.0705924,-0.2323584,-0.3022333,0.13628398,0.110774174,-0.1878089,-0.25502837,-0.05658988,0.16885552,0.017499842,-0.10140326,-0.15140295,-0.09962866,-0.080665395,-0.091074646,-0.16031735,0.031972963,0.085963845,-0.04266039,0.17902885,15,4.0
0.101482674,0.1421965,-0.10628869,0.03836955,0.32397452,0.082389556,-0.11902649,-0.12683183,-0.2906158,-0.20645726,-0.0998504,0.0030297264,-0.22484414,0.006812919,-0.16666394,-0.22454861,-0.06003666,0.027056325,-0.26214868,-0.021383962,0.00398314,-0.0055303313,-0.13065064,-0.048435874,-0.07102643,0.040512968,-0.0943293,-0.15710567,-0.128379,-0.06512849,0.008830212,-0.15179078,15,3.0
0.097621605,0.060930476,-0.046714794,-0.059840154,0.32471526,0.049705017,0.025588105,-0.037404396,-0.1141956,-0.36037263,0.14844082,-0.08883714,-0.053163167,-0.06700729,-0.109214514,-0.14193195,0.03631879,0.13143289,-0.045512803,-0.031449415,-0.053594764,0.08496381,0.10318989,0.11010777,0.10909965,0.076636165,0.09098989,-0.1796546,-0.13245577,0.09806599,0.053269695,0.101144135,15,3.0
0.14851537,0.037709117,-0.070737556,0.01623215,0.34899503,0.08696403,-0.090274155,-0.11198284,-0.31786054,-0.21202978,-0.05184942,-0.0065580457,-0.22253676,-0.04787614,-0.18180269,-0.26448146,-0.1365106,-0.01819323,-0.1535433,0.037022516,0.014386535,-0.06077272,-0.11457607,0.0033867937,-0.10226905,0.19952202,-0.08647102,-0.08948851,-0.20277932,-0.057493735,0.04384669,-0.23719852,15,2.0
0.076778606,-0.08040616,0.18331023,0.37060705,0.2494609,-0.20356725,0.066950716,-0.14412676,-0.0855704,0.29375744,0.078060284,-0.04260177,0.041375585,-0.16969691,-0.28623468,0.13657466,0.15308748,-0.15484133,-0.22314328,-0.09329963,0.0833845,0.015449308,-0.08367006,-0.15244773,-0.10466289,-0.048385896,-0.013738561,-0.17968228,0.07050191,0.057559554,0.013831772,0.14124009,15,4.0
0.081151575,-0.00441687,0.14000456,0.26030207,0.2572248,-0.14293037,0.040187225,-0.117135264,-0.0570096,0.23242915,0.036151517,-0.09782351,0.017037943,-0.15639856,-0.21034718,0.089983985,0.15939742,-0.12633231,-0.20411333,-0.07328685,0.070691675,-0.032552127,-0.1095164,-0.14793679,-0.07909328,-0.016329892,-0.017414391,-0.18036312,0.066667326,0.016735915,0.06675301,0.087039396,15,4.0
0.012230866,0.14309183,-0.10367589,0.02059308,0.16968586,0.04269979,-0.10373459,-0.0027811676,-0.22549422,-0.08822968,-0.05072033,-0.09011279,-0.049375903,-0.03119431,-0.1532028,-0.13148805,0.044428088,-0.063373365,-0.21543503,-0.05928883,0.03257116,0.021657532,-0.18330994,0.048175804,-0.056516945,-0.041353203,-0.058345374,-0.12643607,-0.034348316,-0.012661286,0.1196188,-0.09546903,15,1.0
0.12752227,0.13389869,-0.056486,0.06034457,0.3220484,0.056411244,-0.116299175,-0.1920256,-0.2692018,-0.22275198,-0.056399945,-0.00782463,-0.1912631,0.0032077767,-0.12516874,-0.22339222,-0.07480973,0.01894819,-0.22915402,-0.047534294,0.0060723424,-0.01886666,-0.057228684,-0.060842946,-0.024296612,0.025323983,-0.0870413,-0.20254739,-0.11959797,-0.011065092,-0.02339026,-0.06873044,15,1.0
0.07319069,0.17343037,-0.078786865,0.039768614,0.33431616,0.011026843,-0.12836474,-0.13886854,-0.2785682,-0.1416299,-0.15128072,-0.01139088,-0.26797348,-0.029936146,-0.15916912,-0.2862107,-0.099898934,0.051600568,-0.2377961,0.02579947,0.011662312,-0.06579064,-0.13510554,-0.09001868,-0.118226424,0.094878,-0.13542143,-0.16529782,-0.15556805,-0.039948594,-0.011391956,-0.13837995,15,2.0
0.020115219,0.14810987,-0.1090302,0.005610492,0.19556421,0.045894235,-0.119195886,-0.034867838,-0.24610904,-0.12870005,-0.07901251,-0.08087179,-0.080210134,-0.03944655,-0.14016518,-0.14137799,0.0053767115,-0.034839615,-0.23958185,-0.06883893,0.015788957,0.005630449,-0.1757503,0.06543801,-0.074001074,-0.022900637,-0.018090215,-0.14444573,-0.041903034,-0.00805809,0.13721299,-0.11867656,15,1.0
0.10591021,0.08436927,-0.0197911,-0.062922254,0.33912286,0.040554702,0.017526811,-0.06861984,-0.13374479,-0.3719806,0.13851893,-0.09882978,-0.058841307,-0.06503481,-0.117410384,-0.15908824,0.034457594,0.124623716,-0.07980231,-0.04104705,-0.04792472,0.076048955,0.09839178,0.09843079,0.120239906,0.08379865,0.07390098,-0.19251485,-0.14098687,0.112948924,0.045216825,0.11870423,15,3.0
0.04178457,0.13515705,0.05183068,0.16300857,0.31746808,-0.028504487,-0.09148103,-0.105166934,-0.12414368,0.05275046,0.04889511,-0.061397366,-0.054812234,-0.11420654,-0.11560603,-0.08908705,0.10489341,-0.056849398,-0.19543144,-0.043629408,0.08078043,-0.07924102,-0.13482569,-0.12166613,0.01598557,-0.004326163,-0.10544157,-0.16724576,-0.0125064105,0.013183191,0.040098503,0.011840402,15,4.0
