0,1,2,3,4,5,6,7,8,9,10,11,12,13,14,15,16,17,18,19,20,21,22,23,24,25,26,27,28,29,30,31,Chip,Class
0.041618977,0.2758897,-0.53924215,0.3966865,0.69955784,-0.89679384,-0.50574535,-1.4444795,-0.11642763,-0.9337335,1.8721656,1.7069865,-0.49895042,-0.7248617,-1.4465057,0.26829207,0.9600244,-0.5727372,-0.5844,-0.6104504,0.66732794,-1.2017907,0.35143146,0.65384966,0.3575453,-0.055254105,-1.0816886,-0.120324954,0.49809903,0.040543787,-0.3743856,0.011944227,123,3.0
0.07256656,0.26862544,-0.5096874,0.41439158,0.63961685,-0.79690135,-0.5223371,-1.5061008,-0.09146059,-0.8657492,1.8546909,1.7023557,-0.51596725,-0.58686125,-1.423696,0.25107765,1.0300665,-0.53373706,-0.54442567,-0.55042905,0.6129917,-1.11128,0.39856398,0.6945088,0.3600455,-0.020349812,-1.0256269,-0.048742678,0.47759348,-0.03479774,-0.3695321,-0.02683007,123,3.0
0.08852094,0.24880664,-0.5178045,0.45097053,0.013302997,-0.66328543,-0.67426914,-2.5713503,-0.3731195,-0.27808166,1.7520975,2.1815994,-0.2572783,0.046329252,-0.7883661,-0.58271617,1.8662293,0.17100796,1.0150622,0.32733986,-0.2155844,-0.33041087,0.7008431,0.8694061,1.2453141,0.5283409,-0.04176429,0.18198752,-0.035572115,-1.0445927,0.52281636,-0.70726395,123,1.0
0.061513685,0.28656048,-0.64448243,0.45518917,0.49424234,-0.82895714,-0.593288,-1.8448709,-0.14769685,-0.69950736,1.8519255,1.8671862,-0.39232022,-0.2753894,-1.1953986,0.032901894,1.3390893,-0.38689345,-0.10781456,-0.31308052,0.37629664,-0.89834285,0.4926883,0.8325519,0.65308696,0.17229812,-0.77240866,0.06326633,0.33933496,-0.365084,-0.1061178,-0.23742758,123,2.0
-0.12748045,0.095495105,1.0503724,0.09943399,0.14027384,-0.3330008,-0.44033602,-0.31520453,-0.5299065,-0.56369126,1.5297148,1.400955,-0.9521823,-1.1069474,-1.4552801,-0.1649597,0.9707107,0.39504012,0.5795476,0.44850177,0.3827982,-0.36316627,0.24794598,0.6235597,0.55531013,-0.007996447,-0.7115149,0.008775454,0.37457004,-0.019274244,0.5441971,-0.090432,123,4.0
0.066450424,0.29595506,-0.76560116,0.43774623,0.77487445,-0.9534346,-0.5251027,-1.6442664,-0.07709306,-0.9835989,2.068806,1.8361955,-0.4509167,-0.70880044,-1.461339,0.3566765,1.0698264,-0.70280576,-0.73602486,-0.7508284,0.70925397,-1.3467591,0.3969779,0.79454243,0.42553338,-0.0027054623,-1.1895477,-0.0787365,0.51940155,0.009367667,-0.55828416,0.014700972,123,3.0
-0.16433221,0.08527517,1.2631385,0.051219866,0.12510815,-0.2573816,-0.37664095,-0.0318396,-0.5368446,-0.57169646,1.3197662,1.2411287,-1.0469354,-1.2570796,-1.4506477,-0.12717582,0.82680386,0.42331555,0.55286354,0.42938542,0.45312062,-0.29737794,0.18426871,0.57209957,0.46117628,-0.086851165,-0.7369497,-0.073375925,0.36549655,0.07356863,0.4855399,-0.03634394,123,4.0
0.069130704,0.28192994,-0.6523148,0.40924984,0.18822509,-0.712451,-0.60547346,-2.2681231,-0.26412708,-0.43848714,1.7251247,1.9218441,-0.2957521,0.08722776,-0.8482168,-0.37350744,1.6089451,-0.033714145,0.7288764,0.1669339,-0.052581698,-0.43627065,0.5156393,0.85599875,0.9862593,0.3761378,-0.31049272,0.105902016,0.06969978,-0.8026237,0.42479473,-0.603625,123,1.0
-0.13450748,0.090868846,1.1328347,0.083150364,0.10627895,-0.29233518,-0.39880666,-0.16544753,-0.5414164,-0.5552424,1.2861447,1.2512279,-1.0010108,-1.1303853,-1.3771755,-0.19425666,0.91900307,0.44284394,0.60591435,0.4580497,0.39599153,-0.2363601,0.21219791,0.5916038,0.52240896,-0.041909028,-0.655972,-0.057908524,0.3324654,-0.016072843,0.54319006,-0.10814553,123,4.0
0.06665107,0.28684393,-0.6714612,0.4377606,0.2784608,-0.7785248,-0.61682785,-2.252497,-0.26885876,-0.5244341,1.8258706,2.042076,-0.3090491,0.07924101,-0.9700432,-0.30523697,1.6781805,-0.09849202,0.5817516,0.08594751,0.041700386,-0.5874094,0.60674596,0.9022435,1.0215981,0.40638113,-0.3790943,0.18228802,0.103568405,-0.8262759,0.28285208,-0.5167317,123,2.0
0.067708634,0.23555823,-0.63140297,0.40382326,0.17262179,-0.6651399,-0.6174413,-2.2609122,-0.2280195,-0.35319078,1.5265905,1.7469263,-0.27858007,0.17792027,-0.7564347,-0.42732403,1.5781213,-0.035766896,0.70281667,0.2443217,-0.09794373,-0.33579168,0.523921,0.8135134,0.9968425,0.38103208,-0.19569087,0.14414209,-0.0152708255,-0.8917719,0.39730006,-0.60417324,123,1.0
0.059643652,0.28723156,-0.6405667,0.4416281,0.2700867,-0.7819239,-0.6356353,-2.2658331,-0.27697814,-0.51662934,1.8308924,2.0381546,-0.3133276,0.05396957,-0.9728333,-0.3174393,1.6821477,-0.095302105,0.60478646,0.11061236,0.025935974,-0.5884113,0.5925905,0.8934731,1.0226998,0.39970985,-0.35401005,0.17730743,0.09873733,-0.82521856,0.30208677,-0.52358705,123,2.0
0.0806484,0.28703478,-0.7041258,0.47063822,0.45364973,-0.83182997,-0.63442624,-1.9847744,-0.17279333,-0.6566114,1.9105483,1.9187164,-0.34650195,-0.19458663,-1.084819,-0.049056336,1.4113799,-0.33860084,0.10641403,-0.23569907,0.30736625,-0.8290219,0.5281454,0.84247273,0.7756269,0.26359257,-0.6393775,0.10967837,0.29246116,-0.4957931,-0.027150817,-0.31267762,123,3.0
-0.12892842,0.096484736,1.0920622,0.086503595,0.113092646,-0.3162227,-0.41312832,-0.2248769,-0.5096061,-0.5716951,1.3952936,1.3041508,-0.97048616,-1.1243124,-1.5033345,-0.15944493,0.9084115,0.4071165,0.5483302,0.39862058,0.4200928,-0.33266145,0.22274736,0.60509706,0.5222975,-0.061520305,-0.70558923,-0.04478402,0.36327747,-0.012934623,0.48797017,-0.046166558,123,4.0
-0.09986902,0.09742242,1.008736,0.11057916,0.15915638,-0.3252879,-0.41669253,-0.08275941,-0.46911982,-0.51913035,1.3854588,1.2516589,-0.88846684,-1.0595865,-1.3995293,-0.14213021,0.76383424,0.33013433,0.47299448,0.33306634,0.41760388,-0.41301477,0.20023851,0.635217,0.43927398,-0.041615333,-0.66833436,-0.05318954,0.3776041,-0.097330675,0.41468322,-0.030647568,123,4.0
0.06871447,0.28165963,-0.7241008,0.46298045,0.14116059,-0.762822,-0.65754753,-2.5006623,-0.29912284,-0.38621742,1.8030614,2.1147687,-0.24646261,0.27605245,-0.8214774,-0.47127646,1.8819613,0.033355586,0.92649853,0.32201174,-0.15859863,-0.40533704,0.65889066,0.97080576,1.1830857,0.51008993,-0.19309138,0.21944278,-0.02231295,-1.0728314,0.5162278,-0.6720975,123,1.0
0.077790126,0.2223069,-0.540627,0.3353098,0.2513078,-0.5817258,-0.5409005,-1.9215013,-0.19651592,-0.44059676,1.4855143,1.5915573,-0.25179067,0.032934062,-0.7614827,-0.22651465,1.2494982,-0.09048076,0.414727,0.011624612,0.030362852,-0.45749325,0.44797468,0.7366518,0.8155493,0.3025142,-0.4077244,0.095066436,0.12633279,-0.7065844,0.16344185,-0.41885972,123,1.0
0.039653603,0.2891748,-0.50499237,0.41303164,0.71376556,-0.904827,-0.5234598,-1.4838637,-0.11416449,-0.9566382,1.9519671,1.7690387,-0.5318986,-0.7449634,-1.5284681,0.285143,1.0122417,-0.59672594,-0.6498246,-0.6165918,0.7073546,-1.2508819,0.3739393,0.7371401,0.39964887,-0.04492085,-1.1488501,-0.09217401,0.51467156,0.02661109,-0.43641388,0.014934972,123,3.0
0.06192871,0.28580615,-0.5666352,0.4512202,0.69367373,-0.8941313,-0.5600794,-1.5995423,-0.1335216,-0.9167468,1.9819626,1.7638918,-0.50832486,-0.67549324,-1.515687,0.2614445,1.1013045,-0.5746012,-0.5719261,-0.57508975,0.66799957,-1.1257898,0.41147304,0.77137697,0.4204395,0.0032148324,-1.0455452,-0.056323323,0.49965158,-0.030794814,-0.39886373,-0.035658456,123,3.0
0.0421513,0.20458114,-0.52619654,0.3216195,0.42801118,-0.6050827,-0.45272622,-1.4433621,-0.15456684,-0.6105587,1.4419607,1.4670163,-0.35727954,-0.31532872,-0.9585291,0.03980884,1.0450402,-0.29160243,-0.05508057,-0.23835354,0.30202314,-0.72595584,0.3588607,0.65352935,0.5459195,0.13554475,-0.5693305,-0.00046830624,0.23035334,-0.28219783,-0.05024837,-0.27830118,123,2.0
-0.15866192,0.10162929,1.2284118,0.07605609,0.11485795,-0.30788127,-0.40616697,-0.15931723,-0.52642155,-0.58250487,1.4179648,1.3143017,-1.0771034,-1.3015506,-1.5663248,-0.18528031,0.9519686,0.4418851,0.5858905,0.4398727,0.4506705,-0.2905249,0.22328605,0.64750075,0.48610234,-0.09118523,-0.7827709,-0.08445168,0.37662297,0.013587303,0.5265591,-0.050588336,123,4.0
-0.13996041,0.07004285,1.1662927,0.06394735,0.13630016,-0.28710172,-0.35555035,0.031038716,-0.5378946,-0.5273628,1.2920699,1.2041357,-0.9304247,-1.1441704,-1.4009649,-0.0875603,0.7387382,0.40995416,0.47036022,0.38430128,0.43204492,-0.31040484,0.16424099,0.56489,0.46205702,-0.028393324,-0.6903414,-0.03667545,0.38967595,0.0501493,0.46744007,-0.0058521666,123,4.0
-0.12661375,0.11349791,1.090642,0.11851776,0.1405859,-0.33139822,-0.43621328,-0.35291183,-0.5369077,-0.5888354,1.4847419,1.3971808,-1.0310436,-1.172792,-1.5704666,-0.17676726,1.0495095,0.42658055,0.61821413,0.45168343,0.409559,-0.29099196,0.27170527,0.6783287,0.5674893,-0.03391405,-0.7428525,-0.04674692,0.35534903,-0.05764077,0.5270789,-0.117986366,123,4.0
0.0309638,0.292063,-0.5979558,0.38262618,0.84422636,-0.9242145,-0.42925557,-1.214221,-0.039456315,-1.033344,1.9258466,1.595502,-0.55030954,-0.97789377,-1.6195517,0.5329585,0.763605,-0.7738887,-1.0611734,-0.9043746,0.91498905,-1.4523716,0.24821557,0.6376933,0.16138968,-0.21009395,-1.292743,-0.19110769,0.5914586,0.3189931,-0.6914786,0.19874845,123,3.0
-0.105359465,0.10297619,1.0434422,0.10396387,0.09136133,-0.2709347,-0.43064106,-0.36368358,-0.4922906,-0.51432365,1.266532,1.2510504,-0.9233376,-1.027216,-1.3250005,-0.22471514,0.9349003,0.43505624,0.68963695,0.4609665,0.33390385,-0.19326454,0.22717975,0.5916756,0.5565561,-0.03614908,-0.58814484,-0.03880561,0.27482957,-0.09451162,0.55228144,-0.15137573,123,4.0
-0.022918932,0.18564147,0.22370972,0.26720488,0.27191538,-0.5124823,-0.47633696,-1.0268176,-0.38855925,-0.63256776,1.614079,1.5157164,-0.68077457,-0.67661923,-1.2930821,-0.118644126,1.1985053,0.10334629,0.35653678,0.14779557,0.338285,-0.5223975,0.37731084,0.71902907,0.6565373,0.13464801,-0.67375183,0.05206329,0.34536603,-0.24234764,0.2988062,-0.22691293,123,2.0
0.062105346,0.26654354,-0.6339846,0.40268087,0.5467541,-0.817143,-0.5340626,-1.6997017,-0.16002978,-0.77242637,1.8092011,1.7276219,-0.40480006,-0.41101843,-1.218838,0.050029147,1.2000875,-0.40350693,-0.14964923,-0.35329786,0.42182076,-0.92519736,0.42793626,0.71439195,0.60168934,0.12270841,-0.8165078,0.009052886,0.3381781,-0.28488564,-0.11077955,-0.21060987,123,3.0
0.07861778,0.30143452,-0.6475733,0.45703763,0.6580338,-0.8826718,-0.59260297,-1.6690894,-0.10026732,-0.86525494,2.0238395,1.8237048,-0.4541631,-0.52333814,-1.4256628,0.27205792,1.1314527,-0.5620686,-0.5106506,-0.57938397,0.59489465,-1.1171564,0.4344842,0.78335196,0.5579835,0.08176011,-0.99277556,0.0003210092,0.4841652,-0.06709692,-0.38501036,-0.064276546,123,3.0
-0.1056893,0.09149398,1.056137,0.09203855,0.17349026,-0.33470014,-0.38179716,-0.18286681,-0.5332539,-0.57870936,1.5271628,1.3058373,-0.95332813,-1.1071284,-1.5084023,-0.14681983,0.93995816,0.3530386,0.5117712,0.42304674,0.4648221,-0.34452355,0.19232182,0.5770017,0.50829697,0.022224728,-0.71245223,-0.0043212874,0.4101194,-0.04597508,0.47173578,-0.042140447,123,4.0
0.055361133,0.27773777,-0.65060085,0.4205048,0.7951594,-0.93333143,-0.52251065,-1.4899616,-0.07321252,-1.0174423,2.0307055,1.7702099,-0.5065546,-0.7632453,-1.4713169,0.40285155,0.9870464,-0.72172606,-0.735166,-0.755693,0.72390807,-1.2911366,0.36640018,0.7599749,0.44593763,-0.033963885,-1.1798961,-0.08941394,0.52395487,0.07561523,-0.5404728,0.04999549,123,3.0
0.06878458,0.25540456,-0.63146025,0.41522074,0.28170526,-0.77388644,-0.6088625,-2.1472886,-0.2312977,-0.5006569,1.7304062,1.8438143,-0.32212442,0.058939837,-0.9241018,-0.3039084,1.5408041,-0.12660676,0.5288991,0.082631946,0.03181847,-0.52447313,0.540807,0.86695176,0.95577824,0.3431613,-0.42421848,0.12305371,0.07447683,-0.75469905,0.27555454,-0.5210662,123,2.0
0.07888442,0.24825211,-0.6998479,0.3937701,0.49698734,-0.74624425,-0.50263155,-1.7144632,-0.08644329,-0.69262135,1.649618,1.6668161,-0.32770494,-0.2113179,-1.0650437,0.08263679,1.1324941,-0.41681308,-0.120543025,-0.3738428,0.33663148,-0.8375082,0.4530317,0.7388705,0.6871179,0.17896461,-0.72222686,0.055424318,0.2880983,-0.37300014,-0.19486304,-0.218022,123,2.0
0.054180175,0.2643074,-0.6010247,0.40863484,0.48843607,-0.81804746,-0.51957095,-1.7179918,-0.14942598,-0.7402024,1.7736388,1.749154,-0.38384575,-0.3379465,-1.1691532,0.03288391,1.2089179,-0.3579249,-0.1308803,-0.28938195,0.42185605,-0.90154356,0.4581094,0.76858896,0.58743817,0.12749532,-0.78704685,0.011793198,0.32790455,-0.34418744,-0.14088672,-0.20825458,123,3.0
0.05640147,0.2770825,-0.6604824,0.4367934,0.2650913,-0.7829227,-0.6186317,-2.2297623,-0.25529462,-0.53682935,1.8227772,2.0049412,-0.3212762,0.0038134735,-0.98785114,-0.31451404,1.6195362,-0.10693489,0.55285853,0.101449504,0.06757453,-0.5593071,0.5755803,0.8884002,0.9673883,0.3367824,-0.45023608,0.11647763,0.12212627,-0.79113597,0.28641284,-0.50705796,123,2.0
0.06854565,0.2836563,-0.6865558,0.45422632,0.102241054,-0.72151434,-0.6464766,-2.446152,-0.30794707,-0.36165494,1.7649754,2.033673,-0.22879808,0.27145073,-0.8377029,-0.4681002,1.8316125,0.06348439,0.9465011,0.35211983,-0.185947,-0.3510005,0.6191609,0.93801135,1.180893,0.47414935,-0.22203662,0.20835161,-0.03425638,-1.0735704,0.5364753,-0.68552214,123,1.0
0.04971302,0.2582609,-0.6092172,0.3924569,0.666522,-0.84751695,-0.44933742,-1.4652096,-0.13543268,-0.8684518,1.9271417,1.707479,-0.4636741,-0.64843386,-1.397894,0.2480349,1.0741199,-0.56182444,-0.59674305,-0.6119558,0.6303863,-1.1322013,0.37109843,0.7183117,0.418966,0.0068195686,-1.1242617,-0.06745993,0.43987238,-0.0243664,-0.4455539,-0.031840716,123,3.0
0.07504553,0.28759402,-0.7677559,0.47277057,0.2830671,-0.8258941,-0.63658047,-2.3228428,-0.24846518,-0.5261195,1.8525251,2.0194595,-0.26456207,0.077231005,-0.93779933,-0.28443867,1.6988248,-0.15985519,0.5489035,0.03377073,0.05689266,-0.6118111,0.6019819,0.90876806,1.0253527,0.4087932,-0.42592072,0.18224928,0.12008762,-0.8315339,0.24737878,-0.51843554,123,2.0
-0.11180197,0.11482762,0.99710613,0.12808065,0.16894546,-0.35105982,-0.4366176,-0.41750932,-0.5023484,-0.5836144,1.4482595,1.3895541,-0.967445,-1.1020914,-1.5269644,-0.16493869,1.0156189,0.3749926,0.5655891,0.3999048,0.4074883,-0.31312993,0.2645127,0.68332404,0.5748618,-0.03747299,-0.7060759,-0.040960968,0.35079935,-0.07429716,0.47935236,-0.104185805,123,4.0
0.07278902,0.24330132,-0.5737987,0.4140548,0.093022406,-0.69982135,-0.6507018,-2.3290606,-0.2967536,-0.40902713,1.7034146,1.9755386,-0.31595275,0.19245525,-0.9029298,-0.50413555,1.770325,0.07357214,0.94860715,0.3499694,-0.14027908,-0.31140104,0.58810365,0.8912514,1.1084778,0.43885317,-0.22392304,0.1470482,-0.027124304,-1.0066448,0.5386412,-0.67565733,123,1.0
-0.0971555,0.0751103,1.1017342,0.09473659,0.1666995,-0.2885201,-0.35615578,-0.03998348,-0.5396377,-0.49368784,1.3650948,1.1433619,-0.93185914,-1.0745432,-1.4161347,-0.08560386,0.8684867,0.39808598,0.47188252,0.416547,0.44659254,-0.3086178,0.159631,0.5697899,0.46924606,-0.00034366176,-0.69078004,-0.046896756,0.42477965,-0.04897222,0.42345798,0.052495956,123,4.0
0.025359195,0.24570145,-0.59157085,0.3670671,0.79479307,-0.8635925,-0.4404025,-1.2710532,-0.06505548,-0.8999376,1.7479861,1.4601192,-0.50939226,-0.7936594,-1.4173503,0.42750034,0.7926018,-0.6600287,-0.81355536,-0.71724457,0.75158334,-1.1842406,0.21947382,0.5615912,0.19330621,-0.1865756,-1.0978369,-0.13063571,0.4751777,0.15834287,-0.5731346,0.07442148,123,3.0
0.05783451,0.29126358,-0.6228386,0.42288715,0.6877191,-0.90328604,-0.5007424,-1.5581225,-0.079186596,-0.9200385,1.9166286,1.7214975,-0.45059288,-0.59121346,-1.4307455,0.271079,1.0049101,-0.5964068,-0.5943188,-0.59510636,0.64339143,-1.2151219,0.38358426,0.7183691,0.40220377,-0.009461541,-1.0536375,-0.073819906,0.46701154,-0.044854533,-0.4278888,-0.02964037,123,3.0
0.049538888,0.27365464,-0.56062615,0.422341,0.4863877,-0.82474065,-0.54779935,-1.790628,-0.17061207,-0.7471507,1.8767356,1.8519458,-0.42175087,-0.36163506,-1.2057562,-0.005973082,1.3024795,-0.33610746,-0.08812585,-0.2479211,0.40612245,-0.88971597,0.4999108,0.82472473,0.65576077,0.16582778,-0.7863941,0.04041439,0.3303353,-0.37858874,-0.096420035,-0.23206064,123,3.0
-0.145631,0.09067994,1.198624,0.081041716,0.13452828,-0.29283178,-0.42526418,-0.18006116,-0.5577625,-0.58309007,1.4660699,1.2805297,-1.0190784,-1.1690499,-1.5076637,-0.1493698,0.9531187,0.4542838,0.62085944,0.4681891,0.414024,-0.3012413,0.23605591,0.62365025,0.52756715,-0.039187934,-0.73254615,-0.026831483,0.37472317,0.010228347,0.53957796,-0.07437328,123,4.0
-0.13629606,0.100744754,1.1150666,0.08292649,0.13410658,-0.31641638,-0.4297683,-0.2199913,-0.55547667,-0.57143855,1.448879,1.3578562,-0.98851025,-1.145055,-1.4274814,-0.1685216,0.95117974,0.404136,0.5845642,0.45387575,0.4147618,-0.3275598,0.23217621,0.61774516,0.5418899,-0.020888139,-0.72755903,-0.014766508,0.35338095,-0.0041368324,0.5330335,-0.0861165,123,4.0
0.042505648,0.2811167,-0.46432012,0.4122308,0.5642495,-0.8291481,-0.56594455,-1.6760815,-0.18747705,-0.82252866,1.9698559,1.9061087,-0.49395582,-0.5062276,-1.3531609,0.10872867,1.2100875,-0.41119924,-0.20328364,-0.36814356,0.507935,-1.0307918,0.45881724,0.8179029,0.65338796,0.11661124,-0.8731685,0.023674846,0.40261534,-0.21716955,-0.18410604,-0.14675838,123,3.0
0.0044551855,0.20562707,-0.096037135,0.29374278,0.19538614,-0.5623034,-0.5142571,-1.4780252,-0.3593956,-0.43715203,1.4192047,1.5858504,-0.47468236,-0.13971229,-0.93407786,-0.33165592,1.2747079,0.10278806,0.6314292,0.229934,0.058823936,-0.42974037,0.4276423,0.7165427,0.8526203,0.22494553,-0.36588815,0.110942915,0.12156302,-0.60658556,0.4273454,-0.43549865,123,1.0
0.02663007,0.22303358,-0.6974114,0.3648672,0.8143775,-0.8280455,-0.40127397,-1.163958,-0.038280606,-0.93125254,1.707474,1.4157237,-0.46261957,-0.9329623,-1.3700761,0.45692223,0.74602515,-0.6858418,-0.8460933,-0.7648703,0.77279085,-1.2246557,0.17719978,0.45440656,0.105296105,-0.103746116,-1.2109416,-0.16649541,0.56766367,0.22882883,-0.5388763,0.1425053,123,3.0
-0.16279976,0.08066258,1.2371471,0.05264178,0.13125524,-0.30294847,-0.3863837,0.007073611,-0.5741272,-0.60224414,1.3025558,1.218976,-0.9999815,-1.2107257,-1.3599626,-0.12560417,0.8132406,0.43582687,0.5418109,0.4251125,0.4599275,-0.27964374,0.17000455,0.5693424,0.49431705,-0.07854265,-0.70578676,-0.04102567,0.37184417,0.08662291,0.5164327,-0.024105284,123,4.0
-0.1285041,0.072304815,1.0838846,0.0744802,0.122745864,-0.27432117,-0.38504818,-0.14830947,-0.47465286,-0.5000852,1.4270779,1.2242004,-0.91346514,-1.1304475,-1.4390293,-0.12213684,0.8018515,0.34029397,0.5193753,0.3934311,0.3934098,-0.3532712,0.18792957,0.569398,0.4509631,-0.040910322,-0.68947786,-0.025972784,0.35644662,0.010141406,0.4673066,-0.035850115,123,4.0
0.0589975,0.2824552,-0.6977695,0.46861684,0.056266606,-0.7570729,-0.7227833,-2.6204777,-0.34251294,-0.3403591,1.7343022,2.15864,-0.25140256,0.28858256,-0.8163816,-0.5467663,1.8986198,0.14046507,1.1334639,0.48422375,-0.24792135,-0.31078172,0.64377654,0.95531636,1.2762892,0.5209021,-0.17184997,0.22981653,-0.07523017,-1.1444086,0.6836146,-0.75779927,123,1.0
-0.12742355,0.07978046,1.1115286,0.075550154,0.13874123,-0.33303773,-0.41080022,-0.15559909,-0.5644947,-0.5413055,1.4565425,1.3310173,-0.9710072,-1.1429718,-1.4706664,-0.14609094,0.9530149,0.42072874,0.53755254,0.45922455,0.428509,-0.30896342,0.21068712,0.60151035,0.5533171,0.0004098788,-0.6952602,0.0031178305,0.394082,0.0054873023,0.53852046,-0.06307768,123,4.0
0.071826234,0.2407429,-0.5246356,0.40250808,0.14065988,-0.68774736,-0.63999325,-2.1443594,-0.2781659,-0.4403132,1.6437743,1.9050492,-0.29506946,0.15454727,-0.87159646,-0.42528892,1.6259984,0.03454867,0.805619,0.2675672,-0.06521166,-0.39703113,0.53674424,0.8394915,1.0114368,0.36875972,-0.25714856,0.10430707,0.007306233,-0.8768038,0.41310322,-0.5871759,123,1.0
0.032285508,0.20696008,-0.3047705,0.34524095,0.09743982,-0.59013563,-0.58250475,-1.887912,-0.31695214,-0.39986065,1.5338587,1.7283142,-0.3609921,-0.12441878,-0.8792913,-0.40698773,1.430694,0.1135883,0.79848754,0.31494936,-0.03840643,-0.38371325,0.4813261,0.786814,0.9393582,0.29995042,-0.16544026,0.13837585,0.011165574,-0.8410718,0.49424994,-0.49009818,123,1.0
0.06032144,0.26101494,-0.5766296,0.400701,0.33228135,-0.77134395,-0.57569885,-1.9368516,-0.21498926,-0.5986126,1.7425064,1.868024,-0.339212,-0.10658883,-1.0321844,-0.1901978,1.3779435,-0.18492167,0.3392188,-0.061928786,0.17415607,-0.6846473,0.48372298,0.78428185,0.7920899,0.22644536,-0.601094,0.050659426,0.15818205,-0.5931765,0.09645407,-0.384902,123,2.0
0.056493882,0.24932264,-0.49996823,0.41387296,0.09178154,-0.731462,-0.64151126,-2.3543975,-0.32407504,-0.3946945,1.7224283,2.0323982,-0.3133425,0.16717893,-0.8652719,-0.52896315,1.7883713,0.15101932,1.0052558,0.4261321,-0.14745647,-0.2854421,0.6003347,0.92544264,1.1402626,0.43495527,-0.17997797,0.15949935,-0.03220063,-1.0418894,0.58986545,-0.6645759,123,1.0
0.07158313,0.29651302,-0.7359636,0.48178154,0.2043001,-0.78630024,-0.65537417,-2.3905404,-0.2788128,-0.43616387,1.8285745,2.0493877,-0.2499683,0.1966558,-0.90002394,-0.36775646,1.7760007,-0.06178094,0.7225183,0.20716108,-0.075342946,-0.5058674,0.628978,0.9559305,1.124383,0.4403817,-0.33341992,0.21176597,0.051729977,-0.93969065,0.3759843,-0.59945184,123,1.0
0.07810654,0.27374485,-0.7149657,0.3842548,0.29925954,-0.6914248,-0.5880222,-2.122069,-0.24727014,-0.5077617,1.6632308,1.824849,-0.2723769,0.066152975,-0.8621452,-0.27947518,1.5230432,-0.09705846,0.5981082,0.06455158,0.044363,-0.5092119,0.5577624,0.81346434,0.9011897,0.33104306,-0.39919624,0.15224278,0.046424706,-0.7774529,0.31351876,-0.5273935,123,2.0
0.07465598,0.27946982,-0.62347215,0.41163582,0.67987996,-0.8581215,-0.5502569,-1.566309,-0.068354346,-0.8905193,1.9706595,1.6899644,-0.4496951,-0.59876686,-1.4142064,0.2938092,0.9794572,-0.60012233,-0.58587724,-0.6359519,0.63490003,-1.1519252,0.3693302,0.67906505,0.43730047,0.010423169,-1.0285329,-0.049628373,0.47766393,-0.006146895,-0.4308415,-0.028740998,123,3.0
0.04113857,0.24692602,-0.5553087,0.41725308,0.67351544,-0.8469443,-0.44853735,-1.3678517,-0.07270696,-0.89492685,1.8108422,1.5951589,-0.4842239,-0.6779137,-1.3889513,0.315505,0.9371099,-0.59753454,-0.745425,-0.6319192,0.67043746,-1.1890823,0.29342055,0.64960104,0.25769028,-0.08609128,-1.1059556,-0.10878797,0.48072395,0.050959073,-0.48183692,0.01972761,123,3.0
0.03906119,0.2452399,-0.26277143,0.3798313,0.22238941,-0.6721293,-0.6028991,-1.8401533,-0.3215576,-0.5828197,1.7153699,1.8794528,-0.43126372,-0.21155143,-1.0675325,-0.28807157,1.4527695,0.0071186014,0.55972403,0.15812631,0.11726566,-0.47981846,0.49198803,0.81413454,0.89309245,0.32164308,-0.47793654,0.11005771,0.16475211,-0.6034537,0.34941745,-0.4459378,123,1.0
0.037714068,0.27234653,-0.4267695,0.40423483,0.521824,-0.77934456,-0.55959916,-1.5623138,-0.20599937,-0.8022044,1.8689932,1.7993202,-0.5160856,-0.5800265,-1.3337551,0.076767825,1.2081383,-0.33093676,-0.16274893,-0.32549906,0.477636,-0.8921059,0.37802744,0.7577854,0.58598435,0.05678484,-0.9388393,-0.01368044,0.37048602,-0.23206389,-0.16309847,-0.16832165,123,3.0
0.054846596,0.28656843,-0.58491564,0.40273857,0.7157242,-0.83312815,-0.48499912,-1.4729232,-0.098186046,-0.9415405,1.9049029,1.6364686,-0.51609993,-0.6868983,-1.5129838,0.35467994,0.8993088,-0.6187916,-0.68910813,-0.67949957,0.6865091,-1.2105598,0.3424245,0.68467337,0.32328293,-0.06832643,-1.1291233,-0.0695429,0.4936671,0.12667982,-0.4981621,0.043678954,123,3.0
-0.11723234,0.107185066,0.9952008,0.12560135,0.15974627,-0.3512172,-0.43587595,-0.4747101,-0.52619064,-0.5763546,1.4204571,1.4198325,-0.9574033,-1.0611513,-1.405864,-0.16975993,0.9837906,0.37534952,0.5848264,0.43671036,0.3806328,-0.2843846,0.25410524,0.66222453,0.5852005,-0.012570094,-0.7010951,-0.027070004,0.34657502,-0.06931867,0.5159796,-0.09890655,123,4.0
0.061932914,0.29337788,-0.7462297,0.39025444,0.72104734,-0.86790246,-0.49060154,-1.4394037,0.0044179223,-0.9387801,1.7361252,1.6830986,-0.4411864,-0.5885106,-1.3669037,0.3675778,0.8172166,-0.6909952,-0.7238157,-0.7715686,0.66282475,-1.2612185,0.32428303,0.6627493,0.29890165,-0.066734985,-1.1228688,-0.11580605,0.4334233,0.041917585,-0.5841538,0.06230904,123,3.0
0.048008766,0.27317855,-0.5660119,0.42562777,0.2725697,-0.78352505,-0.62823504,-2.1665545,-0.27846014,-0.5726228,1.8489174,1.9884818,-0.33495206,-0.034044452,-1.0239751,-0.2848856,1.6065041,-0.082347736,0.53935283,0.06945285,0.0821268,-0.6102375,0.5502116,0.8580614,0.9668424,0.32297647,-0.48002857,0.122092314,0.1203178,-0.76898485,0.25247085,-0.49415666,123,1.0
0.06475789,0.2795122,-0.67347986,0.42875624,0.39738384,-0.79077196,-0.5668526,-2.0119395,-0.2110983,-0.64412725,1.8189781,1.8568733,-0.3472043,-0.17543848,-1.0478542,-0.15317047,1.462321,-0.24488667,0.22555855,-0.1117623,0.2445474,-0.71305805,0.5357728,0.8486281,0.7841921,0.26305434,-0.61225915,0.09188255,0.21271037,-0.58401054,0.08764669,-0.3835438,123,2.0
-0.090808235,0.08151314,0.96313316,0.10444525,0.15687123,-0.30992976,-0.42593515,-0.19340444,-0.52760875,-0.47588485,1.3809547,1.2379515,-0.91569984,-1.000452,-1.413443,-0.10240155,0.9583643,0.4020664,0.5656299,0.42604533,0.39658633,-0.33158797,0.22364844,0.5814236,0.51978225,0.034232687,-0.64074445,0.003933274,0.37281907,-0.092082836,0.47862834,-0.02553485,123,4.0
0.02447078,0.24437533,-0.19123526,0.38714963,0.39752766,-0.7300182,-0.5845037,-1.5610511,-0.32039422,-0.6798399,1.7989087,1.7608935,-0.5489098,-0.4723989,-1.2972746,-0.12565966,1.3802357,-0.12937164,0.2309973,-0.0063404962,0.35571563,-0.7038771,0.47160265,0.83556163,0.8290931,0.20312095,-0.7091967,0.11392212,0.3419589,-0.39765257,0.18711063,-0.2970119,123,2.0
-0.11785126,0.10535546,0.97977775,0.114405125,0.17247324,-0.36665142,-0.43611225,-0.43250108,-0.504588,-0.56654304,1.5566547,1.4455991,-0.93849707,-1.0963148,-1.4571251,-0.14295737,0.9964637,0.33093292,0.52731186,0.41508052,0.38812986,-0.35938388,0.24479966,0.64186853,0.56662387,-0.0081499405,-0.7420036,-0.023650311,0.3601544,-0.05364181,0.49641532,-0.07534605,123,4.0
0.053820863,0.27725697,-0.5373132,0.42013228,0.44176066,-0.8044485,-0.5856456,-1.8782089,-0.21741498,-0.70796126,1.9096096,1.9342958,-0.40192753,-0.27315703,-1.1851631,-0.056594126,1.3647709,-0.27451348,0.10501693,-0.18280768,0.3283418,-0.8485177,0.50326854,0.8335055,0.7788727,0.21780708,-0.67938435,0.08280383,0.2797715,-0.45415777,-0.0065610483,-0.2905777,123,2.0
0.0887676,0.19826733,-0.5490647,0.37445188,0.05696494,-0.56928873,-0.56362015,-2.1301425,-0.24043244,-0.22970693,1.4941034,1.754997,-0.1880583,0.14314769,-0.6142101,-0.42472985,1.508678,0.08051056,0.77585596,0.19204861,-0.13567883,-0.30824018,0.5607952,0.7209488,1.0299248,0.481811,-0.096636474,0.17426366,0.0022125356,-0.8644836,0.35013455,-0.59510267,123,2.0
-0.12546161,0.10030994,1.0591809,0.0669562,0.16742651,-0.2628944,-0.3911981,-0.12956515,-0.4154447,-0.61630183,1.3412112,1.2887516,-0.8537046,-1.1569775,-1.2711691,-0.08114119,0.7392158,0.30968344,0.4904796,0.32841152,0.4571379,-0.30595082,0.1360308,0.53638124,0.47768852,-0.1253014,-0.7037389,-0.08091552,0.27208453,0.07220654,0.36523032,-0.011126582,123,4.0
-0.14404508,0.08335629,1.1160742,0.05775433,0.1395375,-0.27001125,-0.35815385,-0.021139383,-0.45345315,-0.5851165,1.2703863,1.199711,-0.91293263,-1.1545377,-1.2828426,-0.10000418,0.7149821,0.35462877,0.49254808,0.35976055,0.4624974,-0.27698842,0.12898675,0.51972985,0.45272547,-0.096251264,-0.7175575,-0.08335198,0.31734172,0.08694831,0.4077521,0.0015622824,123,4.0
0.07111213,0.2780331,-0.57051945,0.46038187,0.05969452,-0.7189738,-0.6981228,-2.534365,-0.3564035,-0.35429183,1.8574332,2.159571,-0.3113717,0.30021647,-0.9255538,-0.5809969,1.8823638,0.15396507,1.1600658,0.4956148,-0.25280422,-0.27216503,0.6034789,0.931146,1.2442797,0.4559758,-0.19177811,0.14718881,-0.06416719,-1.1661013,0.6519543,-0.7479184,123,1.0
0.07579476,0.27108392,-0.637626,0.45180154,0.4726353,-0.79032433,-0.55850947,-1.9242748,-0.20578316,-0.68830013,1.81898,1.8547292,-0.3710844,-0.23410864,-1.1134311,-0.039818503,1.5025302,-0.33805078,0.05200856,-0.22680047,0.3506881,-0.8202859,0.54395235,0.8612196,0.8492399,0.28820485,-0.7163822,0.14417803,0.3099454,-0.49689108,-0.03172525,-0.31220412,123,2.0
0.043035056,0.25234008,-0.5057622,0.42643988,0.5352099,-0.7718331,-0.48507267,-1.5592694,-0.10169391,-0.7277373,1.7305518,1.7317634,-0.44444832,-0.41573033,-1.2055113,0.103975974,1.1170847,-0.38950333,-0.33289438,-0.3443821,0.49473968,-0.9080384,0.36201105,0.7265029,0.51288414,0.041426726,-0.979413,-0.038779452,0.38841867,-0.28609234,-0.26124382,-0.12777695,123,3.0
0.073152445,0.27348503,-0.6070826,0.42814916,0.09855467,-0.7363058,-0.6495596,-2.4393976,-0.34398562,-0.34523356,1.7566575,2.0845416,-0.28381276,0.28159496,-0.8650062,-0.524538,1.8779277,0.13831298,1.0473983,0.4157285,-0.21954119,-0.3152249,0.6388217,0.9443008,1.2203192,0.5050543,-0.16154604,0.2035011,-0.0559452,-1.0784632,0.62322485,-0.7038711,123,1.0
0.084657945,0.28560305,-0.6542463,0.4477082,0.20425773,-0.7814805,-0.66416526,-2.3601007,-0.28318235,-0.47363994,1.8542857,2.0428898,-0.31318587,0.12265545,-0.9955791,-0.4139482,1.721658,-0.021296602,0.75953776,0.21168587,-0.05960863,-0.48057055,0.5831728,0.8992768,1.0820835,0.39838007,-0.3177893,0.13440177,0.043325532,-0.90895665,0.39372563,-0.6255953,123,2.0
-0.14734794,0.066668645,1.1784626,0.028368384,0.14591016,-0.2733591,-0.3574594,-0.048476502,-0.50256526,-0.56200665,1.3421742,1.1495669,-0.9743817,-1.1139921,-1.445164,-0.08688337,0.731914,0.4504691,0.53231704,0.37701833,0.4397805,-0.28648987,0.1466189,0.5347031,0.55257994,-0.07773301,-0.68439955,-0.08836572,0.4053575,0.012868639,0.4562837,-0.017866597,123,4.0
-0.12131043,0.1062579,1.0098363,0.10924277,0.18601376,-0.3748362,-0.41996726,-0.30425364,-0.5286654,-0.5844264,1.4952816,1.4277182,-0.946972,-1.0908445,-1.4587929,-0.13447933,0.98970747,0.36925986,0.47817257,0.41437802,0.44875342,-0.3776449,0.23722444,0.64471847,0.5549993,0.00052680075,-0.7183916,-0.007866814,0.38244674,-0.005203044,0.46851915,-0.054681566,123,4.0
-0.0918363,0.11955196,0.85894847,0.13480765,0.10427341,-0.36010602,-0.46650594,-0.6582203,-0.51161075,-0.5438867,1.369186,1.4685595,-0.8645506,-0.904284,-1.2746762,-0.23978677,1.0568,0.39090794,0.68659127,0.47831276,0.28639686,-0.22874126,0.30010262,0.66964686,0.6789262,0.048863705,-0.6110071,-0.001385639,0.28150314,-0.21492682,0.568705,-0.19404253,123,4.0
-0.06393799,0.190849,0.4200318,0.25566435,0.25380808,-0.59004414,-0.488411,-1.1087272,-0.43426067,-0.6659482,1.6884379,1.7148112,-0.75055003,-0.7724581,-1.3723848,-0.17954421,1.1675954,0.15218422,0.42902443,0.22826692,0.36547622,-0.5134172,0.38415012,0.7584959,0.7072254,0.12072046,-0.70766616,0.030511323,0.33198485,-0.23199466,0.34696877,-0.20511164,123,4.0
0.051945884,0.27964336,-0.62204355,0.39600557,0.6754509,-0.86856747,-0.45124036,-1.4876568,-0.11532411,-0.8780147,1.869422,1.6302251,-0.4414241,-0.65527314,-1.3726897,0.27552822,0.95583564,-0.59558713,-0.62235886,-0.66475016,0.6616435,-1.1967609,0.34859607,0.6893958,0.3743271,-0.031640936,-1.091393,-0.08288519,0.45410112,0.014655471,-0.4771266,-0.02468269,123,3.0
0.05344783,0.2744147,-0.536986,0.39712924,0.16557491,-0.67435884,-0.6015935,-2.2736168,-0.30804443,-0.44819683,1.7411133,1.9859585,-0.3462419,0.0039135125,-0.94724977,-0.40495607,1.6728537,0.02516932,0.82931596,0.26248413,-0.04106974,-0.3701873,0.577932,0.8939937,1.0036086,0.3744672,-0.3293734,0.15412977,0.038445383,-0.86641854,0.4896556,-0.60030425,123,1.0
0.073999114,0.2919617,-0.7092035,0.42422146,0.2140064,-0.7117273,-0.62687635,-2.3906777,-0.29257816,-0.4574491,1.7836033,1.9825504,-0.28281468,0.117273286,-0.8810642,-0.38492504,1.7166169,-0.03299793,0.79488444,0.20148735,-0.049728528,-0.4356256,0.6016756,0.9037651,1.0277579,0.40737742,-0.298346,0.17167786,0.026886156,-0.90860164,0.43764716,-0.62315154,123,1.0
0.06532038,0.28733253,-0.723263,0.4467169,0.3722341,-0.83098936,-0.6123487,-2.1101859,-0.2049015,-0.616318,1.8570526,1.9664869,-0.31071603,-0.075554766,-1.0326345,-0.15625203,1.5091121,-0.2650497,0.24862617,-0.11908206,0.18969506,-0.74329585,0.54660714,0.8591316,0.8796274,0.2939545,-0.5690926,0.1343877,0.2006427,-0.61370856,0.071127474,-0.39543837,123,2.0
0.070410706,0.27391067,-0.5866454,0.41162348,0.35547292,-0.71838295,-0.53050995,-1.8350908,-0.18370806,-0.5526085,1.6644264,1.7317927,-0.3011096,-0.0842899,-0.9530642,-0.069890544,1.3219662,-0.25056398,0.15801913,-0.15055579,0.21860346,-0.68316865,0.48826957,0.7826402,0.7734425,0.23914583,-0.6197849,0.13069049,0.19224155,-0.5241271,0.03131671,-0.34282959,123,2.0
0.064330526,0.26587737,-0.6663257,0.43994933,0.1735335,-0.7516501,-0.6201031,-2.3085694,-0.29605588,-0.4149344,1.6926396,1.9411694,-0.26240557,0.16816784,-0.81060016,-0.39030755,1.7553357,-0.0040516295,0.82319695,0.21620503,-0.0631135,-0.4294539,0.6065961,0.90074176,1.0664799,0.45460743,-0.25551754,0.21337768,0.014434531,-0.94908273,0.4275899,-0.59545946,123,2.0
0.06045019,0.2939235,-0.6827969,0.45191216,0.38464496,-0.8211676,-0.62643504,-2.142472,-0.21871167,-0.6286438,1.9206054,2.0445173,-0.3381377,-0.0963213,-1.0625812,-0.16144073,1.5492151,-0.23869237,0.29345477,-0.09615799,0.21874946,-0.78726155,0.570501,0.89155734,0.9096161,0.32850245,-0.51123327,0.1406292,0.20576298,-0.65027595,0.10621712,-0.40169334,123,2.0
0.06661222,0.27320403,-0.57325214,0.39962,0.35080457,-0.7161928,-0.57723594,-2.0360348,-0.24137819,-0.5861328,1.7676395,1.8706774,-0.36031446,-0.1143005,-1.016167,-0.20705985,1.4595618,-0.15687323,0.41137776,-0.01978132,0.16541298,-0.59889615,0.5418191,0.83696234,0.8530916,0.30083227,-0.5245119,0.1291703,0.14981131,-0.64825326,0.19816515,-0.44254816,123,2.0
0.03925798,0.27318418,-0.60595644,0.37138796,0.78758675,-0.88432,-0.46247664,-1.3029441,-0.066226244,-1.0012727,1.8527362,1.7036499,-0.48254535,-0.75876886,-1.4677588,0.4042102,0.9244336,-0.6836735,-0.7770189,-0.724782,0.75173575,-1.280587,0.3426451,0.6582194,0.27573597,-0.08192888,-1.1761585,-0.12373589,0.540049,0.1089485,-0.55190784,0.08442776,123,3.0
0.06861315,0.19270988,-0.5765235,0.3568316,0.38491142,-0.7093185,-0.46714082,-1.6830124,-0.17569634,-0.5772274,1.547095,1.4473379,-0.3300579,-0.0036968878,-0.84003675,-0.062390596,1.1881626,-0.24826221,0.195142,-0.12718628,0.19888467,-0.65305513,0.3687564,0.6675841,0.67037433,0.22219999,-0.5981435,0.07917673,0.1874599,-0.5589997,0.0892521,-0.31633103,123,2.0
-0.07270093,0.12162174,0.6835627,0.14019412,0.10932445,-0.35918802,-0.45930302,-0.7834741,-0.43979147,-0.44785744,1.269945,1.4648368,-0.7617221,-0.74267775,-1.1267853,-0.25240564,1.0332665,0.34000832,0.6817172,0.46295562,0.2108823,-0.17274961,0.3059756,0.6424892,0.68430406,0.07875698,-0.50637615,0.016324468,0.21354392,-0.2567001,0.57308817,-0.24118063,123,4.0
0.033064745,0.26622683,-0.44129664,0.38467032,0.5301374,-0.8121559,-0.5138677,-1.4906058,-0.16460897,-0.8070311,1.7487528,1.7185093,-0.47887284,-0.5817713,-1.2935745,0.09371059,1.106844,-0.3756709,-0.29379886,-0.3579335,0.53134733,-0.9412335,0.40161955,0.7455011,0.46932477,0.023632206,-0.934892,-0.04505397,0.38682744,-0.18112303,-0.20199738,-0.09868916,123,3.0
0.09092851,0.23167063,-0.55750304,0.40406156,0.15592101,-0.59808606,-0.5995956,-2.1335955,-0.24602559,-0.3646089,1.6058093,1.8561803,-0.21491021,0.079821065,-0.74708664,-0.38010338,1.5522043,0.055563346,0.75698864,0.13821793,-0.09268864,-0.39867365,0.58493835,0.8102971,1.041817,0.45500296,-0.16863014,0.19110337,0.06183963,-0.88152784,0.3632449,-0.58376235,123,1.0
0.013738794,0.20974176,-0.2668407,0.32157743,0.14980133,-0.5735439,-0.5584491,-1.7073754,-0.33142358,-0.37390652,1.4507363,1.6746414,-0.3767543,0.024462624,-0.779338,-0.40044412,1.3846704,0.13116895,0.731314,0.32241246,-0.039048336,-0.34508222,0.45818406,0.74951494,0.9169918,0.270509,-0.26668116,0.14564362,0.047761295,-0.7095161,0.48583865,-0.52439374,123,1.0
-0.13369241,0.077257484,1.0672526,0.062066138,0.102416486,-0.23747109,-0.34278908,-0.18170601,-0.4089167,-0.50893813,1.2298836,1.1174963,-0.95183766,-1.1677618,-1.3183564,-0.17571737,0.78379744,0.3561113,0.518503,0.38962036,0.39428174,-0.19650969,0.17456102,0.5638801,0.3779873,-0.1012488,-0.6857586,-0.09610053,0.29618043,0.0076286197,0.47553462,-0.04794664,123,4.0
0.063237846,0.28747904,-0.6383666,0.43752027,0.34405205,-0.77599174,-0.5981485,-2.0212603,-0.19935237,-0.5535399,1.6907238,1.8546374,-0.30784562,-0.011082607,-0.96052635,-0.1535439,1.4793203,-0.2181341,0.29653206,-0.08178641,0.13711518,-0.64493656,0.537515,0.87055427,0.92043084,0.32224798,-0.53541374,0.14932698,0.17595446,-0.6135901,0.112840205,-0.41218972,123,2.0
0.041856714,0.25560674,-0.2723022,0.42990023,0.4681959,-0.78727293,-0.5796816,-1.6735604,-0.3020052,-0.77626324,1.9469726,1.892006,-0.5483353,-0.5543306,-1.3699003,-0.04097701,1.4283913,-0.20822164,0.083778515,-0.10182312,0.43211728,-0.7881261,0.49399185,0.8894728,0.8599189,0.2369425,-0.80827546,0.09494682,0.4247175,-0.3704055,0.06689325,-0.24628304,123,2.0
0.058521055,0.27448717,-0.5760907,0.41489053,0.46060953,-0.79488647,-0.58191997,-1.8223021,-0.18807931,-0.69957703,1.8586283,1.8016576,-0.38342965,-0.24506883,-1.1240189,-0.04901261,1.3687787,-0.3220117,0.10660457,-0.16457805,0.29138458,-0.7952044,0.50463146,0.8516492,0.7943963,0.2141957,-0.65941733,0.09885656,0.27192628,-0.53015673,-0.00729385,-0.2782359,123,2.0
-0.052277103,0.1652765,0.47284335,0.25023967,0.23112759,-0.49932134,-0.5110531,-0.69898033,-0.4283219,-0.6033341,1.5753876,1.5066408,-0.7810793,-0.7696011,-1.3470736,-0.14345288,1.0370009,0.1763318,0.38138118,0.235008,0.3733616,-0.5261547,0.29217553,0.6820292,0.57884043,0.067353494,-0.70614624,-0.0028748582,0.35993367,-0.15498151,0.33790767,-0.12829316,123,4.0
0.030866645,0.2352707,-0.30384338,0.3364492,0.38414025,-0.65053886,-0.51183945,-1.4423361,-0.20826326,-0.6030988,1.6317872,1.7563025,-0.4404164,-0.3024451,-1.122248,0.0076329764,1.208266,-0.18950376,0.17697245,-0.073242605,0.31387123,-0.7076661,0.4420572,0.75638556,0.6920791,0.1730649,-0.60930103,0.07060403,0.24663292,-0.36059362,0.08135453,-0.24465704,123,2.0
0.06625933,0.27021605,-0.62413967,0.37386036,0.24352865,-0.6798971,-0.5878052,-2.1867867,-0.2774042,-0.46697268,1.6369848,1.8829224,-0.29270548,0.08804641,-0.8453002,-0.35675737,1.558394,-0.031649176,0.72072387,0.16994794,-0.0035471022,-0.41829872,0.57606244,0.83945644,0.94177675,0.3520922,-0.34383762,0.16471261,0.013074212,-0.82853,0.3874125,-0.57382166,123,1.0
0.0633302,0.30307868,-0.6676387,0.45128453,0.7290483,-0.95817614,-0.5542586,-1.7132046,-0.13888454,-0.9573742,2.1872652,1.8944519,-0.4769922,-0.6818851,-1.5015985,0.29619095,1.1775897,-0.62614584,-0.6076869,-0.64263844,0.6732677,-1.2440016,0.43123567,0.83249354,0.5337845,0.044781283,-1.1291881,-0.035010558,0.5145126,-0.051535837,-0.44211644,-0.04036323,123,2.0
0.08093603,0.27410272,-0.6866096,0.47118467,0.20269759,-0.7770003,-0.6044323,-2.3549242,-0.29066166,-0.46256492,1.8024939,2.012752,-0.29758242,0.15202214,-0.95761645,-0.40194488,1.6748734,-0.030595016,0.73639363,0.21731204,-0.070532106,-0.5072625,0.56909084,0.88819855,1.006733,0.40728885,-0.39802122,0.16524678,0.027901633,-0.94040173,0.3558116,-0.60286593,123,1.0
0.057406157,0.29016516,-0.65677357,0.42597616,0.6280853,-0.87606215,-0.5561823,-1.6832281,-0.11691348,-0.8663322,1.9501014,1.8554415,-0.44500253,-0.5128517,-1.3422242,0.19315062,1.1371337,-0.54322505,-0.41846898,-0.54230154,0.5710084,-1.1391227,0.4312057,0.7892095,0.5458853,0.06545483,-0.94981945,-0.013325715,0.41765252,-0.1516423,-0.34701788,-0.10749041,123,3.0
-0.15236774,0.07243316,1.1418374,0.033153173,0.091696635,-0.2530434,-0.32933152,-0.09633534,-0.4552544,-0.5247401,1.2972414,1.1277438,-0.9828614,-1.2202522,-1.3989382,-0.15585236,0.76884496,0.39516556,0.5208718,0.39688453,0.43984687,-0.22971708,0.16717324,0.5584647,0.3864893,-0.1014926,-0.7267018,-0.105262026,0.3366734,0.026973307,0.46852326,-0.030706313,123,4.0
0.009425166,0.20265459,-0.09276384,0.2890929,0.24930644,-0.59008646,-0.51608986,-1.4089091,-0.2998601,-0.52146214,1.466403,1.53747,-0.47884172,-0.32627454,-1.0310441,-0.20240061,1.2242296,0.029512234,0.45965368,0.17633969,0.20575947,-0.4966352,0.4193366,0.73706317,0.7409439,0.21076497,-0.44900176,0.076149076,0.20693392,-0.55933356,0.29745522,-0.3247385,123,2.0
0.051096197,0.32139966,-0.6145631,0.46221495,0.8037363,-1.0017705,-0.5955087,-1.6092896,-0.17112175,-1.0585794,2.239532,1.9695299,-0.55636334,-0.8490631,-1.6621537,0.3304305,1.171492,-0.67225075,-0.67483675,-0.7068623,0.7974567,-1.3933632,0.4206897,0.8149631,0.48475963,-0.03088237,-1.2478976,-0.09413096,0.5621633,0.054182462,-0.504814,0.03666021,123,3.0
0.049780566,0.25602096,-0.6225602,0.36291653,0.66685057,-0.74458754,-0.42568916,-1.3103949,-0.03190639,-0.82000494,1.5782393,1.5179889,-0.4559829,-0.6137504,-1.2497143,0.3236571,0.84001046,-0.5964531,-0.6066714,-0.6422623,0.59225243,-1.0909581,0.31189245,0.61511356,0.33542538,-0.014539473,-1.0002601,-0.07201824,0.40576398,0.032407746,-0.4477889,0.016447462,123,3.0
0.035359737,0.2692987,-0.4015916,0.38785416,0.7018928,-0.8795601,-0.520578,-1.305792,-0.1768344,-0.9421562,1.9706506,1.7683159,-0.55102086,-0.7929687,-1.5323197,0.29970205,1.0332576,-0.5341554,-0.56410813,-0.5579595,0.73566216,-1.2429484,0.3709152,0.7272763,0.4271408,-0.035299737,-1.1133171,-0.07657945,0.5313288,0.057290643,-0.4049214,0.042624712,123,3.0
0.06025182,0.29106706,-0.4873098,0.4594282,0.7227133,-0.8812831,-0.5464576,-1.4575101,-0.10135496,-1.0107142,1.9949933,1.795591,-0.5941575,-0.70333016,-1.6655815,0.34613034,1.0628269,-0.60563934,-0.75602347,-0.6500392,0.7382218,-1.2870828,0.39172414,0.74479353,0.2815842,-0.08511558,-1.1694224,-0.098239295,0.5800986,0.099143036,-0.4615085,0.061459273,123,3.0
0.068570144,0.28673267,-0.64512366,0.44574314,0.44077155,-0.8300908,-0.59912133,-2.0382001,-0.20320582,-0.6881641,1.8923739,1.9658867,-0.34798387,-0.15153055,-1.0856017,-0.1007774,1.4467019,-0.30107334,0.1512785,-0.16711143,0.2706161,-0.82609785,0.5527335,0.8819113,0.8404504,0.30546838,-0.61078197,0.13794419,0.26666448,-0.51764077,0.01741881,-0.35219872,123,1.0
0.052520208,0.29436702,-0.6178367,0.4258386,0.78778493,-0.960102,-0.51207405,-1.491397,-0.06294629,-0.995353,2.0003896,1.7774619,-0.51107705,-0.7863912,-1.5647722,0.3713794,0.93761826,-0.7182869,-0.82566744,-0.75834394,0.76256764,-1.3917404,0.35343736,0.70454645,0.32605833,-0.08340612,-1.2213737,-0.13121976,0.5556569,0.12996309,-0.54716873,0.069707826,123,3.0
0.07851712,0.24225034,-0.69857395,0.44655228,0.30917457,-0.7805244,-0.54948497,-2.077865,-0.23783302,-0.5245033,1.7176214,1.787648,-0.29903504,0.050390348,-0.94316936,-0.2475847,1.4863243,-0.1575675,0.42886814,0.008831747,0.052033387,-0.6460267,0.49469632,0.8124778,0.8624101,0.341225,-0.53207743,0.12893125,0.13555767,-0.7545348,0.20274076,-0.471947,123,1.0
0.051742416,0.27721044,-0.5571122,0.42737836,0.33531812,-0.7915757,-0.6266015,-2.048451,-0.2578208,-0.59602994,1.8456508,1.9405001,-0.3488539,-0.12996191,-1.064449,-0.18775898,1.502952,-0.16824438,0.38159502,-0.031717997,0.16167808,-0.68371016,0.5203915,0.8415737,0.8958485,0.29203016,-0.4945235,0.12378388,0.1866948,-0.6296582,0.16498241,-0.42122322,123,2.0
0.08101268,0.25937966,-0.55546504,0.39999753,0.6181916,-0.7973726,-0.53437185,-1.6401453,-0.09986779,-0.8088117,1.9005241,1.7054877,-0.4411825,-0.5558031,-1.2600299,0.18008706,1.0732509,-0.49436828,-0.32696405,-0.51195043,0.5418789,-0.9677657,0.38356957,0.70135224,0.5281684,0.088128455,-0.9068938,-0.018832222,0.41846788,-0.16547984,-0.29933506,-0.117367886,123,2.0
-0.13582386,0.10360977,1.1554389,0.0844481,0.13466677,-0.30006886,-0.401413,-0.21499059,-0.5470164,-0.58412254,1.3857394,1.2761933,-1.0242947,-1.164755,-1.5252497,-0.15764107,0.973587,0.45337012,0.6159074,0.4450821,0.42321554,-0.2785502,0.24360257,0.619491,0.5482926,-0.05148128,-0.71081525,-0.04304447,0.36735505,-0.025307763,0.5202983,-0.09583443,123,4.0
-0.1230053,0.05573455,1.0194882,0.031627797,0.18223658,-0.27214056,-0.3720489,-0.054112308,-0.40322444,-0.5666393,1.3160703,1.2451358,-0.8780484,-1.1423471,-1.3582476,-0.02927318,0.6816625,0.3218029,0.4606191,0.3579558,0.48598298,-0.27466577,0.123668954,0.5041601,0.4850884,-0.10014908,-0.72166467,-0.08901627,0.31567377,0.07613006,0.37026685,-0.030436113,123,4.0
-0.08395752,0.13803893,0.78811413,0.17327125,0.24164438,-0.45061818,-0.44998503,-0.6060835,-0.49314526,-0.62259865,1.5658323,1.4826181,-0.8885443,-1.016613,-1.5205683,-0.12683466,1.0653362,0.25401378,0.44438946,0.3132774,0.42454433,-0.43506753,0.28192782,0.6856359,0.59812754,0.0055306666,-0.7578364,-0.02414535,0.3943914,-0.079041645,0.38239092,-0.08636209,123,4.0
0.06164676,0.29279092,-0.6178459,0.4498297,0.5473232,-0.8739167,-0.59468305,-1.8233906,-0.16726089,-0.8117536,1.9926997,1.9404508,-0.44959003,-0.46192366,-1.3222858,0.1247388,1.2879195,-0.44504762,-0.23246783,-0.38564137,0.49780017,-0.9921506,0.4802808,0.8330344,0.6575637,0.15212303,-0.87662286,0.037882224,0.39279637,-0.27650106,-0.21262814,-0.17311502,123,3.0
0.06135698,0.2759406,-0.58722585,0.39829832,0.28292954,-0.7029734,-0.5986998,-2.2081347,-0.284773,-0.5201108,1.7382743,1.9036833,-0.32717317,0.03039165,-0.9174974,-0.3224363,1.578331,-0.07729517,0.6472132,0.12696187,0.035327237,-0.48333603,0.5692219,0.8658518,0.9428051,0.34368977,-0.38435683,0.16235557,0.05881925,-0.7993967,0.33745092,-0.5552634,123,1.0
0.059034318,0.27053484,-0.5896723,0.41551316,0.17982319,-0.73622864,-0.61452407,-2.2812815,-0.2946799,-0.45869994,1.7066907,2.0049615,-0.30502158,0.072555445,-0.9055464,-0.38311255,1.683143,-0.01813802,0.75773305,0.20397647,-0.02418866,-0.46047395,0.5996093,0.8916944,1.0603985,0.43273804,-0.31639072,0.18934378,0.04433466,-0.88517964,0.4035325,-0.5648769,123,1.0
0.07602047,0.2879286,-0.64955145,0.45164227,0.17285402,-0.78193516,-0.6565046,-2.4099503,-0.33079115,-0.4602419,1.7504175,2.0705879,-0.30046368,0.15672223,-0.8951849,-0.40753284,1.7670491,-0.028933391,0.8108082,0.23344123,-0.09266987,-0.46643364,0.62907034,0.932368,1.1490364,0.4889522,-0.32262897,0.22854736,0.031861685,-0.9178625,0.43491507,-0.62079924,123,1.0
0.06631179,0.24409313,-0.4654513,0.41346228,0.08043894,-0.64062506,-0.6650648,-2.1863499,-0.29770333,-0.29958618,1.7058685,1.9534827,-0.3068535,0.2615143,-0.82437325,-0.5236911,1.6415876,0.12539913,1.0218215,0.4114928,-0.24243492,-0.22344837,0.5101987,0.8219119,1.1239253,0.40507182,-0.21357085,0.11674942,-0.04276343,-1.026879,0.6167003,-0.67789084,123,1.0
-0.1460647,0.07960902,1.1798975,0.088044256,0.12764,-0.25426194,-0.43689194,-0.23929697,-0.54568636,-0.52920115,1.3552043,1.279614,-1.051556,-1.1731945,-1.4698416,-0.17093047,0.85458636,0.44516924,0.6451483,0.4802687,0.4061502,-0.23111895,0.19582592,0.60266715,0.49330294,-0.07072833,-0.68450665,-0.047300488,0.34859487,0.02967202,0.5550854,-0.076601155,123,4.0
0.05341821,0.3009143,-0.54376614,0.45083416,0.5443641,-0.8621146,-0.586239,-1.8039966,-0.21404919,-0.839628,2.0478306,1.9736998,-0.4915545,-0.5100795,-1.3998474,0.049893588,1.3364904,-0.37473273,-0.13750145,-0.33390975,0.47530648,-0.9791868,0.45800087,0.8219951,0.66433185,0.12406443,-0.93977135,0.021286132,0.37296543,-0.3009625,-0.16195987,-0.20105337,123,3.0
0.06339765,0.2711447,-0.51390237,0.38803965,0.28432155,-0.6970511,-0.59642583,-2.1078682,-0.28887758,-0.5301667,1.7055709,1.8973411,-0.3619908,-0.050122015,-0.9510124,-0.31758004,1.5024756,-0.074617475,0.6083464,0.114640564,0.06684865,-0.48210555,0.5407967,0.8446275,0.8972858,0.30932438,-0.44324124,0.13356066,0.059812445,-0.70892507,0.31722605,-0.52168494,123,1.0
-0.14087726,0.07950142,1.1665163,0.048449583,0.14036742,-0.25700644,-0.36885095,-0.091582984,-0.5028535,-0.5569893,1.3113942,1.1010838,-1.0052909,-1.1272471,-1.447306,-0.11456201,0.767348,0.47177485,0.54708546,0.35457894,0.401972,-0.28661886,0.16596374,0.526981,0.5426808,-0.08371569,-0.66568327,-0.08438706,0.4269173,0.046993412,0.48747408,-0.042433996,123,4.0
0.04945712,0.2877113,-0.5324711,0.42862034,0.52758694,-0.8365238,-0.58858544,-1.7732813,-0.19210169,-0.80174875,1.9413979,1.9203576,-0.45026997,-0.41561562,-1.2934644,0.042477746,1.3188357,-0.3759469,-0.10967942,-0.31554285,0.44394898,-0.95651764,0.47192198,0.8207839,0.68824995,0.1512475,-0.8439601,0.04055771,0.34526515,-0.32551497,-0.1299465,-0.21051815,123,2.0
0.052282866,0.2921663,-0.5259028,0.41534406,0.72440565,-0.9349532,-0.5520812,-1.570551,-0.14935881,-0.9684311,2.171303,1.8355699,-0.5448196,-0.78821546,-1.5643357,0.28939158,1.1271263,-0.5949333,-0.6032476,-0.6164512,0.7004481,-1.21312,0.39770365,0.80839777,0.50325394,-0.009875074,-1.1641996,-0.07597361,0.5265537,0.030329175,-0.43015754,-0.012674,123,3.0
-0.12350437,0.08254264,0.9912308,0.05239164,0.16687156,-0.22252788,-0.38346753,-0.13404274,-0.42833382,-0.5439663,1.1687571,1.2355964,-0.82904506,-1.0786339,-1.2031767,-0.06976252,0.6960508,0.29275617,0.48728073,0.32793432,0.44811574,-0.29499084,0.15569213,0.4934926,0.410344,-0.090893924,-0.66262645,-0.06412351,0.24032979,0.050743446,0.35098064,-0.053300664,123,4.0
0.026552573,0.30666688,-0.36632252,0.42343086,0.7571608,-0.92891383,-0.5838671,-1.488306,-0.18063702,-1.0518643,2.2927032,1.8953127,-0.6312711,-0.86692405,-1.6260538,0.33297533,1.1719978,-0.5880389,-0.55433637,-0.59235233,0.72230923,-1.2378268,0.39750418,0.8049864,0.5202932,-0.029976811,-1.2054465,-0.08053353,0.5387077,0.05770535,-0.38150978,0.020419277,123,3.0
-0.13491969,0.07894589,1.1012255,0.06466942,0.18809448,-0.33302578,-0.3796886,-0.022519961,-0.46841684,-0.5987276,1.3565288,1.3167323,-0.87929916,-1.1106287,-1.3532014,-0.022621775,0.69334364,0.32620704,0.4755265,0.35408282,0.46528903,-0.30104738,0.13713983,0.54224896,0.5421143,-0.06428607,-0.74291074,-0.07197235,0.35559225,0.07702343,0.41074187,0.013943762,123,4.0
0.058684137,0.27096978,-0.66101927,0.42198652,0.20278588,-0.7713491,-0.6417373,-2.3371053,-0.28765273,-0.4636742,1.7728443,2.0162864,-0.2871645,0.14791124,-0.92964244,-0.39763418,1.767322,-0.017562445,0.7605898,0.19653258,-0.08598148,-0.49179494,0.58638614,0.87132746,1.068335,0.40576893,-0.29277167,0.16318056,0.02377059,-0.93244815,0.41550624,-0.5974337,123,1.0
-0.015807584,0.18670438,-0.06405756,0.28086132,0.066224314,-0.54335946,-0.57574874,-1.6630738,-0.3791254,-0.42343092,1.5447267,1.7658539,-0.46840486,-0.17087731,-0.9809654,-0.40261036,1.4280487,0.23237729,0.85905343,0.40539485,-0.05638141,-0.31660977,0.45024168,0.7393558,0.92917824,0.29656693,-0.2763938,0.09313547,0.06967369,-0.6893615,0.606386,-0.50555223,123,1.0
0.06785203,0.2917283,-0.6687622,0.44878107,0.41282853,-0.8205618,-0.6210739,-2.0591009,-0.1979772,-0.65935034,1.8824211,1.9761387,-0.34866506,-0.1667514,-1.0833375,-0.09528081,1.4483744,-0.28865388,0.1935527,-0.16850702,0.26977354,-0.80129373,0.54293126,0.8562584,0.84094894,0.29084885,-0.5957698,0.12287269,0.24508587,-0.5565929,0.03548089,-0.3473118,123,2.0
0.04967952,0.2741063,-0.6309054,0.40072095,0.68867415,-0.8765391,-0.50618476,-1.4561076,-0.10865429,-0.9334741,1.8519065,1.7862461,-0.41501582,-0.61823606,-1.317938,0.2557779,0.98225933,-0.58722115,-0.55465066,-0.5961551,0.64361817,-1.1785698,0.37385985,0.74065757,0.35265017,-0.012501441,-1.0861479,-0.08626984,0.4614448,-0.021170821,-0.41502404,0.0021863878,123,3.0
0.06641465,0.28068134,-0.66696304,0.46230137,0.19970745,-0.8166933,-0.6586205,-2.439031,-0.3141095,-0.5246883,1.9418749,2.1791615,-0.3133775,0.10845618,-0.97370136,-0.40894043,1.8454255,-0.00892932,0.774434,0.20827855,-0.014710814,-0.4950021,0.63476235,0.967688,1.1171607,0.44023108,-0.34566647,0.17365628,0.076150805,-0.94756967,0.4118806,-0.5994707,123,1.0
0.026730362,0.26824173,-0.29908794,0.40733236,0.37146062,-0.7624645,-0.5953365,-1.8697388,-0.30560043,-0.6802501,1.893187,1.980175,-0.5032437,-0.37704408,-1.1864163,-0.15955634,1.4527627,-0.15762947,0.319141,0.0023499988,0.26110625,-0.67640424,0.49890405,0.87797785,0.85284597,0.24877605,-0.6529903,0.09067643,0.25249904,-0.48093194,0.1758666,-0.35625255,123,4.0
0.044464447,0.2904161,-0.4897142,0.42728245,0.6995533,-0.9230719,-0.57560563,-1.5688494,-0.16912805,-0.9733438,2.0649757,1.9211462,-0.54020107,-0.70959634,-1.496592,0.25140062,1.1327161,-0.5652088,-0.5232352,-0.5597409,0.6773707,-1.2375165,0.42105392,0.8038627,0.4930269,0.0012924112,-1.124664,-0.05814113,0.50533247,-0.025291508,-0.37106985,-0.028609913,123,3.0
-0.13664806,0.09669973,1.0472573,0.118679166,0.15295655,-0.3195647,-0.45619202,-0.30707154,-0.5449736,-0.572061,1.575696,1.3745825,-0.9936938,-1.1064924,-1.4764122,-0.15173668,1.010269,0.39721528,0.5906496,0.4583361,0.38421798,-0.36007112,0.2656742,0.6539763,0.54622257,0.0028296262,-0.7367484,-0.018677935,0.36696184,-0.048671313,0.5416524,-0.11204718,123,4.0
0.06965819,0.2619361,-0.715134,0.39357066,0.46080366,-0.7566885,-0.54993993,-1.8340244,-0.14387712,-0.6893966,1.7660269,1.7142664,-0.31375527,-0.17564683,-1.0219193,-0.027019834,1.2487333,-0.34653905,-0.0019926429,-0.26718795,0.2991823,-0.79561216,0.4775069,0.7960882,0.7117035,0.18726957,-0.6632849,0.07364645,0.25570393,-0.486156,-0.11203292,-0.2810077,123,2.0
-0.10987942,0.10876623,0.97213966,0.115517706,0.17580558,-0.36957616,-0.39704186,-0.29183125,-0.49091795,-0.5844389,1.345043,1.3179487,-0.90347314,-1.0564618,-1.3743654,-0.11810533,0.92099845,0.3147008,0.44098777,0.35767815,0.44850737,-0.3715245,0.22235586,0.60934174,0.5143053,-0.044731762,-0.695898,-0.0387951,0.3608767,-0.00506649,0.40429986,-0.04106477,123,4.0
-0.014124473,0.21658257,0.0829884,0.30466306,0.30712205,-0.6060378,-0.52698505,-1.2570975,-0.3396957,-0.58402926,1.596386,1.628651,-0.60827005,-0.5049328,-1.1884023,-0.16293845,1.2575202,0.02883488,0.47252178,0.17071588,0.26420033,-0.5835796,0.43471757,0.7681837,0.7303019,0.18894681,-0.5805086,0.038411107,0.2621297,-0.48847544,0.29001954,-0.25684005,123,1.0
-0.1380016,0.08944154,1.1847656,0.07505538,0.09591574,-0.29231697,-0.38858292,-0.12200945,-0.5449997,-0.5383186,1.3131713,1.1477108,-1.0348135,-1.1615536,-1.4604473,-0.20672931,0.855926,0.46706006,0.6227291,0.43650958,0.41617334,-0.25495133,0.15316714,0.53541386,0.47206387,-0.0670999,-0.6878068,-0.09201788,0.37215462,0.027322821,0.53481394,-0.060335014,123,4.0
0.050840363,0.27100095,-0.55916214,0.40370363,0.5399653,-0.8416236,-0.5132964,-1.5887662,-0.14130071,-0.79894453,1.7701336,1.7174733,-0.4147373,-0.49655712,-1.2465092,0.101147726,1.08749,-0.4309072,-0.2951986,-0.398746,0.5036436,-0.9874338,0.40943468,0.72722733,0.46916643,0.04789497,-0.9069193,-0.04196979,0.37673113,-0.18992709,-0.22776167,-0.12178722,123,3.0
0.018513389,0.24420498,-0.11298822,0.39812183,0.32864898,-0.7208213,-0.6083513,-1.7482896,-0.3985155,-0.704829,1.9323211,1.9791572,-0.5441091,-0.43968245,-1.2684522,-0.18232496,1.5119065,-0.059097864,0.4284498,0.13658577,0.29238725,-0.60522723,0.51135635,0.8803886,0.906616,0.31209692,-0.65969384,0.1385243,0.30948052,-0.48353553,0.30835405,-0.33008754,123,2.0
0.08084223,0.26591066,-0.70251584,0.44712067,0.1588017,-0.7235274,-0.61463803,-2.3279185,-0.28893852,-0.41821638,1.6934637,1.888506,-0.23695952,0.1775388,-0.8483591,-0.4002517,1.6801904,-0.029214943,0.8315616,0.23048049,-0.07944722,-0.39450783,0.5537164,0.8605685,1.06162,0.41214323,-0.3093668,0.13587576,0.011694472,-0.9595722,0.39312094,-0.6466134,123,1.0
0.03874735,0.281756,-0.36934346,0.44550133,0.6297632,-0.9076127,-0.60468686,-1.6392622,-0.25968495,-0.9453154,2.1928542,1.9746054,-0.5819849,-0.7258834,-1.574614,0.13932718,1.3771851,-0.4113255,-0.2834539,-0.3530149,0.59424424,-1.0808523,0.46030894,0.8893392,0.71472764,0.10357553,-1.0507323,0.013767824,0.51800144,-0.14562242,-0.16368385,-0.115318246,123,2.0
0.04212548,0.27164233,-0.59185845,0.3951856,0.8023016,-0.90400034,-0.47224787,-1.4157324,-0.09210851,-0.9636252,2.0483253,1.6743845,-0.5111629,-0.828763,-1.5212133,0.42964637,0.94858646,-0.69039524,-0.82096475,-0.7479607,0.78977776,-1.277865,0.33243597,0.7251778,0.37849826,-0.06790428,-1.1748229,-0.10544955,0.56077904,0.14040239,-0.53944767,0.08557589,123,3.0
0.07605052,0.18566947,-0.45534098,0.30838954,0.11234384,-0.5537461,-0.5196845,-1.8488938,-0.22563544,-0.28633636,1.3678399,1.5375564,-0.19610928,0.07301991,-0.64818263,-0.3338402,1.2676413,0.018084884,0.6183879,0.13906866,-0.062993266,-0.36828092,0.4935297,0.6734866,0.8574025,0.3614879,-0.1440358,0.12310102,0.0070599765,-0.6840748,0.31161344,-0.5215764,123,1.0
-0.040989757,0.19453628,0.36174035,0.28278458,0.1681602,-0.5681614,-0.5483761,-1.3010322,-0.46356493,-0.61991435,1.6639682,1.7940462,-0.7665342,-0.6375968,-1.2944019,-0.26747987,1.3498986,0.21638665,0.61478466,0.32220945,0.28883484,-0.39705968,0.37300134,0.7908273,0.79965603,0.16441412,-0.60862744,0.019419035,0.28109625,-0.3514228,0.44440454,-0.32585514,123,4.0
0.06578426,0.27845964,-0.64155626,0.4467119,0.124271974,-0.74252325,-0.67116153,-2.457384,-0.3170768,-0.4061054,1.8001351,2.0818493,-0.29318824,0.22009388,-0.91021276,-0.49201173,1.793738,0.05648221,0.96778613,0.35615808,-0.14764923,-0.36225814,0.6061532,0.9225855,1.167206,0.4253535,-0.24907415,0.13990715,-0.007417895,-1.0530487,0.52098995,-0.6743824,123,1.0
0.07853379,0.23757817,-0.6197098,0.42881274,0.15246484,-0.7004373,-0.5787096,-2.2933118,-0.30022585,-0.37116903,1.7208166,1.8802547,-0.2808775,0.24249978,-0.844525,-0.44751316,1.6599234,0.030543901,0.88532084,0.30506834,-0.15040264,-0.34745985,0.5164516,0.8206029,1.0612836,0.40746978,-0.29592848,0.14487877,-0.013957951,-1.0144515,0.4719733,-0.65558267,123,2.0
0.058350954,0.28447807,-0.6911569,0.3755831,0.849565,-0.9069632,-0.44613793,-1.3328254,0.018277695,-1.026459,1.8323075,1.642447,-0.5246583,-0.7816839,-1.5173652,0.5151957,0.7996807,-0.816604,-0.94780946,-0.88399726,0.8042832,-1.3832381,0.30340543,0.6293491,0.20293452,-0.13184556,-1.2392322,-0.1617705,0.5298665,0.22553575,-0.6954178,0.1507923,123,3.0
-0.12414938,0.09826012,0.921589,0.07919565,0.10810709,-0.31661773,-0.38458425,-0.38883254,-0.4274206,-0.4963024,1.3726636,1.2603731,-0.90364647,-1.0203001,-1.3796968,-0.18313092,0.85529953,0.43910384,0.60050154,0.38026938,0.33833414,-0.22455937,0.20555179,0.55394727,0.5339964,-0.060421575,-0.6144613,-0.09050982,0.318593,-0.057935156,0.513898,-0.11993748,123,1.0
0.05992007,0.2515081,-0.7140609,0.37268424,0.5455537,-0.74478525,-0.47565338,-1.6047937,-0.1020028,-0.7543477,1.6546172,1.5877435,-0.31823802,-0.29858363,-1.0825748,0.119430035,1.0571177,-0.46440288,-0.24470142,-0.41119507,0.412229,-0.89847296,0.4091292,0.7277683,0.5594318,0.11359696,-0.78645104,0.021530902,0.3011147,-0.28005034,-0.25217974,-0.15818202,123,2.0
0.06749274,0.2654494,-0.7090727,0.4238658,0.1918248,-0.71927565,-0.6099883,-2.2255669,-0.2338039,-0.42632076,1.6711041,1.9357896,-0.27098256,0.092080034,-0.8471986,-0.390248,1.6078081,-0.047946174,0.68047756,0.19665815,-0.033492014,-0.42643225,0.5738702,0.8722848,0.9602227,0.3571507,-0.3083921,0.1051694,0.051970575,-0.85483384,0.37988245,-0.56564844,123,2.0
0.07308357,0.24673949,-0.6902018,0.42011547,0.36865774,-0.75945604,-0.51090616,-1.8723489,-0.19280434,-0.573891,1.6798694,1.7271708,-0.2995199,-0.086693466,-0.98460364,-0.109844066,1.3058863,-0.2601354,0.15144405,-0.15467583,0.17921636,-0.7332196,0.45735386,0.753389,0.7459039,0.26169825,-0.6450649,0.10081755,0.19908784,-0.5553075,0.027036976,-0.37190002,123,2.0
0.06807975,0.28057614,-0.4952582,0.43841064,0.6863319,-0.8241764,-0.51832235,-1.4968257,-0.095463976,-0.9780467,1.9524119,1.7760519,-0.56285596,-0.66468126,-1.5836755,0.3129709,1.0006831,-0.5669745,-0.6598956,-0.61319727,0.6712765,-1.223627,0.39951378,0.7140901,0.32114515,-0.07705371,-1.1252096,-0.07022607,0.5317359,0.0706409,-0.449768,0.033442616,123,3.0
0.06294549,0.30205074,-0.67151463,0.43383473,0.6907656,-0.9363261,-0.59841746,-1.7147309,-0.1158299,-0.935269,2.0431132,1.8995252,-0.46560374,-0.56618303,-1.3861419,0.22667414,1.1488029,-0.6020489,-0.46530566,-0.59755486,0.6105093,-1.1933633,0.4440893,0.81523836,0.55432916,0.036411755,-1.048515,-0.035477832,0.43502146,-0.11632791,-0.4094633,-0.07969515,123,3.0
0.061962146,0.2559529,-0.61779034,0.38101256,0.53644204,-0.7962266,-0.54706377,-1.6704295,-0.13537687,-0.7494024,1.7365041,1.7717916,-0.35624522,-0.3537168,-1.1157148,0.10529524,1.1120745,-0.45195284,-0.24211681,-0.40941033,0.4514257,-0.9726489,0.40764144,0.74051964,0.5330356,0.094577804,-0.8275842,0.0017559296,0.32557,-0.24235372,-0.22882815,-0.1822685,123,2.0
0.032319617,0.26787868,-0.40240204,0.39857984,0.56087816,-0.81487155,-0.55068916,-1.5452194,-0.18356758,-0.833393,1.8979402,1.8314692,-0.50643975,-0.5573006,-1.3778516,0.11671354,1.170956,-0.3822005,-0.2392124,-0.3504435,0.5418592,-1.0197793,0.42723405,0.783747,0.57595706,0.07194979,-0.9140342,-0.0032468196,0.40811574,-0.1892172,-0.18451361,-0.1206704,123,3.0
0.041745543,0.23476173,-0.394408,0.36427683,0.28086972,-0.6708027,-0.5296741,-1.7652818,-0.30367061,-0.5160904,1.5434755,1.7559917,-0.4180857,-0.10267445,-0.9783735,-0.24681637,1.4272901,-0.07381733,0.49850363,0.07756254,0.13223541,-0.5610849,0.49882475,0.79840803,0.87823343,0.32920304,-0.43269366,0.15061149,0.19193836,-0.66558397,0.28056562,-0.40859646,123,1.0
-0.13480486,0.08672625,1.1569391,0.058646016,0.13415451,-0.30704355,-0.34830114,-0.006088391,-0.5488689,-0.56521606,1.3389912,1.2260067,-0.9293791,-1.139148,-1.3789091,-0.113411136,0.7904086,0.39507642,0.48235467,0.38534507,0.44243917,-0.29862714,0.17162932,0.55443424,0.48114917,-0.025867593,-0.70817834,-0.02827705,0.3902648,0.03322358,0.4725877,-0.0093197,123,4.0
0.046945296,0.263408,-0.45615757,0.39194638,0.29275435,-0.7126268,-0.58490753,-2.03812,-0.28496435,-0.5718221,1.7814897,1.9314792,-0.40049773,-0.164383,-1.0505854,-0.26062816,1.5239891,-0.075016856,0.520031,0.09089282,0.13486506,-0.52752286,0.54813397,0.8634976,0.898311,0.29346943,-0.5079351,0.12493377,0.14367613,-0.6723077,0.30646396,-0.4662248,123,2.0
-0.14691593,0.08165716,1.2092277,0.06921913,0.14281458,-0.29796985,-0.3982399,-0.05717468,-0.5673709,-0.5552873,1.372626,1.213757,-1.0122687,-1.1760044,-1.5043833,-0.14145304,0.84512013,0.46332076,0.5918885,0.43966097,0.4349047,-0.32761088,0.19304018,0.5806485,0.5169594,-0.058894318,-0.72771865,-0.055245772,0.3941886,-0.020216677,0.50476617,-0.031314813,123,4.0
-0.14363244,0.06653577,1.130205,0.01622301,0.14925814,-0.26226574,-0.34383148,-0.07749644,-0.45224324,-0.57161427,1.326351,1.109494,-0.9620812,-1.1291279,-1.3919165,-0.09186138,0.7226017,0.43447196,0.50971794,0.35866523,0.43644056,-0.25413582,0.13888603,0.5160299,0.51912993,-0.10333483,-0.6755667,-0.09858565,0.38522875,0.041954473,0.44123936,-0.034006305,123,4.0
0.065747455,0.2821954,-0.6685395,0.4664765,0.17084453,-0.8036556,-0.6659752,-2.5022974,-0.30519173,-0.47909257,1.8732365,2.1265266,-0.28752312,0.18767387,-0.89614964,-0.4585505,1.8777418,0.017463446,0.853601,0.267114,-0.07272392,-0.43357134,0.6519611,0.99682623,1.1638618,0.48569116,-0.26030847,0.19594312,0.02935044,-1.0189292,0.46555465,-0.6453088,123,2.0
0.04461929,0.27173033,-0.50443643,0.4308619,0.705699,-0.86534,-0.5285718,-1.4570057,-0.15356407,-0.92543525,1.9972657,1.7353534,-0.5516193,-0.80072975,-1.5242518,0.2990484,1.0982566,-0.5595101,-0.6016872,-0.57461965,0.6892359,-1.1170774,0.34933177,0.7366352,0.423468,-0.030560154,-1.1311535,-0.082637355,0.4904094,-0.0072002634,-0.44594646,-0.015378147,123,3.0
-0.15736783,0.08476271,1.1904539,0.053358816,0.12609428,-0.3244629,-0.36751896,-0.035216853,-0.5152614,-0.6181006,1.3774599,1.1692189,-1.0128622,-1.2308673,-1.4148413,-0.1647297,0.83080375,0.4170803,0.5331596,0.40061006,0.47366348,-0.28117573,0.15943494,0.56685174,0.46494082,-0.09560424,-0.72311383,-0.09519624,0.3763127,0.05231224,0.48630857,-0.021962777,123,4.0
-0.01672734,0.15245004,0.07020338,0.18133822,0.06743099,-0.37357363,-0.40470746,-1.1325729,-0.30149728,-0.28790432,1.0896152,1.3494954,-0.46669316,-0.18206525,-0.76339805,-0.35196242,1.045468,0.275251,0.74032027,0.3341953,-0.020591646,-0.23888794,0.33510605,0.59396243,0.69959265,0.17993416,-0.2347662,0.05285757,0.07696889,-0.4712957,0.520821,-0.38021952,123,1.0
0.07651741,0.28677797,-0.56675225,0.42647547,0.5893557,-0.7928489,-0.54066694,-1.5857042,-0.10542418,-0.81492686,1.8639072,1.7430913,-0.4597112,-0.4891524,-1.3478718,0.226052,1.0753082,-0.49769065,-0.45218828,-0.5162662,0.5448644,-1.0650765,0.42443693,0.72541904,0.47718826,0.042895645,-0.96268487,-0.0006290567,0.42864484,-0.100328565,-0.33347964,-0.07683942,123,3.0
0.050901007,0.27833596,-0.66682786,0.45126522,0.21455652,-0.76226395,-0.617137,-2.2968295,-0.2615223,-0.49531725,1.7837521,2.023227,-0.31248152,0.0012991093,-0.9506329,-0.3566271,1.6595148,-0.066391714,0.6367634,0.18344502,0.03840793,-0.4983868,0.605388,0.9224424,0.99067944,0.38424897,-0.39062962,0.15097696,0.102009825,-0.84713095,0.36830682,-0.53997415,123,1.0
-0.1505345,0.08154458,1.195853,0.068155244,0.1393385,-0.2915142,-0.37280136,-0.07612289,-0.54979706,-0.5781716,1.2847126,1.2045288,-1.0113705,-1.1691567,-1.3734502,-0.14715756,0.84712964,0.4178628,0.5472203,0.4375085,0.43697387,-0.25564253,0.17382091,0.5767023,0.46962738,-0.068298906,-0.6941755,-0.054199554,0.36728594,0.062151566,0.5093114,-0.035440523,123,4.0
0.046100944,0.28421918,-0.5451444,0.4299358,0.49032953,-0.84072953,-0.5990449,-1.8343223,-0.19552672,-0.76644087,1.9228106,1.9374893,-0.42434707,-0.3523512,-1.221018,-0.005573161,1.348909,-0.3553962,-0.03812983,-0.25691584,0.38868445,-0.9090418,0.49390775,0.83488405,0.7290706,0.18857044,-0.77160996,0.056541093,0.3146332,-0.3761176,-0.06934284,-0.25025153,123,3.0
0.015311902,0.2136121,-0.24468139,0.31383055,0.20002049,-0.5532053,-0.5156476,-1.5807086,-0.29931113,-0.3936401,1.396554,1.5667931,-0.41529265,-0.07183521,-0.85426426,-0.3395747,1.3316687,0.068527624,0.6233943,0.21682373,0.030090455,-0.37908912,0.44131243,0.731711,0.82725763,0.26337233,-0.3061628,0.1335296,0.09972801,-0.62096024,0.41771513,-0.45241624,123,1.0
0.044651262,0.26937652,-0.5616475,0.42304057,0.43062928,-0.81037635,-0.56980985,-1.8688146,-0.20818412,-0.6984973,1.8563254,1.8898399,-0.40142897,-0.28429532,-1.1700625,-0.08700297,1.3797858,-0.2618513,0.089154825,-0.15081394,0.32632673,-0.80220217,0.510772,0.834556,0.73714757,0.19386315,-0.712635,0.056952313,0.27650902,-0.48317188,0.009703882,-0.29068777,123,3.0
0.060755003,0.25809518,-0.34797323,0.39646363,0.3059845,-0.72632074,-0.63591313,-1.8999634,-0.2926365,-0.622109,1.8171118,1.9272602,-0.4338159,-0.21109217,-1.1229358,-0.24212518,1.4650756,-0.08136134,0.46900722,0.081468195,0.17232305,-0.5877453,0.5162666,0.8558612,0.9200488,0.31471336,-0.50385606,0.11288419,0.2175788,-0.5685496,0.27414346,-0.4178586,123,1.0
0.07650263,0.22213988,-0.55955285,0.37646806,0.15202685,-0.6447581,-0.64340603,-2.2327895,-0.26553413,-0.362443,1.5848844,1.8502847,-0.25853056,0.181862,-0.76020133,-0.40604314,1.5505165,0.008684561,0.681007,0.22965947,-0.09436769,-0.33112532,0.46530455,0.7773606,0.9979561,0.36842346,-0.17504272,0.13779241,0.017285146,-0.8593467,0.40387136,-0.6177624,123,1.0
0.06489519,0.22891945,-0.46474093,0.3733424,0.036133483,-0.6518067,-0.65327793,-2.312804,-0.3460206,-0.27309266,1.546192,1.9509845,-0.28918165,0.27455342,-0.76346064,-0.52263635,1.7511239,0.23615801,1.1466407,0.5133285,-0.273239,-0.18629284,0.5699094,0.8874528,1.2401564,0.5072066,-0.07321745,0.20767364,-0.11875093,-1.03254,0.7502707,-0.72600245,123,1.0
-0.098595954,0.10896602,0.93892354,0.10386121,0.19767103,-0.37327963,-0.35820442,-0.23074807,-0.5080472,-0.5409758,1.4709791,1.330393,-0.94588923,-1.0368878,-1.4234093,-0.12030541,0.91419226,0.37970054,0.42584574,0.3732111,0.43316224,-0.40968573,0.20866792,0.5937346,0.44296056,-0.0058842003,-0.67980164,-0.031892337,0.36433503,-0.048170857,0.4115333,-0.044233326,123,4.0
0.053972047,0.28154218,-0.5133346,0.41477656,0.47813955,-0.7846204,-0.57730764,-1.8877643,-0.2255669,-0.739805,1.8910408,1.8730788,-0.44623592,-0.33263096,-1.2014472,-0.06940323,1.3805301,-0.28689688,0.104017444,-0.18567118,0.35213193,-0.80418414,0.4980598,0.83725864,0.75343245,0.20791794,-0.7259985,0.07209304,0.27948013,-0.4570768,0.013200648,-0.3187459,123,2.0
0.07277825,0.27182904,-0.5646612,0.44645202,0.07342666,-0.72532415,-0.67066175,-2.4505072,-0.35052207,-0.36125955,1.8072232,2.0921147,-0.31364498,0.2507614,-0.91999626,-0.57861215,1.8525082,0.15712897,1.1011372,0.46294573,-0.22633788,-0.29177588,0.5855192,0.9023327,1.1780299,0.44653672,-0.18322816,0.14335069,-0.07313143,-1.113737,0.62142926,-0.73461694,123,1.0
0.07467994,0.25772142,-0.58920985,0.4202304,0.22113791,-0.7483082,-0.6453338,-2.1886778,-0.25704205,-0.5004612,1.7457528,1.953079,-0.31434804,0.09046201,-0.93760705,-0.34411964,1.5995221,-0.06518333,0.63514876,0.15100451,0.015488487,-0.50289047,0.5421269,0.8647262,1.0052142,0.3525132,-0.34978887,0.11278782,0.07277305,-0.8052601,0.30675828,-0.5475112,123,1.0
0.03780437,0.284501,-0.48518097,0.41177976,0.69001275,-0.9145406,-0.5364912,-1.4971546,-0.14543495,-0.9489399,1.964058,1.8051854,-0.53171504,-0.7451145,-1.5073414,0.2462622,1.043937,-0.55440784,-0.557401,-0.5592999,0.6731953,-1.1994122,0.3872796,0.72557706,0.42796502,-0.02998348,-1.1146003,-0.089126535,0.5087839,-0.0014122557,-0.35454708,-0.008574814,123,3.0
-0.12952629,0.05260117,1.0197018,0.0047569294,0.1435916,-0.20860544,-0.33343703,-0.015097283,-0.38457376,-0.46217403,1.1215938,0.9780843,-0.84531975,-1.0509117,-1.2480094,-0.07320809,0.5951112,0.34128562,0.4501992,0.327616,0.4313605,-0.22997236,0.117880374,0.4712121,0.39403903,-0.08485779,-0.653963,-0.0886531,0.30240014,0.021889787,0.36912185,-0.024490379,123,4.0
-0.16352643,0.08819483,1.204724,0.07825821,0.12176834,-0.32300463,-0.36333597,-0.0963345,-0.53262675,-0.5978071,1.3862858,1.2362248,-1.0257517,-1.2329736,-1.4097618,-0.17244546,0.8382605,0.39409187,0.54218334,0.4200922,0.4515687,-0.26576427,0.1641106,0.59367657,0.45393556,-0.0926273,-0.7375822,-0.081857055,0.36079893,0.06245897,0.50923485,-0.009301413,123,4.0
0.056711167,0.2016719,-0.5769881,0.31212413,0.4628957,-0.66869634,-0.39172226,-1.4175553,-0.09939645,-0.64637786,1.4589245,1.3528371,-0.33832532,-0.24831255,-0.92745805,0.088782854,0.8889414,-0.3818614,-0.1947361,-0.38114375,0.36176333,-0.827106,0.33519927,0.60667384,0.486405,0.077572465,-0.7606282,0.015865378,0.25504863,-0.25601774,-0.21737538,-0.17278677,123,2.0
0.07447567,0.22061855,-0.61245733,0.3765009,0.24776925,-0.6454535,-0.5752516,-2.0092876,-0.18383497,-0.41353008,1.4740449,1.6119653,-0.2738544,0.0647695,-0.7277552,-0.2935501,1.3581357,-0.11269677,0.41792962,0.034203354,0.036329497,-0.44816524,0.48197386,0.752972,0.88068503,0.32439417,-0.30481726,0.1280776,0.11747588,-0.6775697,0.1975298,-0.47005695,123,2.0
0.059311327,0.2648348,-0.503734,0.43002176,0.13665074,-0.70293415,-0.6438913,-2.226794,-0.31294063,-0.44576797,1.7725962,2.053801,-0.35159853,0.13297656,-0.96735847,-0.4442317,1.6853262,0.08135621,0.87358016,0.33456907,-0.08353997,-0.35633087,0.552773,0.8782578,1.063869,0.39050946,-0.3158449,0.13560474,0.02631894,-0.9087732,0.4909587,-0.59882385,123,2.0
0.072134376,0.25854897,-0.48533666,0.42765003,0.026895493,-0.68014157,-0.69825155,-2.4104393,-0.36271113,-0.37371585,1.7568766,2.11698,-0.33058888,0.2712309,-0.936231,-0.5957538,1.8653456,0.20758584,1.170899,0.54289395,-0.2425344,-0.2160646,0.59200656,0.90342945,1.1784574,0.44089293,-0.10238407,0.123463966,-0.09191559,-1.1108751,0.67872256,-0.7457672,123,1.0
0.060113717,0.27729326,-0.5710225,0.41216344,0.5786221,-0.8522788,-0.5263086,-1.6442734,-0.13861981,-0.8153992,1.9050497,1.6845316,-0.40245187,-0.4808616,-1.2550448,0.12906572,1.1242714,-0.49338266,-0.34372604,-0.4558551,0.5197474,-1.0017905,0.39819372,0.72427255,0.53308403,0.08136499,-0.9251033,-0.011723486,0.36925033,-0.17522441,-0.27791107,-0.124451056,123,3.0
0.053610384,0.31145284,-0.54588485,0.45795053,0.5529175,-0.88519853,-0.60943174,-1.8700016,-0.20334488,-0.8296865,2.0688212,2.0234456,-0.47473463,-0.47213688,-1.3920482,0.058495723,1.3933886,-0.4048276,-0.14254218,-0.32425284,0.48028305,-1.0038898,0.5041094,0.86539066,0.706353,0.15819211,-0.8751692,0.053236026,0.37972862,-0.3317176,-0.14603108,-0.20558862,123,3.0
0.054999866,0.24038501,-0.57579255,0.40472847,0.51312506,-0.7613316,-0.46235773,-1.5718218,-0.13265723,-0.71936595,1.704266,1.6512188,-0.40456724,-0.37349284,-1.1574166,0.089217715,1.0976422,-0.400803,-0.26946032,-0.36110413,0.4171276,-0.89517915,0.37540644,0.7056029,0.5239149,0.090758726,-0.90129834,7.6314434e-05,0.34216863,-0.27456897,-0.22954352,-0.17112711,123,3.0
-0.09752121,0.12534025,0.7262656,0.16021453,0.15812351,-0.41080502,-0.4542656,-0.6671134,-0.49034855,-0.56248885,1.5286362,1.4968005,-0.8288989,-0.8523457,-1.3449751,-0.1977593,1.050606,0.3300514,0.55205476,0.3835105,0.31657246,-0.39116502,0.29752883,0.6612734,0.63795984,0.06657652,-0.6312539,0.025060259,0.3192871,-0.16343135,0.48335433,-0.17255014,123,4.0
0.06797896,0.23562671,-0.5474247,0.413858,0.069378525,-0.58941513,-0.70756704,-2.3742554,-0.32923582,-0.31200373,1.6356311,1.8281318,-0.26788458,0.10587869,-0.68244517,-0.52818793,1.7016419,0.106668636,0.90552557,0.32476524,-0.18627226,-0.20721316,0.52784073,0.81640995,1.1615325,0.4737355,-0.08391387,0.17771035,-0.0015825517,-0.97921777,0.5587109,-0.67987555,123,1.0
0.05044017,0.27314988,-0.45041496,0.3852688,0.81825805,-0.84952307,-0.5109356,-1.4348205,-0.063044444,-1.0552512,2.0358827,1.6494285,-0.61683846,-0.96744925,-1.6670288,0.4262641,0.8980412,-0.7125888,-0.80764925,-0.77617055,0.81420094,-1.2429749,0.29211065,0.61185145,0.22477648,-0.18078303,-1.2333539,-0.16860944,0.5715138,0.20764025,-0.5641785,0.10152961,123,3.0
0.06365782,0.2800439,-0.59003305,0.43936086,0.56981623,-0.83207136,-0.56978714,-1.8082114,-0.18483846,-0.7894217,1.9602972,1.8478944,-0.45064446,-0.47434136,-1.3388258,0.0890853,1.3121464,-0.4164898,-0.1844916,-0.38386893,0.48145115,-0.95055705,0.47900346,0.82093656,0.647496,0.16410792,-0.8596404,0.043196518,0.3926678,-0.30342805,-0.20567198,-0.1881254,123,2.0
0.06225759,0.28715464,-0.48557556,0.46049702,0.5361017,-0.88840336,-0.61097515,-1.8837192,-0.2589878,-0.83801913,2.1057487,2.0387754,-0.4682585,-0.46832794,-1.3593758,0.013340088,1.4563092,-0.35183072,-0.027031437,-0.22803074,0.4471524,-0.9360269,0.5212906,0.9130002,0.8221652,0.24283008,-0.8682793,0.09143513,0.4212387,-0.364695,-0.03735564,-0.23717882,123,2.0
0.0801339,0.22404012,-0.48889518,0.37118065,0.15813534,-0.57180524,-0.5395244,-1.9310858,-0.22330868,-0.33237794,1.5461919,1.62783,-0.2668876,0.0491416,-0.75930476,-0.3151476,1.4081953,-0.015800454,0.641189,0.1547192,-0.051732503,-0.42983603,0.49580178,0.7714491,0.89770293,0.33774656,-0.1983531,0.1541309,0.04408264,-0.7604489,0.31486198,-0.47198534,123,1.0
-0.086450465,0.14620556,0.68330467,0.19257289,0.26373377,-0.4810546,-0.44934025,-0.6409242,-0.44516087,-0.626924,1.6365876,1.5490332,-0.84608734,-0.95607245,-1.4759369,-0.09696402,1.0552917,0.23118609,0.3327139,0.27384144,0.44798198,-0.52213955,0.29079598,0.6849907,0.5729536,0.03165357,-0.73697966,-0.010030825,0.38747156,-0.07004526,0.34096724,-0.08198106,123,4.0
-0.13721894,0.10044965,1.1250157,0.08555961,0.1513619,-0.31993628,-0.40697274,-0.23252326,-0.5352478,-0.5647007,1.442642,1.3298104,-0.9875697,-1.1477396,-1.4236287,-0.13969411,0.92080253,0.37408805,0.542258,0.4329664,0.41096202,-0.32748073,0.21531089,0.6151004,0.51043826,-0.042080406,-0.731042,-0.027019626,0.3560332,0.014595471,0.5007579,-0.051530167,123,4.0
0.050185695,0.26512358,-0.5652873,0.4080127,0.4860724,-0.82550377,-0.53217494,-1.6972989,-0.16202651,-0.75631875,1.8045151,1.7895457,-0.40144348,-0.38326734,-1.1969239,0.029551629,1.202873,-0.3610775,-0.13531238,-0.29558024,0.4301196,-0.91310036,0.45629203,0.77393913,0.58294857,0.111390725,-0.81432253,0.004671539,0.33815387,-0.31099308,-0.14156796,-0.19637151,123,3.0
0.05048016,0.24649881,-0.3742419,0.3942455,0.07069455,-0.64757746,-0.66668123,-2.1559348,-0.34732842,-0.3974377,1.6808182,2.0189638,-0.37133223,0.1452498,-0.93679285,-0.5184747,1.6979425,0.18287164,1.0175543,0.46604523,-0.14927927,-0.23502961,0.54607797,0.86157817,1.0929666,0.3987756,-0.19260278,0.11903032,-0.02376784,-0.95367026,0.6222247,-0.6440847,123,1.0
-0.017462313,0.21448077,0.17673527,0.2970875,0.3552657,-0.61652076,-0.5546649,-1.0952227,-0.36581105,-0.73558104,1.8432413,1.7507724,-0.7286743,-0.8147961,-1.4757425,-0.031799883,1.2087977,-0.020564547,0.17529069,0.019079547,0.47192347,-0.68984914,0.35320485,0.7546634,0.6340805,0.063276,-0.8564426,-0.002056893,0.39368495,-0.17341085,0.14539722,-0.15618089,123,3.0
0.05928166,0.27996853,-0.7351204,0.4712376,0.12323057,-0.7895571,-0.6787055,-2.5397935,-0.3059036,-0.39981592,1.8019611,2.1643398,-0.25616693,0.25038457,-0.8228638,-0.49475396,1.862013,0.035458602,0.9478342,0.33988035,-0.15055615,-0.41117793,0.6578303,0.9638617,1.1901801,0.5000392,-0.22638597,0.21649459,-0.0059256814,-1.0613478,0.545095,-0.67493784,123,2.0
-0.14245579,0.0675375,1.1724262,0.052412614,0.16073802,-0.29720846,-0.37769124,-0.03813237,-0.48646554,-0.5103542,1.2919862,1.1692683,-0.9127996,-1.1316986,-1.4273751,-0.09298957,0.69669706,0.3834865,0.48372313,0.36825728,0.4241977,-0.27051634,0.14719033,0.5624242,0.5146227,-0.047819536,-0.70112604,-0.07052882,0.381207,-0.020290907,0.4376647,0.00057785213,123,4.0
0.047447935,0.23159216,-0.6412524,0.36845285,0.6627709,-0.8301398,-0.39243445,-1.2709413,-0.05419424,-0.8472009,1.652231,1.4585725,-0.40356347,-0.6244043,-1.2401153,0.32948598,0.83608556,-0.6046654,-0.75459296,-0.67480195,0.6730664,-1.1617781,0.26494944,0.59447026,0.23869823,-0.07509421,-1.0522019,-0.10101957,0.43883148,0.039892003,-0.5285161,0.03258449,123,3.0
0.06174738,0.24846871,-0.571862,0.40176553,0.17756775,-0.64629644,-0.6173091,-2.1290522,-0.30346203,-0.3534359,1.5066007,1.8204074,-0.29484564,0.1968749,-0.8110447,-0.40871713,1.6025966,0.022810213,0.70621467,0.22245896,-0.086515464,-0.367162,0.53871495,0.80741423,1.0308024,0.38148028,-0.2319664,0.185319,0.010819994,-0.8672619,0.39384925,-0.59684515,123,1.0
0.06447736,0.26232588,-0.5259731,0.43276483,0.12512958,-0.7858502,-0.7132016,-2.4108727,-0.34286642,-0.42680055,1.8518882,2.0912783,-0.36979994,0.17340362,-0.85312855,-0.5485857,1.8288174,0.102454275,0.99347675,0.38617226,-0.1759327,-0.3298865,0.592199,0.9749297,1.2192265,0.4279142,-0.22709015,0.12652957,-0.036450777,-1.0227256,0.6123902,-0.7003682,123,1.0
0.057844184,0.2709857,-0.69896984,0.4488834,0.28783357,-0.803108,-0.59776694,-2.205297,-0.23405755,-0.55197793,1.8443002,2.000916,-0.3108304,-0.022059012,-0.9676285,-0.27403933,1.6175209,-0.14730188,0.44263464,0.061798822,0.1153307,-0.60893285,0.58872914,0.8961311,0.9219298,0.34943596,-0.46167037,0.11800916,0.14667891,-0.75107294,0.23465544,-0.46997565,123,2.0
0.061563678,0.25786486,-0.5871066,0.42674404,0.2967652,-0.7565868,-0.60092765,-2.1168795,-0.24515516,-0.5522117,1.7970431,1.9423378,-0.33376962,-0.10911907,-0.9774369,-0.2344934,1.5144951,-0.13213938,0.4903875,0.0013651811,0.14619225,-0.6259973,0.52264744,0.85191387,0.9189424,0.33979487,-0.46514305,0.12815365,0.16660582,-0.7282038,0.20015478,-0.43599373,123,1.0
-0.14565276,0.08320965,1.1013248,0.07425984,0.118055396,-0.24499999,-0.35003722,-0.06638854,-0.43881702,-0.54354364,1.2534657,1.1666445,-0.89690113,-1.127259,-1.2085813,-0.12675819,0.7109648,0.3319715,0.50315005,0.35306072,0.40978855,-0.25708762,0.14212869,0.5394856,0.42148393,-0.084383294,-0.70242,-0.065597296,0.29297665,0.05943943,0.42458266,0.0048299655,123,4.0
0.042783216,0.2839792,-0.44964117,0.42711872,0.5749694,-0.8471808,-0.5753854,-1.6645787,-0.19558786,-0.8431752,2.0000112,1.8982784,-0.5048176,-0.55560887,-1.4063119,0.10676029,1.247563,-0.4022818,-0.22604495,-0.3532519,0.52889466,-1.0400348,0.450834,0.81603444,0.62116486,0.10505381,-0.9205697,0.01782498,0.4147381,-0.21821469,-0.18014063,-0.13947871,123,3.0
0.055446617,0.26496854,-0.66431266,0.39074302,0.6635752,-0.8427079,-0.44324112,-1.4353693,-0.08472165,-0.8631886,1.8183311,1.595836,-0.42942676,-0.6153247,-1.3454717,0.3103813,0.90379804,-0.6055112,-0.68502575,-0.66688186,0.6473978,-1.1957618,0.33561695,0.66495574,0.333474,-0.034903843,-1.0643792,-0.06911661,0.4486284,0.011680584,-0.50199604,0.0022296458,123,3.0
-0.013873949,0.21547075,0.114286914,0.33367282,0.43728933,-0.7000971,-0.5435881,-1.2220867,-0.3589998,-0.7531901,1.8522137,1.7400616,-0.66801906,-0.73028487,-1.4475701,-0.0183579,1.2170281,-0.08928998,0.14898273,0.008233357,0.47525147,-0.7373946,0.40567705,0.81047463,0.69999623,0.13144955,-0.78944635,0.016488872,0.404871,-0.2600671,0.12251018,-0.14760998,123,2.0
0.052579183,0.26658258,-0.47007585,0.42458695,0.6316009,-0.8617794,-0.54072976,-1.5976464,-0.21561648,-0.8839639,1.9798467,1.8415253,-0.5099676,-0.6465501,-1.407501,0.15928404,1.2478899,-0.4434393,-0.31857172,-0.39564502,0.5955829,-1.060354,0.43926892,0.8379431,0.6902868,0.13277729,-0.98532,0.04095123,0.49744436,-0.19997068,-0.2149073,-0.10790585,123,2.0
0.029560309,0.2571274,-0.35388935,0.38757372,0.72574764,-0.8754488,-0.50772095,-1.3521445,-0.20016645,-0.94869006,2.0487552,1.7602503,-0.57797194,-0.8687091,-1.5613315,0.27814355,1.0952065,-0.5041876,-0.5505504,-0.53022635,0.73289806,-1.1492624,0.37336037,0.7879097,0.5097127,-0.0140865445,-1.0976894,-0.07298969,0.53061455,-0.0099430755,-0.35873562,0.025258973,123,3.0
0.07895513,0.2940062,-0.7119115,0.46075785,0.34774733,-0.8017633,-0.64224625,-2.2091186,-0.22326723,-0.5559295,1.8838539,2.0091517,-0.29821488,-0.010853396,-0.973433,-0.21593697,1.6126662,-0.21200159,0.4226311,-0.040044826,0.14435668,-0.68958217,0.5901637,0.9094376,0.9558682,0.39073086,-0.43177393,0.16865319,0.16363457,-0.7322704,0.16389596,-0.45143503,123,1.0
-0.03296301,0.16739824,0.17680135,0.23329957,0.1624955,-0.4635963,-0.50381505,-1.2660698,-0.36171612,-0.4056722,1.3515235,1.4208775,-0.58126175,-0.36759683,-0.94377625,-0.28234768,1.1708541,0.1947439,0.72621745,0.35074246,0.1312125,-0.316504,0.39278427,0.67990875,0.7730616,0.20365909,-0.37697166,0.12338882,0.14078456,-0.4977005,0.4882105,-0.35730094,123,1.0
0.047225147,0.26332816,-0.38798356,0.4187073,0.3509515,-0.71604735,-0.55042315,-1.7905178,-0.2823887,-0.5894869,1.689963,1.8190546,-0.46392778,-0.2323685,-1.1254025,-0.19251315,1.4565399,-0.112098075,0.33169907,-0.0016921014,0.20570359,-0.6148952,0.5087947,0.8562372,0.9017058,0.288839,-0.5614897,0.11981662,0.2572408,-0.56751513,0.2126211,-0.39441818,123,1.0
0.06172398,0.22194849,-0.66474736,0.3639567,0.499668,-0.7223234,-0.42574263,-1.5228673,-0.12484974,-0.6878434,1.5939584,1.4757216,-0.3517943,-0.26930326,-1.0632441,0.104377076,0.9842986,-0.4060561,-0.2114301,-0.37368393,0.361357,-0.8886803,0.36750007,0.66601104,0.5163227,0.11982174,-0.7864599,0.029161181,0.29377016,-0.25958043,-0.20634808,-0.17370808,123,3.0
0.042582653,0.2746506,-0.53995466,0.4097545,0.37872332,-0.7624022,-0.5734957,-1.9080745,-0.24401319,-0.64196205,1.8478127,1.9404513,-0.37820762,-0.19944377,-1.1079758,-0.12363594,1.409924,-0.19533278,0.24980757,-0.09574039,0.24971217,-0.7676136,0.52024275,0.8248838,0.8181859,0.25801617,-0.57684505,0.114395395,0.22946976,-0.55620456,0.08098016,-0.3437171,123,3.0
0.06205526,0.26341316,-0.7045831,0.4296804,0.19010437,-0.74596155,-0.58980006,-2.2823336,-0.26246583,-0.4131025,1.7276915,1.9525211,-0.24515924,0.17917699,-0.84060144,-0.37963766,1.7098442,-0.0306906,0.7376775,0.17954628,-0.06191016,-0.46794325,0.60094935,0.8814006,1.0223767,0.4136887,-0.29947066,0.18666604,0.03609726,-0.9167382,0.3859836,-0.56954896,123,1.0
0.030638412,0.2914745,-0.72010875,0.432006,0.8554464,-0.94550455,-0.5014136,-1.4111197,-0.06508982,-1.0751283,2.0340314,1.7847599,-0.5022719,-0.8700367,-1.5078727,0.4271157,0.9616998,-0.74613345,-0.8212428,-0.79827374,0.78386426,-1.3480289,0.33425388,0.72234464,0.29062593,-0.10267545,-1.2933755,-0.1472595,0.5548206,0.11863555,-0.6108809,0.115048975,123,3.0
0.049074486,0.24654059,-0.46205133,0.38632488,0.29987383,-0.7336484,-0.6152587,-1.8969126,-0.24296957,-0.5939323,1.7307695,1.8380766,-0.3889754,-0.14318499,-1.0096498,-0.20009781,1.4006282,-0.12596092,0.37330574,-0.016144823,0.16154385,-0.6212576,0.48427653,0.81527096,0.87640595,0.26278752,-0.5057446,0.0766629,0.16660458,-0.5789262,0.1696885,-0.4153905,123,2.0
0.080372505,0.18767935,-0.5393503,0.33450902,0.12718184,-0.5502436,-0.51145947,-1.9418794,-0.2138246,-0.28569722,1.4305406,1.5824641,-0.1693675,0.12952499,-0.62943375,-0.33271518,1.3807124,0.04436791,0.63682675,0.12554477,-0.08069966,-0.33663774,0.5189536,0.6907572,0.9423679,0.4227074,-0.17731532,0.16418341,0.04078728,-0.7780235,0.29720825,-0.52817535,123,1.0
-0.13633965,0.086566046,1.1198825,0.08954428,0.14754878,-0.30958173,-0.4048981,-0.18633375,-0.5122553,-0.5569855,1.5077959,1.297834,-0.9712337,-1.1928262,-1.4494917,-0.1444537,0.9015282,0.34270525,0.5133919,0.4371997,0.440805,-0.32398888,0.21147224,0.6070441,0.49778792,-0.02038541,-0.7278935,-0.007216075,0.39798364,0.021545686,0.50063187,-0.04583077,123,4.0
0.05816402,0.26047176,-0.5629219,0.40220726,0.30324864,-0.71628475,-0.5685599,-1.9284645,-0.22623128,-0.5511428,1.7176588,1.8540515,-0.3410868,-0.098236814,-1.0154837,-0.19972162,1.3921425,-0.13940296,0.36616853,-0.02107992,0.128477,-0.5891652,0.46299988,0.773549,0.8288949,0.2416741,-0.5969816,0.097756416,0.16039951,-0.62630874,0.15069199,-0.42131037,123,2.0
0.08842516,0.22661543,-0.5670423,0.37544394,0.20371217,-0.5966532,-0.5796105,-1.9141775,-0.22362667,-0.46179795,1.5869939,1.6542957,-0.20657815,0.052649453,-0.78042734,-0.29783916,1.3452826,-0.043328516,0.48901835,0.03621834,0.023098566,-0.47376907,0.48399073,0.755899,0.8860407,0.32166454,-0.31251314,0.12826726,0.1484404,-0.68834734,0.22074698,-0.44045204,123,2.0
-0.14064355,0.09284988,1.1337276,0.052137204,0.22049281,-0.3515386,-0.43878868,-0.25005862,-0.48865005,-0.6637496,1.5136391,1.3714126,-1.0365274,-1.0741088,-1.5413209,-0.050438568,0.91866493,0.44695753,0.55157393,0.41465086,0.48882106,-0.30386204,0.21132226,0.6257301,0.77613074,-0.057718564,-0.71606636,-0.087595105,0.43819547,-0.08219929,0.48055595,-0.046021044,123,4.0
0.07073314,0.2866883,-0.66293246,0.42312896,0.28727347,-0.7364021,-0.6141707,-2.254856,-0.27865988,-0.5411369,1.796343,1.9545691,-0.3181199,0.00871318,-0.970865,-0.30474615,1.6136795,-0.095234975,0.6147702,0.08370195,0.060501304,-0.52126473,0.58576083,0.8784474,0.9505864,0.35592303,-0.4329559,0.15819734,0.084203854,-0.79592574,0.31171858,-0.544031,123,1.0
-0.1404669,0.09091696,1.2412206,0.0751746,0.16329145,-0.28537673,-0.40096787,-0.057966717,-0.5874542,-0.58709425,1.3429428,1.2011281,-1.0574362,-1.1296964,-1.5538057,-0.12789732,0.8880347,0.48867294,0.5960901,0.43341994,0.45835853,-0.3225007,0.21319726,0.5827218,0.56899077,-0.047193196,-0.6939603,-0.049225997,0.43818358,-0.008749838,0.5040011,-0.046855822,123,4.0
0.05275152,0.27027345,-0.6187267,0.433123,0.0846453,-0.7527319,-0.66125154,-2.4692836,-0.34086516,-0.37273407,1.7537317,2.081566,-0.27246147,0.22637641,-0.86029685,-0.5460592,1.9091473,0.12050682,1.0446018,0.384496,-0.20292935,-0.34119928,0.6222393,0.92113787,1.1824679,0.4783486,-0.17906317,0.18741545,-0.053156767,-1.1200236,0.59803724,-0.6989599,123,1.0
0.041552905,0.2639567,-0.4958452,0.4090466,0.29106322,-0.74871635,-0.5947651,-2.0192742,-0.2745701,-0.5843126,1.8130074,1.9923879,-0.37814066,-0.119681425,-1.0415555,-0.2504509,1.5383435,-0.087081835,0.4614942,0.05990914,0.1484401,-0.618432,0.5533743,0.8600609,0.93156904,0.3296172,-0.47173977,0.13602349,0.1737701,-0.6641127,0.24608773,-0.4273603,123,3.0
0.050422143,0.28511575,-0.7040724,0.39948756,0.7425102,-0.902896,-0.49222088,-1.4927832,-0.03790184,-0.9508465,1.8076795,1.7431198,-0.43526295,-0.654628,-1.3945514,0.34079275,0.95372987,-0.69561553,-0.7469931,-0.7068138,0.6897933,-1.2661788,0.36466247,0.7218955,0.31691545,-0.05126931,-1.1617116,-0.096449405,0.4802426,0.044063322,-0.5333319,0.036358304,123,3.0
0.047215868,0.256522,-0.49249184,0.3984846,0.16648418,-0.6728928,-0.6055797,-2.1425557,-0.29451993,-0.41487655,1.7320563,1.9431906,-0.34641606,0.05908502,-0.8446301,-0.37976807,1.5608116,0.017132178,0.73149556,0.23909321,-0.054507382,-0.37111038,0.5058492,0.8501893,0.98698837,0.3796034,-0.29588562,0.15103835,0.04693736,-0.78328675,0.44755703,-0.5634152,123,1.0
0.06607718,0.24106751,-0.57056785,0.36820543,0.2849527,-0.62361103,-0.492725,-1.7773403,-0.19098276,-0.5198726,1.5953046,1.609577,-0.21752465,-0.120169125,-0.80968094,-0.15252437,1.1907606,-0.09989113,0.25887263,-0.13924904,0.1352855,-0.6024231,0.48841077,0.6924466,0.79557407,0.30327228,-0.4749969,0.09001002,0.22545336,-0.58837503,0.03004504,-0.32606333,123,2.0
0.06520364,0.28247198,-0.6360931,0.418608,0.41185835,-0.7688505,-0.5799695,-2.0232832,-0.22522533,-0.657152,1.8116192,1.8646486,-0.36704147,-0.17251031,-1.068143,-0.1555122,1.4609278,-0.23322544,0.27889138,-0.10241015,0.2335419,-0.69454503,0.5278009,0.8452143,0.8140712,0.26160187,-0.60391515,0.102164954,0.19784294,-0.59463143,0.11074516,-0.40836418,123,2.0
0.041246343,0.2928772,-0.6348769,0.39210838,0.8452342,-0.96471,-0.43915227,-1.2954081,-0.05893611,-1.0330336,1.9667989,1.6478558,-0.5288521,-0.9553123,-1.611865,0.4912862,0.843704,-0.7713125,-1.0221361,-0.91179305,0.8939302,-1.4708,0.26675266,0.6625246,0.19179597,-0.16070999,-1.3236179,-0.1800439,0.5685941,0.26608282,-0.6935733,0.16341622,123,3.0
0.05343878,0.29364878,-0.56111246,0.4428935,0.57508945,-0.8624459,-0.5752836,-1.6820714,-0.1823591,-0.84637135,1.9672273,1.8536342,-0.47183216,-0.5674481,-1.3615917,0.13470405,1.2295036,-0.45427474,-0.31838748,-0.43115163,0.5107544,-1.018156,0.4262193,0.78647256,0.58362514,0.09202671,-0.96985173,-0.0065579014,0.39097652,-0.19517864,-0.25191712,-0.14837557,123,3.0
0.052731358,0.27091172,-0.6617697,0.44031018,0.32829565,-0.78297675,-0.57846755,-2.1061647,-0.20570193,-0.5710925,1.8021376,1.9489696,-0.33478963,-0.10025923,-0.9863795,-0.21770795,1.5232989,-0.18967158,0.3254093,0.004772708,0.17612882,-0.6447363,0.5726729,0.8878234,0.8634376,0.32278457,-0.51074356,0.11782975,0.18455312,-0.6650084,0.17467093,-0.4194432,123,2.0
-0.14839402,0.10796668,1.1659054,0.08959358,0.10432984,-0.32179713,-0.4009485,-0.1819302,-0.47106847,-0.5855971,1.3942652,1.3627518,-0.96209574,-1.2241361,-1.4046198,-0.15763669,0.84398645,0.39260903,0.57734853,0.40548822,0.43259743,-0.25455266,0.15200943,0.5737542,0.49416864,-0.11833303,-0.74730605,-0.10483116,0.30840987,0.024127617,0.47741336,-0.018888615,123,4.0
0.057427753,0.28269646,-0.6905445,0.44909745,0.22413321,-0.78223103,-0.6321663,-2.3375661,-0.28243235,-0.4698952,1.8215911,2.0765555,-0.29227617,0.1321432,-0.9019215,-0.36773115,1.7473806,-0.05267804,0.71200836,0.17297405,-0.025533214,-0.53968495,0.6291511,0.9196873,1.0666246,0.43881,-0.3018946,0.20035821,0.06396244,-0.90765435,0.37483925,-0.562493,123,2.0
0.06332675,0.27175823,-0.6096731,0.42113447,0.12937118,-0.738075,-0.635991,-2.4063852,-0.3129568,-0.37366638,1.6630439,1.9788932,-0.27450687,0.26540563,-0.80870616,-0.46995857,1.8040606,0.0898283,0.9443015,0.33371878,-0.18262517,-0.3321268,0.6128949,0.93021345,1.1898654,0.48437396,-0.20487124,0.20465979,-0.040572207,-1.01465,0.547627,-0.67785126,123,1.0
-0.14071573,0.07396123,1.2013165,0.06324594,0.14930362,-0.26649034,-0.37484422,-0.05667757,-0.5264939,-0.57256544,1.3951586,1.1305318,-1.0105206,-1.1757478,-1.5036244,-0.12130014,0.81141025,0.4385351,0.53698,0.38481486,0.4423977,-0.30907884,0.17739052,0.5607958,0.53219736,-0.061281253,-0.69425654,-0.04488516,0.4339245,0.03914184,0.48545492,-0.020539675,123,4.0
0.046219487,0.23917077,-0.5198336,0.38718313,0.572656,-0.8095319,-0.4543977,-1.387136,-0.07047881,-0.8176426,1.6715989,1.4440039,-0.45972872,-0.41275433,-1.0988369,0.19133101,0.97046566,-0.48933795,-0.42769465,-0.47121346,0.572312,-1.0376325,0.30803475,0.6375953,0.29818693,-0.017462615,-0.94112813,-0.06833771,0.36446333,-0.12208356,-0.2764362,-0.044139266,123,3.0
-0.13789259,0.08654101,1.1111096,0.071892776,0.12574431,-0.2880279,-0.37267396,-0.22428915,-0.48450664,-0.5615605,1.3403106,1.181542,-0.99053204,-1.1589584,-1.4464755,-0.16002066,0.8283601,0.44627753,0.5738987,0.4064433,0.41104385,-0.23498094,0.16989093,0.54566115,0.5012543,-0.09883967,-0.6871564,-0.07888078,0.34639978,0.022838619,0.49868673,-0.085835055,123,4.0
-0.15442295,0.07189436,1.1774563,0.034897596,0.12296878,-0.28696012,-0.36862007,-0.058196485,-0.5023843,-0.54831535,1.3487382,1.1705358,-0.9737139,-1.1817923,-1.4523262,-0.13230371,0.75999415,0.43306857,0.54529583,0.3934845,0.444223,-0.27201262,0.15610158,0.56610465,0.50021654,-0.08074266,-0.7141869,-0.08711073,0.3877426,0.0015007183,0.4824953,-0.015552096,123,4.0
0.06468414,0.2762513,-0.5880227,0.43825454,0.044532597,-0.70624685,-0.6981707,-2.4912255,-0.3366143,-0.35883227,1.8038926,2.135886,-0.31082928,0.20949207,-0.8955655,-0.5987543,1.8273815,0.15499026,1.1301178,0.47827402,-0.24778458,-0.2416349,0.6028221,0.9259828,1.2148994,0.44344905,-0.12291461,0.10673156,-0.036402207,-1.1272731,0.6953337,-0.7290929,123,1.0
0.0546652,0.28160322,-0.6404194,0.3689136,0.6182219,-0.8292591,-0.49164435,-1.5373917,-0.107320026,-0.8057258,1.741424,1.7088042,-0.39570886,-0.40584406,-1.2692273,0.19916531,1.0419115,-0.55256677,-0.36005837,-0.50288874,0.52605295,-1.0571238,0.404991,0.7284806,0.465745,0.05693459,-0.9493606,-0.0050864327,0.36146867,-0.15473944,-0.32046223,-0.10169713,123,3.0
0.029005017,0.26053837,-0.46661752,0.38898253,0.6432114,-0.8437923,-0.42303514,-1.2773719,-0.059302397,-0.9177159,1.739149,1.5067776,-0.49180025,-0.6258463,-1.3139192,0.3178782,0.8580612,-0.5585946,-0.7181985,-0.59125304,0.73200315,-1.2016326,0.2713526,0.6105868,0.1535564,-0.14437835,-1.1229813,-0.12819546,0.41499346,0.06362825,-0.46603775,0.044530883,123,3.0
0.08199739,0.2818505,-0.6464006,0.43890238,0.54465663,-0.8837381,-0.5716121,-1.8429304,-0.14449947,-0.8199117,1.9901917,1.9142832,-0.39890102,-0.46362635,-1.2602284,0.049382858,1.264899,-0.43400007,-0.19526723,-0.36395514,0.43814704,-0.975471,0.48394662,0.8602672,0.70670813,0.1593816,-0.84034824,0.027432743,0.38331538,-0.3016678,-0.1418738,-0.22626124,123,1.0
0.0507427,0.29499403,-0.55613416,0.4374472,0.62241715,-0.89451283,-0.57016164,-1.6820251,-0.18037143,-0.9079675,2.053076,1.9535075,-0.49286795,-0.5600296,-1.4186642,0.16112018,1.2487077,-0.4868333,-0.33342418,-0.45834514,0.58445084,-1.1233574,0.4630496,0.8350293,0.6168412,0.08865431,-0.9723193,0.0029544262,0.44338793,-0.17085071,-0.28420454,-0.1140728,123,2.0
0.075947285,0.30393338,-0.6900182,0.46646422,0.40166265,-0.85872906,-0.62543195,-2.1317563,-0.21364588,-0.69337976,1.9838537,2.0326,-0.37650487,-0.18175186,-1.1926265,-0.13319798,1.5298486,-0.281842,0.1878142,-0.1696936,0.24795258,-0.8048868,0.55540526,0.8999685,0.8669262,0.29168084,-0.67772293,0.11093554,0.24875043,-0.58978415,0.027166616,-0.38229644,123,2.0
0.07125785,0.27386937,-0.6143404,0.4570173,0.09363907,-0.7561535,-0.66462433,-2.5047047,-0.3463603,-0.42110962,1.8460264,2.0889878,-0.29130694,0.24077226,-0.91211236,-0.55070144,1.9105906,0.10461438,1.0670416,0.4080474,-0.17226192,-0.34741163,0.61459255,0.9363149,1.1869051,0.44812423,-0.22373603,0.14191636,-0.056999836,-1.1157696,0.5629219,-0.7137738,123,1.0
-0.13341837,0.0813569,1.1138316,0.06224709,0.12600417,-0.29478574,-0.39181232,-0.08183072,-0.51977456,-0.5236173,1.3385899,1.253653,-0.93349075,-1.1656723,-1.3882912,-0.13965149,0.81291187,0.3804148,0.51496226,0.3954426,0.41580018,-0.34017688,0.2046751,0.5748296,0.47490957,-0.03142367,-0.7208681,-0.020476794,0.36860946,0.008833688,0.49625129,-0.033286847,123,4.0
-0.15774535,0.09854373,1.2316343,0.058291517,0.12655911,-0.29900834,-0.3934141,-0.10622029,-0.53835595,-0.60332817,1.3841248,1.2225804,-1.0566071,-1.2357693,-1.5249429,-0.16638687,0.90985507,0.47187343,0.58208215,0.41727155,0.45878422,-0.28830594,0.20051344,0.61178035,0.5175879,-0.08706808,-0.72842646,-0.082703896,0.40972164,0.008294396,0.5069839,-0.037687186,123,4.0
0.07097618,0.29018787,-0.67834395,0.44012797,0.43022338,-0.83379924,-0.5988982,-1.9977702,-0.1936552,-0.69858325,1.8827173,1.9370154,-0.35197958,-0.1959142,-1.1419898,-0.07679252,1.4000164,-0.31347787,0.10582895,-0.2162646,0.27307257,-0.82074136,0.5067382,0.8271643,0.7996166,0.24340788,-0.71067685,0.082121685,0.2472012,-0.49324644,-0.027626649,-0.3455611,123,2.0
0.057255846,0.28336835,-0.53334785,0.40366983,0.5858637,-0.8236289,-0.53174955,-1.6438172,-0.15022686,-0.80675036,1.8953149,1.7438399,-0.45981076,-0.50349665,-1.3453963,0.11301014,1.1406311,-0.43705043,-0.26753637,-0.40436232,0.511703,-1.0143071,0.43307367,0.7481654,0.5478883,0.08245077,-0.90055203,-0.015775466,0.3918198,-0.21777001,-0.20651846,-0.14817616,123,3.0
0.07188537,0.28639704,-0.715072,0.458924,0.103921786,-0.73065186,-0.67159295,-2.5238504,-0.31049487,-0.3834929,1.8426372,2.1186278,-0.2706604,0.22763324,-0.89185464,-0.50772566,1.835247,0.06243296,0.9947482,0.3812273,-0.19141692,-0.35402644,0.613168,0.9339137,1.1535646,0.4439851,-0.19458432,0.14643359,-0.005504191,-1.0660666,0.5743727,-0.6887638,123,1.0
0.05606068,0.24743141,-0.5616375,0.39541215,0.09864602,-0.6999598,-0.60261357,-2.2778656,-0.32399404,-0.33727393,1.6234694,1.940078,-0.28500438,0.2267785,-0.79174554,-0.47030297,1.7652305,0.122310564,0.9785488,0.37781262,-0.17102283,-0.32640833,0.61024433,0.8838615,1.1339796,0.46632263,-0.16427645,0.20649275,-0.04160915,-0.9943528,0.5840635,-0.63896066,123,1.0
0.058803562,0.28589803,-0.5620782,0.35573828,0.15311812,-0.63403416,-0.63674444,-2.3802776,-0.36329794,-0.35165167,1.6471939,1.9449184,-0.27873003,0.17740871,-0.8485607,-0.4757222,1.6956705,0.07087694,1.016636,0.30340865,-0.13791144,-0.33384958,0.6094816,0.8290698,1.0138881,0.36618182,-0.24387759,0.17062059,-0.081304416,-0.99402034,0.52991563,-0.6637435,123,1.0
-0.13104519,0.056103718,1.0776496,0.05602002,0.15442067,-0.27213123,-0.36406487,-0.04762487,-0.45734528,-0.47366148,1.2523717,1.171557,-0.86332583,-1.1087177,-1.3328537,-0.03304804,0.6170236,0.3391009,0.43476737,0.31896394,0.41101605,-0.30066112,0.1267908,0.5708423,0.46522477,-0.046664078,-0.6507912,-0.05996595,0.3470167,0.013738703,0.41594994,-0.0040607713,123,4.0
0.018262824,0.22197118,-0.08274602,0.35961127,0.26280063,-0.5887225,-0.51051545,-1.5108883,-0.32715362,-0.4913483,1.6499856,1.6754293,-0.5577014,-0.4080546,-1.2326317,-0.24717617,1.3428292,0.090259835,0.50210494,0.20395686,0.19319528,-0.45768118,0.46077484,0.83782655,0.8415373,0.24221553,-0.4993457,0.09067539,0.24735789,-0.5060758,0.36390465,-0.38063622,123,1.0
0.07014713,0.30369446,-0.6656066,0.45520484,0.7347252,-0.97672975,-0.58300054,-1.734777,-0.12176341,-0.9831185,2.180748,1.9357872,-0.4883933,-0.7067743,-1.5274673,0.2837103,1.1800094,-0.6338732,-0.58996195,-0.642579,0.6676134,-1.2616019,0.44000465,0.8585316,0.5671168,0.047393337,-1.1461426,-0.042834647,0.5244455,-0.038060695,-0.4384063,-0.04348724,123,3.0
0.06549953,0.27776787,-0.7123154,0.43762487,0.3130962,-0.77971834,-0.6019607,-2.150786,-0.20958036,-0.49707827,1.7374929,1.91515,-0.2719211,0.044877306,-0.9413996,-0.22894311,1.5871134,-0.18593898,0.42573902,-0.019007588,0.07588211,-0.6434215,0.5677638,0.8601607,0.9000234,0.33227175,-0.4484789,0.15491515,0.14271477,-0.73215103,0.18686235,-0.45152897,123,1.0
0.043406866,0.24901472,-0.39166093,0.38073426,0.2535038,-0.6683868,-0.5949203,-1.8184586,-0.29980692,-0.50897604,1.5862406,1.7943696,-0.37350485,-0.06791761,-0.9166026,-0.324026,1.4909124,-0.036787845,0.5619877,0.14135395,0.07906292,-0.5088261,0.50540245,0.8009409,0.90960664,0.3407626,-0.39087933,0.16830081,0.16666831,-0.6754542,0.36169767,-0.42971766,123,1.0
0.07260892,0.27602792,-0.7038779,0.4221115,0.5536533,-0.8358518,-0.5042445,-1.7447574,-0.10376926,-0.7583451,1.7415824,1.671757,-0.33721274,-0.32471508,-1.1587086,0.095997885,1.1365515,-0.47626883,-0.25829244,-0.39729893,0.4480718,-0.9705354,0.4291752,0.72593814,0.5445191,0.11912438,-0.81578696,0.006053048,0.32881874,-0.28855407,-0.24147178,-0.1855069,123,3.0
0.0336381,0.26527557,-0.25347,0.36857527,0.6240921,-0.8493579,-0.55675673,-1.3315079,-0.22929505,-0.88671315,1.9288709,1.8032907,-0.5673256,-0.76295424,-1.5253396,0.2130069,1.0502322,-0.42687824,-0.36407065,-0.43716377,0.6629771,-1.1302179,0.3792118,0.746718,0.49582192,-0.0022065416,-1.0665294,-0.052554302,0.47838926,-0.02197613,-0.26482683,-0.01277617,123,3.0
0.06275878,0.24898751,-0.66692185,0.38960576,0.29654086,-0.7174001,-0.58869326,-2.070834,-0.17033315,-0.4907464,1.6065603,1.7825063,-0.24646194,0.06076484,-0.8106924,-0.2443716,1.3935852,-0.18852443,0.36226934,-0.0128425695,0.080240555,-0.54694974,0.49561614,0.8090805,0.90431243,0.3245606,-0.34947425,0.13557819,0.10701212,-0.70692927,0.16441053,-0.45673776,123,1.0
0.0750869,0.2802406,-0.6977353,0.4358486,0.12739642,-0.68637615,-0.6668155,-2.4039493,-0.28315815,-0.3669518,1.7210772,2.0340238,-0.25892925,0.2103166,-0.85325813,-0.4809637,1.7174137,0.039692983,0.9502764,0.34065405,-0.17021206,-0.33067322,0.59263265,0.8870432,1.1009015,0.40392494,-0.19827618,0.11873383,-0.012755688,-1.0248008,0.5301466,-0.6737782,123,1.0
0.07325552,0.25784338,-0.7140899,0.4113375,0.43100643,-0.79095876,-0.513691,-1.8588853,-0.1738578,-0.6549315,1.7319976,1.7227983,-0.33805013,-0.16002741,-1.060859,-0.043896213,1.2310176,-0.32266802,0.038675666,-0.24119166,0.26681814,-0.7982375,0.43966267,0.75626916,0.71423244,0.20319232,-0.7026908,0.07229259,0.23382136,-0.4540745,-0.071662486,-0.32187253,123,3.0
0.07507532,0.2937268,-0.6460449,0.462896,0.38817963,-0.8245888,-0.63072866,-2.0796995,-0.22969094,-0.6405976,1.8987427,1.9866753,-0.36455655,-0.1509038,-1.099606,-0.09990455,1.4922997,-0.27608252,0.2098962,-0.1276186,0.22971094,-0.7532442,0.55764115,0.8905727,0.8875982,0.3146406,-0.61684865,0.14514732,0.24033076,-0.5573731,0.05162372,-0.3709963,123,2.0
0.018261954,0.2631731,-0.20822497,0.39316314,0.41002616,-0.7621342,-0.5768652,-1.70568,-0.30890906,-0.75130266,1.953679,1.9492162,-0.5623505,-0.51587516,-1.3251263,-0.09181071,1.4078221,-0.14493829,0.16598813,-0.06406842,0.38488734,-0.7526085,0.49598208,0.85914737,0.7774803,0.17848666,-0.7874514,0.054005086,0.3393638,-0.39253062,0.112687126,-0.25798425,123,2.0
0.04067013,0.23619549,-0.5359135,0.35736966,0.6672496,-0.799328,-0.39674887,-1.2887638,-0.08257761,-0.8659093,1.6829205,1.4920942,-0.46389532,-0.65297794,-1.311997,0.31582364,0.85166264,-0.5840945,-0.71019566,-0.6373749,0.6642372,-1.1190982,0.28340667,0.60978425,0.28128916,-0.09323768,-1.0849245,-0.10030849,0.44074935,0.051669307,-0.5023656,0.02870199,123,3.0
0.06252504,0.2940622,-0.6445222,0.4490888,0.71256196,-0.9351979,-0.5773152,-1.6317166,-0.103962004,-0.94290745,2.020544,1.8593704,-0.49029875,-0.6617247,-1.5166838,0.31939596,1.1037499,-0.63270605,-0.6373371,-0.63886625,0.6949319,-1.1956285,0.4065967,0.7925224,0.4760611,0.027035998,-1.0816839,-0.047868878,0.4919524,-0.020443954,-0.4697669,-0.0112099275,123,3.0
0.064183146,0.26931012,-0.5163398,0.3673885,0.26127404,-0.6671899,-0.602018,-2.1072936,-0.29191688,-0.5043818,1.6799428,1.8530971,-0.32087559,0.019241052,-0.9415873,-0.33107144,1.5496763,-0.041242775,0.6984675,0.13151139,0.042463344,-0.45435452,0.56214404,0.810318,0.92219454,0.31679302,-0.39255795,0.14743012,0.051296033,-0.78948355,0.3526122,-0.5470493,123,2.0
0.059967164,0.28164205,-0.6305545,0.42318296,0.6993121,-0.91750664,-0.52919155,-1.5510666,-0.118682876,-0.9185196,1.9400852,1.800592,-0.47409633,-0.6174228,-1.3896328,0.24340998,1.1451323,-0.5820596,-0.5098469,-0.5806654,0.6166132,-1.1951185,0.39907032,0.7784145,0.5176098,0.046018004,-1.0532134,-0.03085495,0.47978166,-0.09766515,-0.3663041,-0.059263602,123,2.0
0.06724041,0.2940976,-0.78748894,0.4646948,0.3240121,-0.8254392,-0.63395184,-2.280123,-0.21613336,-0.5455269,1.8671899,2.0639908,-0.27582455,0.06692946,-0.9451765,-0.24756554,1.6446105,-0.2002192,0.44955945,-0.011540493,0.097846575,-0.69121474,0.60767245,0.90867794,0.9769014,0.3875123,-0.42311373,0.17357379,0.14419405,-0.7800754,0.19353049,-0.48070592,123,2.0
0.07324349,0.2884949,-0.7321754,0.44662273,0.4121981,-0.83443815,-0.60733294,-2.073599,-0.18141998,-0.6319128,1.8486621,1.9252458,-0.31615812,-0.09391976,-1.0888467,-0.095485166,1.4816134,-0.30631936,0.15016319,-0.19146004,0.22253901,-0.79178905,0.54631835,0.8555347,0.8473229,0.28002083,-0.62213665,0.1238633,0.22514409,-0.56856656,0.010419734,-0.36641234,123,2.0
-0.14155985,0.09162967,1.1649461,0.085014656,0.13132636,-0.30393606,-0.42602655,-0.17626934,-0.5734911,-0.57042354,1.3595686,1.2935233,-1.0428946,-1.1648083,-1.4801282,-0.17779908,0.9214204,0.44289142,0.61432517,0.4619564,0.4325418,-0.2962133,0.20574424,0.5984817,0.5155468,-0.047305275,-0.7248417,-0.05160105,0.3697213,0.009540398,0.5405722,-0.07052587,123,4.0
0.043116707,0.28065568,-0.47534174,0.42909688,0.21424821,-0.7466216,-0.6228902,-2.2347627,-0.3315423,-0.5572047,1.9005497,2.0547435,-0.40395737,-0.11488144,-1.0513731,-0.34475392,1.6843789,-0.017609425,0.68708354,0.19053221,0.051056508,-0.4854741,0.573459,0.9220876,1.0153133,0.35767388,-0.44871062,0.1377416,0.13820927,-0.77081436,0.41178745,-0.52874434,123,1.0
-0.13748074,0.098432526,1.1715771,0.08481839,0.15593323,-0.34973097,-0.42273936,-0.21731678,-0.580762,-0.6078206,1.4691017,1.3790143,-1.053643,-1.2162956,-1.5621656,-0.1590588,0.9877818,0.414327,0.5683213,0.44911087,0.46392262,-0.32265326,0.22236513,0.6464888,0.5509087,-0.05600659,-0.7757038,-0.04974454,0.3902601,0.008267898,0.511921,-0.05470022,123,4.0
0.050370723,0.27420443,-0.49842668,0.40557206,0.47453442,-0.7804495,-0.561793,-1.77172,-0.2020878,-0.73762876,1.8293087,1.8853952,-0.44804138,-0.37889972,-1.2259947,-0.002724111,1.305661,-0.30362558,0.016101822,-0.2369396,0.3847351,-0.86356866,0.48389465,0.83279425,0.7316715,0.18661086,-0.74278945,0.06868516,0.3221301,-0.37859315,-0.061975986,-0.24778481,123,3.0
-0.07038672,0.13359436,0.78873307,0.1709019,0.1700257,-0.38453522,-0.4575642,-0.59692574,-0.50979006,-0.5807837,1.3869168,1.4102136,-0.8618039,-0.943343,-1.3856981,-0.19944073,1.0764999,0.3405337,0.5857822,0.40474054,0.33821884,-0.27012083,0.2927527,0.6727103,0.62760854,0.05149898,-0.6522825,-0.024860004,0.32178822,-0.168662,0.4912172,-0.19306238,123,4.0
-0.111445196,0.104620576,1.0199795,0.10969424,0.18438195,-0.35072267,-0.4168679,-0.2095572,-0.5279367,-0.58849216,1.4974223,1.2907203,-0.969373,-1.1095622,-1.5364513,-0.111641444,0.96418524,0.35254344,0.4679103,0.3796295,0.45879707,-0.41817933,0.21659209,0.6096263,0.50443757,-0.025478799,-0.7657487,-0.02862817,0.42009732,-0.0016993154,0.4337657,-0.022593576,123,4.0
0.044113725,0.26694962,-0.46741128,0.4111904,0.22613162,-0.7560004,-0.64472544,-2.1332917,-0.29794323,-0.5654818,1.8552372,2.0147307,-0.38024783,-0.06779934,-1.0450723,-0.33701974,1.6265717,-0.026179718,0.63316846,0.14244986,0.05708165,-0.5417597,0.53925383,0.8741326,1.008723,0.33227926,-0.45828885,0.10027021,0.12708662,-0.76072323,0.3500132,-0.51272285,123,1.0
0.06685405,0.2626972,-0.67163885,0.39896345,0.5776291,-0.82253945,-0.50931686,-1.6689061,-0.14213373,-0.7837953,1.797165,1.6817892,-0.3834232,-0.40074188,-1.1817672,0.077740364,1.1507379,-0.4404877,-0.21815056,-0.41751677,0.44549948,-0.9570245,0.4121712,0.6886372,0.5468298,0.10298838,-0.828099,-0.010764711,0.34448087,-0.24229774,-0.16219953,-0.18127985,123,2.0
0.0735902,0.2918219,-0.7747398,0.45863765,0.43067843,-0.8616397,-0.60257107,-2.120034,-0.17413142,-0.68602264,1.9015094,1.9782689,-0.30692747,-0.10778572,-1.0712774,-0.097629376,1.4643422,-0.34418035,0.12937,-0.2184505,0.2588474,-0.82804894,0.54497194,0.85844886,0.8470036,0.28576222,-0.6226642,0.118457444,0.2502813,-0.5542674,-0.01586736,-0.3696646,123,1.0
0.07391216,0.2915716,-0.7123947,0.46121454,0.31226924,-0.828156,-0.6274972,-2.2730749,-0.24854848,-0.58469105,1.9300271,2.0586972,-0.3003602,0.018788429,-1.0150495,-0.25875992,1.6608561,-0.17172664,0.46841392,0.012521073,0.114399046,-0.6540058,0.59957266,0.91525453,0.9990202,0.3892273,-0.46359184,0.16168547,0.15538375,-0.7685696,0.20677611,-0.4889819,123,1.0
0.07825215,0.26898912,-0.58353996,0.41526568,0.5578244,-0.77229714,-0.53039765,-1.6345594,-0.10332982,-0.7476779,1.7905658,1.7179645,-0.41580102,-0.4077122,-1.2544179,0.1578323,1.1166024,-0.45751324,-0.3318263,-0.44824156,0.47688746,-0.979896,0.44279832,0.73028314,0.5077307,0.079790115,-0.8789161,0.023377996,0.39301172,-0.18352355,-0.2689582,-0.122913666,123,2.0
-0.055079468,0.16229421,0.4461189,0.22926237,0.26224566,-0.5097331,-0.5119383,-0.9100896,-0.42430285,-0.62272894,1.6939019,1.6496209,-0.7568718,-0.8126521,-1.3835455,-0.122879915,1.1217825,0.1581159,0.3732915,0.21904206,0.38259664,-0.5369428,0.31435746,0.69148993,0.63868845,0.07149906,-0.7305732,0.00083236676,0.34624472,-0.17285067,0.34719992,-0.15913513,123,1.0
0.050857317,0.2867205,-0.66881156,0.46325898,0.25235865,-0.8279397,-0.65376306,-2.3434927,-0.28608802,-0.5351882,1.8932796,2.097627,-0.3210007,0.020217372,-1.0146618,-0.32537594,1.7210052,-0.08519076,0.61351836,0.09774543,0.02223774,-0.5955616,0.59554106,0.91419184,1.0189283,0.36738756,-0.41471758,0.1663154,0.12537412,-0.8305714,0.31034243,-0.5413319,123,1.0
-0.14691801,0.088406,1.189377,0.07727917,0.13333413,-0.3064169,-0.42101818,-0.16695999,-0.5522425,-0.58128643,1.5029861,1.3051153,-1.0153989,-1.1931086,-1.5268073,-0.14191046,0.9477202,0.42782193,0.58952296,0.45653364,0.42257193,-0.3313721,0.22926143,0.623159,0.51836795,-0.046129752,-0.7523819,-0.029980527,0.37813446,0.015745781,0.52812886,-0.057790086,123,4.0
-0.10330662,0.0965202,1.0313172,0.12609026,0.16584587,-0.34624478,-0.42263648,-0.13278344,-0.51657987,-0.5409928,1.5060894,1.3046485,-0.9269062,-1.0492803,-1.4919473,-0.14298196,0.87191284,0.35803792,0.49432445,0.3824348,0.42064095,-0.42470717,0.21509247,0.6168219,0.49193662,-0.022256333,-0.70796126,-0.028244397,0.41421822,-0.06124861,0.4539684,-0.014830522,123,4.0
0.072846115,0.28804058,-0.6683942,0.3972968,0.22037798,-0.6864174,-0.6252834,-2.3263805,-0.28804958,-0.43543428,1.7328595,1.9497297,-0.28322572,0.14012644,-0.87069774,-0.38037628,1.6657143,-0.020043455,0.8116677,0.19732073,-0.059638284,-0.41372204,0.58302575,0.8651285,1.0012369,0.37528762,-0.30038494,0.16065389,0.00091406703,-0.89452136,0.43724686,-0.6220932,123,1.0
-0.1417874,0.07357672,1.2006714,0.06847042,0.13325405,-0.30680588,-0.39963672,-0.05620315,-0.56505156,-0.55361724,1.4058061,1.2365174,-1.0119768,-1.1858526,-1.5127933,-0.13881056,0.8669917,0.442296,0.54021573,0.43971172,0.4425326,-0.34137636,0.18467791,0.59074754,0.5011124,-0.059210893,-0.7361729,-0.037389927,0.40328193,0.022346165,0.5113446,-0.008830432,123,4.0
-0.064673305,0.15403537,0.6371628,0.20430999,0.22321835,-0.4683845,-0.47264978,-0.7999464,-0.48609903,-0.6132981,1.4676651,1.4852549,-0.83666635,-0.8352842,-1.3581609,-0.18043455,1.1188115,0.23971096,0.4947933,0.29144838,0.376515,-0.40144068,0.308297,0.6984959,0.6499553,0.070985675,-0.66243017,-0.003433873,0.342084,-0.18073747,0.3866691,-0.19469829,123,4.0
-0.13534676,0.0895129,1.1019269,0.07092732,0.14325523,-0.25295487,-0.41022003,-0.20143619,-0.51262534,-0.5235408,1.2963097,1.2470521,-0.9521133,-1.0909997,-1.2711555,-0.155243,0.8613502,0.4041619,0.5821396,0.4462197,0.36826244,-0.24780653,0.21526562,0.5882984,0.50588965,-0.017930526,-0.67865443,6.00107e-05,0.34380165,0.01672063,0.53784144,-0.075442575,123,4.0
-0.14103831,0.07974516,1.1527656,0.04918403,0.12423891,-0.28578553,-0.37251097,-0.06717596,-0.53671956,-0.5694579,1.2922472,1.1740012,-0.9596039,-1.133946,-1.3128166,-0.14421801,0.76351494,0.41425332,0.5610422,0.4109918,0.41163534,-0.2717689,0.16986299,0.5422717,0.4654991,-0.07664783,-0.6927532,-0.043061323,0.3361215,0.04050929,0.5099345,-0.029947791,123,4.0
0.07666666,0.30308384,-0.71709794,0.39022833,0.21138003,-0.670031,-0.6511885,-2.4385002,-0.32330424,-0.4022664,1.7116632,1.9908564,-0.2546131,0.23594128,-0.8294858,-0.42652726,1.7509242,0.029958546,0.9538915,0.2760097,-0.116066255,-0.36419904,0.624124,0.8728115,1.066925,0.40044442,-0.23476237,0.19365719,-0.064777836,-1.0090344,0.51858515,-0.6718348,123,1.0
0.06592165,0.20349862,-0.49195135,0.38358134,0.21916056,-0.62328136,-0.55244505,-1.8723855,-0.20915969,-0.371484,1.5645821,1.7082297,-0.27809143,0.18307108,-0.7846023,-0.30034274,1.399589,-0.05373914,0.5936514,0.15323634,-0.04591182,-0.3423093,0.42270455,0.70625454,0.8818779,0.31254086,-0.40939003,0.10257314,0.08720922,-0.80301857,0.33779258,-0.5052313,123,2.0
0.06536477,0.28744563,-0.60430956,0.42119604,0.69238406,-0.8395072,-0.51219624,-1.449146,-0.06629568,-0.93224615,1.9375485,1.6947829,-0.4973436,-0.6620379,-1.5410312,0.3839622,0.9055712,-0.61828053,-0.75331324,-0.70012414,0.6819363,-1.2563703,0.3524708,0.6778696,0.3289955,-0.0687619,-1.1166562,-0.0760909,0.52144665,0.12932645,-0.5230179,0.05558954,123,3.0
0.041712977,0.2727157,-0.48466587,0.40973568,0.36976966,-0.75831354,-0.5654789,-1.9195735,-0.24691719,-0.6560176,1.8401983,1.8707398,-0.42299613,-0.28080827,-1.1095228,-0.16144769,1.4712728,-0.19088262,0.25540915,-0.060806267,0.26640022,-0.67084634,0.506124,0.8593787,0.7926717,0.2398724,-0.632618,0.0756239,0.23706453,-0.53370255,0.12369319,-0.36393255,123,2.0
0.0425588,0.24077456,-0.54781485,0.3777355,0.6111249,-0.8039188,-0.40096027,-1.3056574,-0.08332728,-0.86647695,1.6572766,1.4656292,-0.43724418,-0.56453586,-1.2304147,0.27294025,0.8585615,-0.5321244,-0.645084,-0.57508594,0.63629216,-1.1272225,0.2866711,0.6132847,0.26705432,-0.06778428,-1.0183219,-0.078470714,0.41680768,0.0013433527,-0.4352839,-0.0036868267,123,2.0
-0.010056059,0.20729858,0.15216863,0.28107595,0.4502994,-0.663738,-0.47714382,-0.9677509,-0.31291178,-0.75286525,1.652284,1.6055428,-0.6539968,-0.8154543,-1.4359543,0.0884414,0.9969656,-0.15535307,-0.08617229,-0.14211312,0.5778522,-0.8391506,0.33176795,0.68809545,0.51091194,0.0013174787,-0.8943337,-0.035101973,0.45206612,-0.038693715,-0.03344217,-0.03084154,123,3.0
0.059915338,0.25513995,-0.5983523,0.41596252,0.116206765,-0.71892786,-0.63796306,-2.3642411,-0.30461338,-0.36863056,1.670687,2.041711,-0.2850392,0.22962138,-0.79421747,-0.48707843,1.7965828,0.092377976,0.955849,0.34817505,-0.15857619,-0.33888817,0.62199616,0.9221501,1.1680795,0.50744456,-0.15918311,0.20697656,-0.033226725,-1.0022229,0.5784687,-0.6609959,123,2.0
0.052569933,0.28440514,-0.6083386,0.4257635,0.5850955,-0.8816591,-0.5495336,-1.6877714,-0.13632873,-0.8305378,1.8698049,1.8554028,-0.42295092,-0.47805268,-1.3208894,0.11752913,1.1627208,-0.46168783,-0.29002085,-0.43092158,0.509728,-1.057787,0.43103954,0.7611871,0.5204792,0.051677443,-0.9593956,-0.03236076,0.36643642,-0.22193,-0.25711465,-0.12669288,123,3.0
0.064032465,0.26916212,-0.6288805,0.43365812,0.3316936,-0.7659525,-0.56921315,-2.0485785,-0.22605383,-0.5690058,1.7154351,1.8600087,-0.30357558,-0.035404496,-0.98424244,-0.16775924,1.4827223,-0.17536445,0.37160903,-0.028032586,0.13859114,-0.6334291,0.5309013,0.86955327,0.9171994,0.3335324,-0.51655984,0.16124111,0.17314097,-0.61426646,0.13938464,-0.4219852,123,1.0
0.06873073,0.29040548,-0.66783386,0.45446914,0.6781078,-0.8906697,-0.57491106,-1.6836486,-0.12465589,-0.8899773,2.0202267,1.8298098,-0.4557391,-0.57876825,-1.4383705,0.24695484,1.1551226,-0.5685208,-0.515747,-0.5743574,0.63038677,-1.1372507,0.43286127,0.7772514,0.48511764,0.0658578,-1.0076085,-0.014231166,0.4849856,-0.10289443,-0.39573914,-0.07397459,123,3.0
0.05819909,0.24945106,-0.67821085,0.33371884,0.6605257,-0.7440731,-0.428997,-1.3714797,0.0030639954,-0.8089817,1.5562888,1.497304,-0.397193,-0.4728703,-1.1836982,0.30488077,0.8131414,-0.60665023,-0.5782298,-0.63710433,0.5555872,-1.0581554,0.32254338,0.63259387,0.2841154,-0.04329678,-0.983049,-0.095632814,0.3743527,-0.018078685,-0.4877336,0.025631636,123,2.0
0.07272207,0.28134495,-0.70707214,0.4538659,0.40666804,-0.85365653,-0.6032021,-2.1205814,-0.20804396,-0.68847704,1.9720633,1.9743106,-0.33108455,-0.14073281,-1.0681413,-0.12686771,1.5079519,-0.2868916,0.1997343,-0.17271742,0.2695844,-0.784883,0.547408,0.8770087,0.8703587,0.3117287,-0.62418306,0.11842806,0.2558558,-0.5901022,0.040076613,-0.37490398,123,2.0
0.055915475,0.27134937,-0.6794127,0.43093014,0.27538362,-0.776748,-0.60399073,-2.204163,-0.23986676,-0.51725113,1.7933435,2.0056548,-0.2944823,0.055401176,-0.9432634,-0.29168615,1.594948,-0.1101494,0.54587233,0.074086934,0.064698175,-0.588753,0.58366567,0.870631,0.98041517,0.37807253,-0.3918877,0.15797064,0.11228725,-0.8007337,0.27285695,-0.4991989,123,1.0
0.033581503,0.23831125,-0.7561958,0.3753326,0.7616029,-0.7778212,-0.4595247,-1.2542851,-0.03654831,-0.96099204,1.6919913,1.5188701,-0.4731084,-0.86915207,-1.3761814,0.41083422,0.75490814,-0.628796,-0.7667134,-0.71812993,0.67330205,-1.1752634,0.18578269,0.52869815,0.18996786,-0.09374218,-1.1637936,-0.18326429,0.51916564,0.17397654,-0.49256963,0.088546336,123,2.0
-0.10451832,0.119159415,0.96432203,0.10330786,0.1864163,-0.34452087,-0.39707848,-0.26646617,-0.49370942,-0.5872169,1.4199303,1.2658523,-0.9599329,-1.1381742,-1.5369021,-0.12537116,0.93721634,0.32880107,0.4548267,0.32271937,0.45891342,-0.39890987,0.23193541,0.6227331,0.47276938,-0.050232004,-0.76788723,-0.05762056,0.3947352,-0.01751207,0.3938884,-0.047846742,123,4.0
-0.072452754,0.144075,0.57143503,0.20101362,0.20493178,-0.45553297,-0.5031054,-0.8847233,-0.45191318,-0.5848961,1.5904284,1.5815929,-0.7787682,-0.79658586,-1.3480284,-0.18106104,1.1491917,0.25600576,0.5303123,0.34144518,0.3217527,-0.40830952,0.33324707,0.70656145,0.69025725,0.091911316,-0.653862,0.020973371,0.30766,-0.22284295,0.4514792,-0.2019424,123,4.0
0.03983305,0.2542542,-0.4355104,0.39694983,0.2121225,-0.7271439,-0.6160528,-2.091817,-0.30436143,-0.51755077,1.7875177,1.9994922,-0.38081914,-0.06457296,-1.0464969,-0.35342804,1.6067029,0.008652136,0.66541594,0.21973705,0.05510682,-0.47414988,0.5635509,0.87572837,0.9940396,0.33592823,-0.39278403,0.11878363,0.1053694,-0.78836036,0.39154762,-0.49790233,123,1.0
0.054457888,0.27794614,-0.47483838,0.42532408,0.30136698,-0.7585761,-0.63152605,-2.084449,-0.29398948,-0.6134601,1.8921425,2.0110197,-0.40262243,-0.13116416,-1.1482482,-0.23930988,1.5702498,-0.09405069,0.49644122,0.0712609,0.16051298,-0.61202776,0.5472875,0.8876939,0.9470988,0.3131407,-0.51324236,0.12627268,0.16744319,-0.6862016,0.24595502,-0.44852018,123,2.0
-0.012060971,0.19259368,0.16253336,0.30402148,0.24268922,-0.5473721,-0.5312748,-1.1649383,-0.3698401,-0.5223222,1.5986727,1.6225778,-0.56413126,-0.5292426,-1.2046115,-0.23611376,1.2722051,0.13924994,0.50071037,0.20297159,0.22322729,-0.4900025,0.42841026,0.7146335,0.7069904,0.16874436,-0.5626563,0.02438246,0.26643023,-0.42616063,0.37530994,-0.26641583,123,4.0
0.059983257,0.24164788,-0.6145789,0.38184488,0.44168884,-0.68321663,-0.49353355,-1.6934303,-0.16992359,-0.5932679,1.5448061,1.625423,-0.35393482,-0.15965064,-0.9655824,-0.0067632496,1.2616029,-0.31091663,0.09269849,-0.23800151,0.24401379,-0.70979315,0.43545827,0.7183249,0.716487,0.21470508,-0.5695946,0.07371856,0.24471141,-0.47243983,-0.01038032,-0.31314063,123,1.0
0.055210195,0.29000816,-0.5984114,0.4419247,0.30113763,-0.8133057,-0.64086753,-2.1879008,-0.26975518,-0.6041314,1.9175149,2.05081,-0.34971,-0.060428984,-1.0668379,-0.269206,1.6138731,-0.13561869,0.47175747,0.035748195,0.1099764,-0.6400285,0.557672,0.88250285,0.9723597,0.33123845,-0.5237146,0.11767656,0.15588157,-0.71320033,0.23639405,-0.47494483,123,2.0
-0.05356394,0.17437355,0.4960307,0.21270739,0.29808646,-0.47866458,-0.4855446,-0.69073355,-0.41263792,-0.67703074,1.6557552,1.528533,-0.8038044,-0.9480413,-1.4576192,-0.028186752,1.0810823,0.10268499,0.22578225,0.14609787,0.49390638,-0.5960683,0.30676994,0.6831506,0.5330996,0.025705185,-0.8701242,-0.0054719634,0.41268831,-0.09644868,0.21664359,-0.07138024,123,4.0
0.076068975,0.24647139,-0.5325124,0.42081666,0.0878735,-0.69894326,-0.62926525,-2.2901564,-0.32845956,-0.37691417,1.6986624,1.9118134,-0.29823673,0.25338817,-0.8183478,-0.5330076,1.729021,0.10362263,1.0223584,0.39684522,-0.17643711,-0.31152287,0.55073553,0.8596754,1.1063362,0.39444467,-0.20282324,0.08749058,-0.06924142,-1.0592644,0.513158,-0.6817995,123,1.0
0.063188665,0.2963699,-0.51518553,0.44738448,0.61623317,-0.9115441,-0.5783198,-1.7941253,-0.20767835,-0.8881693,2.1848834,1.9480687,-0.5000001,-0.5945996,-1.4585263,0.13725984,1.3099594,-0.45326516,-0.28374362,-0.42247346,0.5469219,-1.0463855,0.46851885,0.86842316,0.67752135,0.13370186,-0.99904567,0.01111505,0.45636854,-0.1892253,-0.21778513,-0.15001552,123,2.0
0.05912367,0.29744875,-0.5856473,0.44088674,0.5880873,-0.8823706,-0.5776572,-1.7799107,-0.16576882,-0.85973525,1.9870884,1.9255265,-0.460699,-0.47801924,-1.3541772,0.107361004,1.2578931,-0.45699364,-0.23953041,-0.40880272,0.50428677,-1.0478631,0.46885434,0.823986,0.63256925,0.11266045,-0.9208044,0.01093314,0.39354694,-0.24486655,-0.2247764,-0.17026633,123,3.0
-0.13289379,0.09079829,1.152289,0.058140844,0.12628022,-0.3105202,-0.35842982,-0.06504886,-0.56029713,-0.5472638,1.3727905,1.3005031,-0.95164204,-1.1569152,-1.4159323,-0.11781212,0.88617146,0.4252416,0.48066676,0.40999842,0.43452477,-0.29612964,0.20600158,0.58376896,0.50121576,0.005130019,-0.7140149,-0.005772936,0.4072178,0.03752455,0.4974838,-0.03049102,123,4.0
0.06643194,0.22373134,-0.619515,0.3973801,0.3948272,-0.7102069,-0.46718976,-1.7235548,-0.1702469,-0.5787381,1.5900688,1.6376704,-0.32500216,-0.112300694,-0.9566463,-0.06517187,1.1834879,-0.27526557,0.103161104,-0.1598753,0.20927042,-0.7052855,0.40655753,0.71003115,0.6806098,0.21616258,-0.68344206,0.08112182,0.21706459,-0.48640448,-0.017019406,-0.30827504,123,3.0
0.06967223,0.263967,-0.6996737,0.42434108,0.3513171,-0.76125956,-0.5348714,-1.9794961,-0.18394743,-0.56689775,1.6346081,1.7293868,-0.2611466,-0.07127119,-0.94038093,-0.1432922,1.3521802,-0.2627132,0.24498123,-0.104187116,0.20446467,-0.66844696,0.48287514,0.7649588,0.75809264,0.26200563,-0.5585796,0.08370479,0.17900234,-0.58905077,0.05780966,-0.39247507,123,2.0
0.06673992,0.29733068,-0.6049637,0.44492888,0.5646995,-0.83419764,-0.59623706,-1.702325,-0.118129745,-0.7904378,1.8767793,1.8172767,-0.4369378,-0.41681924,-1.3035201,0.17136152,1.19333,-0.47375575,-0.34608284,-0.45085388,0.4975427,-1.01372,0.45445564,0.79828095,0.58824635,0.108893454,-0.89675355,0.02876661,0.4021681,-0.1870182,-0.26028812,-0.13180387,123,3.0
-0.12855493,0.074821845,1.0644113,0.05630584,0.18001929,-0.32286337,-0.41058004,-0.09617506,-0.4774573,-0.5671335,1.3524919,1.23899,-0.8937228,-1.1507065,-1.3791516,-0.07209807,0.6806519,0.33347267,0.48784494,0.33460498,0.44521272,-0.33923513,0.16745898,0.5863876,0.5027961,-0.07824232,-0.72887826,-0.076453075,0.35051492,-0.024967514,0.42975545,-0.015880182,123,4.0
-0.10902188,0.07962367,1.0879642,0.09017804,0.15184908,-0.30451247,-0.40637487,-0.07036617,-0.50800693,-0.53535104,1.4114625,1.2304828,-0.93867457,-1.1127816,-1.470489,-0.118210174,0.847361,0.35987052,0.47443795,0.39382944,0.43338385,-0.39591664,0.18482432,0.5834581,0.4609936,-0.04336423,-0.716595,-0.025784826,0.40501004,-0.016765486,0.45970005,-0.0044773333,123,4.0
-0.14550704,0.06824455,1.152118,0.024459083,0.17163734,-0.25900713,-0.37107605,-0.07275123,-0.4550736,-0.5584901,1.3419869,1.1787311,-0.972582,-1.1237551,-1.4425197,-0.049799614,0.71875596,0.44053864,0.51205885,0.3603028,0.4478268,-0.27430144,0.15012887,0.5469102,0.57847345,-0.092027724,-0.69570225,-0.10195706,0.4051615,0.0056631714,0.4358614,-0.014286619,123,4.0
-0.12345058,0.10819988,1.048689,0.10637967,0.15312076,-0.35294297,-0.4287819,-0.30562222,-0.5233557,-0.5891182,1.4683528,1.3874286,-0.9872341,-1.1638054,-1.5654051,-0.15470773,0.9980846,0.37970552,0.5438141,0.40344822,0.44483176,-0.34288415,0.25542116,0.6566734,0.5402753,-0.050674986,-0.751663,-0.04428528,0.3701576,-0.03781089,0.48163933,-0.0719551,123,2.0
0.06148504,0.29200497,-0.6029429,0.463095,0.6363998,-0.9299022,-0.6033982,-1.8232261,-0.19239028,-0.91258734,2.117899,1.9835734,-0.46842274,-0.526216,-1.4124229,0.1423332,1.3404526,-0.4975017,-0.27372715,-0.42533216,0.5434112,-1.0895184,0.48675925,0.8833047,0.6938504,0.14795335,-0.9582275,0.031541623,0.45341223,-0.24443027,-0.22570874,-0.14631906,123,3.0
0.05480286,0.26399046,-0.46060467,0.4025669,0.17725602,-0.705064,-0.62570715,-2.1225483,-0.3115779,-0.47948307,1.7289394,1.9468273,-0.3395564,-0.0017168149,-0.9811971,-0.38323238,1.6074408,0.026738167,0.73155487,0.22241119,-0.01852712,-0.4285059,0.5411972,0.8372202,1.01412,0.38389352,-0.35253045,0.14255789,0.06333769,-0.8226067,0.41550583,-0.5628678,123,1.0
0.05392759,0.25856015,-0.5858062,0.42106813,0.1568031,-0.74085057,-0.62657374,-2.2203932,-0.27001193,-0.4658594,1.7589945,2.0263019,-0.32871693,0.037559435,-0.9130943,-0.42301068,1.6445552,4.946813e-05,0.7064282,0.24790639,-0.025521472,-0.41726273,0.57464874,0.89572656,1.0051163,0.36739,-0.31920755,0.103426404,0.07722647,-0.8430294,0.4343503,-0.5553539,123,2.0
-0.12887764,0.08764164,1.0481089,0.08514233,0.12933652,-0.30644938,-0.4188853,-0.14740215,-0.54981804,-0.5429024,1.3073725,1.2590336,-0.9306135,-1.0892562,-1.3702163,-0.172008,0.8525655,0.40117455,0.56307024,0.42138258,0.42444903,-0.36045393,0.21595393,0.5895475,0.5157184,-0.03958631,-0.6924236,-0.023798991,0.361173,-0.047303043,0.5082461,-0.052979954,123,4.0
0.0660866,0.21654874,-0.5158143,0.37368613,0.11508356,-0.5305142,-0.572797,-2.022634,-0.3179646,-0.34508175,1.6066401,1.60925,-0.20639822,0.05003222,-0.6293005,-0.39673454,1.5403664,0.12423633,0.7661186,0.15753323,-0.10298709,-0.352825,0.5872719,0.7192574,1.0311508,0.46924165,-0.100559205,0.1977962,0.10138799,-0.8620106,0.40185374,-0.55369836,123,1.0
0.042584933,0.27047074,-0.48942536,0.40178514,0.7230416,-0.88747877,-0.5051731,-1.5159186,-0.15694503,-0.9303994,2.1018958,1.7380663,-0.5343888,-0.7588941,-1.5207994,0.31895262,1.0693225,-0.57137346,-0.5848506,-0.59036547,0.71276736,-1.1318893,0.3786142,0.7556069,0.48576286,0.0053997673,-1.0963467,-0.0646011,0.51930857,0.009276118,-0.4102381,0.00034611672,123,3.0
0.039591737,0.2603036,-0.474114,0.40982598,0.34354064,-0.7678179,-0.58016294,-1.946437,-0.2546731,-0.6199421,1.8510727,1.95828,-0.40541005,-0.20719129,-1.1187409,-0.19244197,1.480849,-0.14599961,0.3187271,0.015243638,0.22114351,-0.66961557,0.53966314,0.8621896,0.84673524,0.26591164,-0.5625755,0.09534863,0.21193007,-0.5961354,0.1719771,-0.3709485,123,2.0
-0.10341535,0.056835104,0.83871406,0.025236689,0.15770975,-0.3189074,-0.4476038,-0.34988123,-0.41215655,-0.5142176,1.5104616,1.3462417,-0.9149742,-1.0148472,-1.3997033,-0.057479315,0.8768391,0.4331897,0.5624492,0.4241323,0.43132895,-0.22153896,0.19335842,0.5366119,0.6573696,-0.042596843,-0.6661462,-0.07353215,0.34048417,-0.08368072,0.495956,-0.14066267,123,4.0
0.06472808,0.29639223,-0.6901264,0.453169,0.57901984,-0.8855792,-0.6029678,-1.8177019,-0.13569519,-0.839052,1.9832622,1.936084,-0.40461648,-0.40313435,-1.28981,0.13736716,1.2399755,-0.48205698,-0.26416767,-0.44107625,0.5146794,-1.0610532,0.47675553,0.8174856,0.63455784,0.14143682,-0.857082,0.033546463,0.40077814,-0.26340714,-0.24790807,-0.16875097,123,3.0
0.027917914,0.26709852,-0.36617136,0.40388453,0.42079836,-0.78923315,-0.601134,-1.7652218,-0.2514642,-0.7336573,1.9072536,1.9330281,-0.48665035,-0.4062086,-1.2533633,-0.071570955,1.3696359,-0.22548158,0.11873675,-0.1327194,0.35376742,-0.8106944,0.47509283,0.83088344,0.7713617,0.18820392,-0.73514,0.05388202,0.3048271,-0.4009055,0.05227266,-0.27243066,123,2.0
0.07557963,0.2575501,-0.6599696,0.43710726,0.20920369,-0.7368694,-0.57425785,-2.212735,-0.27219355,-0.442395,1.7157866,1.8920736,-0.27594233,0.12022127,-0.89779496,-0.37231502,1.6104279,-0.044190515,0.678095,0.16775602,-0.047768503,-0.48260415,0.5362145,0.8352817,0.97876495,0.392558,-0.3929302,0.15049267,0.033978812,-0.89283067,0.33382335,-0.57780385,123,2.0
0.07851944,0.29061392,-0.6568373,0.43785393,0.6462925,-0.85594594,-0.5580577,-1.6457974,-0.08708916,-0.85133857,1.971831,1.7544543,-0.44018564,-0.52257204,-1.3913106,0.26742616,1.0686492,-0.56397367,-0.506849,-0.59208816,0.5814751,-1.1085219,0.41403788,0.7361436,0.51548404,0.059611816,-0.99577236,-0.004417356,0.45902312,-0.06376521,-0.38865077,-0.0609505,123,3.0
0.067552574,0.2461759,-0.6112062,0.38802648,0.36899334,-0.7035017,-0.5008714,-1.793469,-0.15858793,-0.5304655,1.5889676,1.6554657,-0.2879145,-0.096697696,-0.9159441,-0.07751639,1.2624252,-0.26017192,0.15347144,-0.17131498,0.21399757,-0.6761676,0.46786052,0.73338366,0.6993894,0.22805253,-0.58873373,0.11129946,0.1996671,-0.4983288,0.022346757,-0.32478267,123,2.0
-0.116383865,0.08438997,1.1037326,0.060595833,0.14874819,-0.256939,-0.38905996,0.012019783,-0.51030076,-0.48601365,1.2373374,1.1025213,-0.9239713,-1.0525758,-1.3433712,-0.11897325,0.80699956,0.37216496,0.50317454,0.39639136,0.42437997,-0.32409078,0.18117444,0.519192,0.43330464,-0.01682109,-0.6982698,-0.02535231,0.385165,0.0074096248,0.45837188,0.008876413,123,4.0
-0.016179286,0.22460893,0.10969737,0.30945104,0.4293982,-0.6337305,-0.519253,-1.0511608,-0.32863757,-0.7772847,1.848594,1.7045623,-0.7262746,-0.88374746,-1.5454521,0.06264778,1.1380354,-0.10538794,-0.029118203,-0.10368502,0.55764616,-0.80118513,0.33911574,0.73760104,0.5347479,0.026478779,-1.0073209,-0.03646159,0.43826887,-0.09498859,-0.015211403,-0.0693667,123,4.0
0.07129865,0.29737264,-0.6638912,0.46920335,0.59306365,-0.88487685,-0.5988245,-1.8115469,-0.14018983,-0.81956196,1.9898704,1.9042088,-0.43031332,-0.42827702,-1.3423088,0.16334666,1.2678459,-0.4830466,-0.29158282,-0.4358575,0.50292945,-1.0185583,0.47280505,0.8422943,0.66820145,0.15512599,-0.89488304,0.049386445,0.40952525,-0.2139658,-0.25812602,-0.16002262,123,2.0
0.03840067,0.28586054,-0.47266942,0.4349413,0.5909203,-0.8520085,-0.5702393,-1.6293108,-0.17944469,-0.8605527,1.9619741,1.8723054,-0.49952888,-0.5578902,-1.3666236,0.13746595,1.2353301,-0.4513411,-0.29823625,-0.39385873,0.53749293,-1.0460837,0.44732246,0.8136301,0.6031294,0.101722196,-0.9371977,0.014444012,0.41067684,-0.19822562,-0.22295032,-0.12724978,123,3.0
0.07016435,0.20928426,-0.61139673,0.36797082,0.25057724,-0.65309846,-0.52795726,-1.9591713,-0.1948919,-0.44218343,1.4838114,1.6277463,-0.24543902,0.043808483,-0.76577806,-0.24604058,1.3305653,-0.13968705,0.42326945,0.033231262,0.050152287,-0.45769155,0.4494601,0.7400785,0.90369964,0.32667747,-0.33409542,0.1325393,0.10718413,-0.67261,0.20188825,-0.4349621,123,1.0
0.020788833,0.25163066,-0.2812687,0.36354977,0.48482606,-0.7455012,-0.5223996,-1.4530551,-0.22692233,-0.7591547,1.8122226,1.8023276,-0.52351743,-0.5547553,-1.3409635,0.054900482,1.1687776,-0.25389302,-0.07780328,-0.22789872,0.4883445,-0.89005107,0.42353296,0.76492006,0.61920565,0.08846809,-0.8259577,0.014254309,0.37707904,-0.22874829,-0.07402709,-0.1352742,123,2.0
0.02816083,0.2512083,-0.27350813,0.348857,0.486828,-0.7308452,-0.5477188,-1.4547993,-0.2295689,-0.75726914,1.7586191,1.7175107,-0.5464784,-0.57431275,-1.3397416,0.021712426,1.1779674,-0.25899422,-0.056675248,-0.2060294,0.4786439,-0.82908696,0.42045745,0.72976136,0.59769297,0.0883177,-0.8335859,0.006796646,0.3680551,-0.25271654,-0.022259086,-0.18027017,123,3.0
0.056753334,0.28071678,-0.6410922,0.4178502,0.57352597,-0.8439909,-0.54797477,-1.7376353,-0.13910453,-0.80184263,1.8776214,1.846447,-0.402336,-0.38526574,-1.2389848,0.09684075,1.2001294,-0.46504426,-0.25220776,-0.41353592,0.46775326,-1.0345669,0.4668255,0.8171726,0.6004633,0.1256375,-0.846204,0.0382122,0.36438724,-0.27359015,-0.23349606,-0.18506885,123,2.0
0.08054932,0.20698076,-0.56128496,0.37722582,0.18341334,-0.63905674,-0.5417341,-2.1347334,-0.29104933,-0.36873648,1.5746403,1.6646079,-0.28959253,0.21903354,-0.7875651,-0.40262416,1.5187697,0.0031698868,0.8319491,0.2604349,-0.11338244,-0.3329665,0.48219058,0.7550088,0.9971023,0.35790366,-0.283632,0.092112295,-0.034570407,-0.9470792,0.38897884,-0.62535596,123,1.0
0.047260538,0.22520737,-0.6440515,0.34416497,0.5112841,-0.6523984,-0.44620407,-1.4041454,-0.102326065,-0.7078731,1.5013107,1.405394,-0.34480578,-0.40777117,-1.0334337,0.11348724,0.9001759,-0.3627923,-0.22847095,-0.3834043,0.36648083,-0.82884026,0.2992985,0.6261342,0.40284902,0.043250617,-0.77682585,-0.06437226,0.30820885,-0.16403185,-0.23708577,-0.123233005,123,1.0
0.034643605,0.19387862,-0.43559885,0.3326407,0.18225458,-0.5643755,-0.48287857,-1.7480192,-0.27367377,-0.37291023,1.540909,1.8178725,-0.27858752,-0.07972529,-0.9058275,-0.26143298,1.4911538,0.077269286,0.63024986,0.19804764,0.029908963,-0.43679672,0.530438,0.7835977,0.90102565,0.32467708,-0.23133354,0.15771487,0.043196183,-0.76294357,0.35575497,-0.46484548,123,1.0
-0.13158171,0.06090093,1.1258974,0.0713917,0.14406385,-0.26247624,-0.37662473,-0.0143802315,-0.51272285,-0.5036947,1.2732496,1.1393695,-0.93700254,-1.0983632,-1.4235547,-0.10231799,0.7227125,0.4207155,0.49788275,0.3826026,0.4349985,-0.32301122,0.16571568,0.57031465,0.4949015,-0.038862947,-0.65724653,-0.062003218,0.39608666,-0.025624577,0.45176876,-0.013292491,123,4.0
-0.12878114,0.09643991,1.1530113,0.06970359,0.12950249,-0.30988917,-0.40092254,-0.20108742,-0.5493916,-0.5952848,1.3724637,1.2341598,-0.9945841,-1.1162122,-1.3964314,-0.16273339,0.8653707,0.41172472,0.58401316,0.42534778,0.4257756,-0.2825191,0.1877474,0.571786,0.5144261,-0.0696737,-0.69881314,-0.036232136,0.35049912,0.0099391155,0.50388765,-0.053493172,123,4.0
-0.15263467,0.0742798,1.20448,0.032087505,0.14777514,-0.28278187,-0.3473385,-0.00865715,-0.4975398,-0.58599734,1.3577297,1.1343822,-0.9767033,-1.1303331,-1.4495842,-0.104884736,0.7440875,0.43140247,0.51864785,0.38986504,0.4592848,-0.26541674,0.14994705,0.5498527,0.52834594,-0.06418496,-0.6987769,-0.08337557,0.42387962,0.024067089,0.45316094,0.0015870333,123,4.0
0.017769583,0.25707424,-0.12883496,0.35376924,0.5530847,-0.8129571,-0.5671829,-1.2774757,-0.27430007,-0.8816209,1.9233228,1.8161292,-0.637318,-0.76465553,-1.5197009,0.12611048,1.1538808,-0.3140027,-0.1711069,-0.30157912,0.6052824,-1.0018564,0.38653836,0.78313076,0.5931839,0.040196482,-0.97807604,-0.03336077,0.45342743,-0.07823002,-0.12322453,-0.08446649,123,3.0
0.051984176,0.29829922,-0.54181916,0.42873013,0.70201766,-0.94295734,-0.5517189,-1.621344,-0.18102545,-0.95912147,2.1246395,1.9327492,-0.54622877,-0.7447858,-1.5364574,0.2389042,1.2281342,-0.5477971,-0.4918572,-0.55873096,0.68219507,-1.1704001,0.42653427,0.84797937,0.5679313,0.029890094,-1.1232136,-0.04077097,0.49882463,-0.092609555,-0.37051606,-0.049316674,123,2.0
-0.08952624,0.13352668,0.8147039,0.15691093,0.14956412,-0.4059592,-0.47417295,-0.6501684,-0.52841043,-0.5714045,1.4635557,1.458921,-0.86295044,-0.88995546,-1.3211415,-0.23548147,1.1127738,0.35799062,0.6664997,0.460364,0.3494866,-0.25979847,0.27963072,0.6443625,0.65229845,0.058151953,-0.58782643,0.0033709137,0.32942435,-0.16967276,0.53808856,-0.18358763,123,4.0
-0.10400616,0.11158188,1.0219467,0.0680023,0.15818629,-0.3256093,-0.3237381,-0.13249156,-0.5479795,-0.54015875,1.3994604,1.309599,-0.9261681,-1.0168496,-1.4009877,-0.15006472,0.9116598,0.4286715,0.50321406,0.37914976,0.4127029,-0.35335153,0.19878058,0.5637257,0.490542,0.030782552,-0.6626315,-0.017934132,0.38121027,-0.06748956,0.45467317,-0.03870856,123,4.0
0.06596819,0.22464779,-0.6945866,0.37306422,0.44216958,-0.684507,-0.49155098,-1.6697602,-0.09521325,-0.6351787,1.5228795,1.6355773,-0.31222242,-0.117294565,-0.9669459,0.05114679,1.1001018,-0.3363365,0.0052508116,-0.2989587,0.29979756,-0.7357798,0.44470242,0.7092335,0.71541667,0.20797732,-0.622029,0.07912624,0.23969291,-0.4565922,-0.1326345,-0.2563597,123,3.0
-0.12579252,0.115776405,1.1175773,0.11463155,0.12220567,-0.3435843,-0.43193522,-0.32020545,-0.52972436,-0.5969834,1.3513137,1.3677293,-0.9838228,-1.1220194,-1.4160216,-0.22164446,1.0154616,0.41689846,0.6234946,0.46480218,0.41571853,-0.25402865,0.24666043,0.6536447,0.5745524,-0.055667054,-0.6653329,-0.041884203,0.3179316,-0.06962937,0.53612155,-0.11355925,123,4.0
0.048125055,0.26117373,-0.7134036,0.38927716,0.6517349,-0.85474616,-0.51838636,-1.5243503,-0.09665482,-0.8503559,1.7989657,1.5946761,-0.45066553,-0.59358716,-1.3165376,0.26332387,0.96018016,-0.5656607,-0.5481296,-0.5802873,0.58587325,-1.1196691,0.3371107,0.68149227,0.41947082,-0.02357776,-0.9630506,-0.042834796,0.40094954,-0.053846978,-0.4149872,-0.053523596,123,2.0
-0.1364692,0.07639161,1.1797345,0.058481812,0.12816118,-0.3091502,-0.38406992,-0.043164082,-0.53915226,-0.5582453,1.438441,1.222032,-0.97207665,-1.184052,-1.4941503,-0.13350317,0.8405713,0.39743507,0.5166319,0.41636273,0.4495493,-0.3366609,0.18106304,0.57294744,0.49241164,-0.048860412,-0.72555715,-0.03038123,0.40152082,0.026884627,0.4897604,-0.011382874,123,4.0
0.07247614,0.22444732,-0.621581,0.3435818,0.305106,-0.6321664,-0.48622018,-1.7929151,-0.171572,-0.46437103,1.5020378,1.6056011,-0.25996464,0.024877468,-0.86546004,-0.16267611,1.2975956,-0.1484586,0.3743594,-0.04748706,0.11039892,-0.5439216,0.48251566,0.75155437,0.79389906,0.2997296,-0.39568508,0.14159802,0.12498796,-0.6271027,0.13811553,-0.41078937,123,2.0
0.048636854,0.2594382,-0.49536067,0.40670055,0.29288086,-0.7181887,-0.5961556,-2.008399,-0.26785234,-0.553688,1.7696347,1.9388869,-0.36473134,-0.078504406,-0.9677404,-0.2508118,1.4993541,-0.10403411,0.47201085,0.077105,0.10506455,-0.5418541,0.5227449,0.85703015,0.9087882,0.32716396,-0.43969312,0.13592267,0.14197323,-0.6450616,0.25715268,-0.4609239,123,2.0
0.046963852,0.25603345,-0.55436194,0.39787024,0.38249868,-0.7673561,-0.5410655,-1.7480965,-0.18424517,-0.63183844,1.6711242,1.7533236,-0.3687767,-0.27730778,-1.0690104,-0.108288325,1.2796046,-0.23737802,0.09668074,-0.12532042,0.2970301,-0.71171826,0.47462416,0.7825175,0.64113027,0.16231893,-0.6576596,0.022821888,0.24071781,-0.45168674,0.024826042,-0.28573036,123,3.0
0.055034712,0.2881703,-0.63247937,0.4271378,0.682878,-0.9102901,-0.50951916,-1.582693,-0.10066396,-0.9219442,1.8903155,1.7254,-0.45364258,-0.63666767,-1.4243134,0.24877116,1.030519,-0.59303486,-0.5711205,-0.5998047,0.6343071,-1.1998796,0.37594554,0.71828824,0.40536985,-0.012095101,-1.0748554,-0.07760175,0.47639468,-0.039937593,-0.40703064,-0.033441234,123,3.0
-0.13179378,0.10103698,1.1750112,0.08648466,0.2082018,-0.3168678,-0.42199624,-0.094854236,-0.5169605,-0.6013404,1.3544112,1.2607528,-0.9499829,-1.068764,-1.4935623,-0.096917965,0.79522485,0.41152793,0.50425863,0.39797094,0.4620685,-0.32258308,0.203504,0.5985964,0.61603445,-0.038157832,-0.6898034,-0.08159909,0.41765362,-0.07106994,0.43306172,-0.015949816,123,4.0
0.018285077,0.25002903,-0.24683921,0.38066882,0.45565772,-0.75215477,-0.5448204,-1.540069,-0.25740424,-0.74299115,1.8565075,1.8404562,-0.53269285,-0.5177781,-1.3200058,-0.019416222,1.2690558,-0.20681943,0.005070254,-0.12897094,0.43103796,-0.83327156,0.4589612,0.81333494,0.6700118,0.12970702,-0.7995663,0.03155505,0.35173732,-0.31233835,0.0016456097,-0.18732518,123,3.0
-0.011475305,0.19121169,0.15644358,0.32471472,0.20695883,-0.537591,-0.54736507,-1.3450185,-0.3937461,-0.5241958,1.588551,1.6203318,-0.62115705,-0.48759416,-1.1896398,-0.28570163,1.3074559,0.18990383,0.61528265,0.3108575,0.18484071,-0.4055398,0.43665898,0.7912289,0.86629224,0.22991961,-0.5068132,0.09973729,0.26662517,-0.49080658,0.4619475,-0.3722868,123,1.0
-0.11530319,0.099829435,1.0293344,0.077963606,0.13639212,-0.33824238,-0.36144918,-0.12590583,-0.5499922,-0.5352808,1.3743355,1.3324207,-0.9165189,-1.0909588,-1.4102798,-0.140557,0.8861944,0.41618115,0.4819018,0.3870931,0.41772458,-0.3852366,0.2104867,0.5949373,0.48452926,-0.00943429,-0.6831891,-0.025729235,0.38710862,-0.036623836,0.47270846,-0.03955765,123,4.0
0.048783556,0.26274496,-0.2751553,0.42429978,0.43111545,-0.7857546,-0.597638,-1.7870499,-0.3180957,-0.73489404,1.9825436,1.9413967,-0.5116583,-0.46722987,-1.2978057,-0.09305276,1.4600117,-0.18635683,0.19613957,-0.030357689,0.36982808,-0.74966866,0.50761604,0.8946184,0.86285084,0.2858977,-0.76993257,0.12930155,0.37785664,-0.41812277,0.13298777,-0.2846238,123,1.0
0.060426656,0.28411603,-0.6605257,0.4395306,0.4823262,-0.84798646,-0.5552414,-1.9025203,-0.17060183,-0.7306565,1.8564148,1.8369397,-0.35999998,-0.2891318,-1.1729091,-0.015672302,1.3034004,-0.3613947,-0.03316105,-0.26484704,0.37634233,-0.89540124,0.48775518,0.79886633,0.6664824,0.17145689,-0.7601891,0.037425015,0.29732412,-0.42380345,-0.092814565,-0.2665981,123,1.0
0.02538095,0.23180784,-0.17367639,0.37980253,0.39521867,-0.70144117,-0.5764809,-1.5239717,-0.31968153,-0.65204316,1.7714204,1.7017614,-0.54185563,-0.503091,-1.2708222,-0.11235515,1.3614224,-0.12027773,0.21038795,0.01220455,0.355561,-0.6689185,0.4550877,0.8252581,0.8106837,0.19452737,-0.7071242,0.111514874,0.34797326,-0.36612934,0.17933306,-0.2901532,123,2.0
0.04815899,0.27459618,-0.56337583,0.42117453,0.337151,-0.79387957,-0.58610547,-1.9960635,-0.25493008,-0.6377442,1.8659968,1.9883584,-0.37351337,-0.17041321,-1.0816957,-0.19106022,1.498151,-0.18130945,0.31959888,-0.043797072,0.21241155,-0.7013787,0.53817147,0.8490334,0.87535816,0.28428045,-0.57110995,0.11737696,0.2147655,-0.58803433,0.13193762,-0.3873757,123,3.0
0.03275817,0.26971135,-0.34848386,0.4011255,0.46682665,-0.8027422,-0.5705202,-1.6554191,-0.25070372,-0.7754294,1.979432,1.8993196,-0.5074957,-0.48746186,-1.2989537,-0.010791918,1.3090806,-0.26377228,-0.025910772,-0.2158887,0.44112778,-0.88452995,0.4604935,0.81287444,0.6711694,0.12326661,-0.85478044,0.009634811,0.3549415,-0.29956365,-0.044956937,-0.18273708,123,2.0
0.061807852,0.2687378,-0.72769654,0.42102367,0.67609817,-0.8744251,-0.47254395,-1.5686918,-0.100082144,-0.86419815,1.9061605,1.7002387,-0.40886274,-0.5995362,-1.3390766,0.2650428,1.0607641,-0.5979823,-0.60158813,-0.63485676,0.62276864,-1.1705649,0.39159238,0.7413173,0.43000427,0.03100282,-1.0300436,-0.049285524,0.4608634,-0.06387082,-0.44383478,-0.05798451,123,1.0
-0.07491498,0.120990425,0.7719153,0.17057475,0.2239581,-0.4271408,-0.48316842,-0.48623618,-0.5072365,-0.61446035,1.5954715,1.4738042,-0.88606215,-0.9446599,-1.4904777,-0.10138548,1.0850354,0.3058295,0.5029798,0.35674384,0.4169966,-0.43534768,0.28007436,0.6557768,0.61446804,0.049612742,-0.6984656,0.014016759,0.38093433,-0.11198413,0.4475543,-0.1027887,123,4.0
0.030607738,0.23405816,-0.42641294,0.38073587,0.15135494,-0.687589,-0.6125719,-2.031688,-0.30031595,-0.48118982,1.7305517,1.9464432,-0.3632349,-0.0009140745,-0.94677603,-0.3588229,1.5638685,0.059263326,0.7342825,0.21230793,-0.03485871,-0.49588728,0.5031822,0.8333483,1.0010014,0.32290244,-0.3027488,0.12766606,0.097909465,-0.74690086,0.43452042,-0.5284644,123,1.0
0.009713304,0.26281005,-0.17105925,0.36314332,0.5558926,-0.8192034,-0.54459345,-1.3679515,-0.24104667,-0.881451,1.9255947,1.8497578,-0.61532736,-0.7697144,-1.4831052,0.12901619,1.1096077,-0.32412237,-0.28404897,-0.3142847,0.60895705,-1.0032512,0.40447968,0.7552077,0.5188231,-0.0076261237,-1.0320076,-0.06234665,0.4689109,-0.095405966,-0.15850985,-0.031052783,123,3.0
0.060178522,0.291483,-0.7000144,0.4211142,0.7321057,-0.93414325,-0.50074005,-1.5762669,-0.10137017,-0.9394952,2.029359,1.7660534,-0.4600499,-0.69170713,-1.4704337,0.33060512,1.0295364,-0.6562333,-0.7144058,-0.71854454,0.7013841,-1.2825168,0.37938073,0.75365955,0.40876925,-0.017103087,-1.1491344,-0.07035309,0.492758,0.01213818,-0.52665013,0.005406603,123,3.0
0.063009106,0.27284175,-0.6532431,0.46414638,0.55136275,-0.83985895,-0.52084005,-1.7512846,-0.1583365,-0.7937789,1.8859196,1.8169463,-0.4216173,-0.41180798,-1.2633159,0.08289981,1.2365928,-0.4288717,-0.2470184,-0.36637348,0.43747422,-0.96845806,0.438956,0.7909891,0.5891866,0.12640168,-0.9199737,0.021502296,0.36747733,-0.31358618,-0.24075131,-0.18057324,123,2.0
0.0635373,0.2855988,-0.6651787,0.43649256,0.5523918,-0.86170083,-0.539979,-1.8018237,-0.13168506,-0.78706104,1.8820525,1.799765,-0.3835896,-0.36552462,-1.2297275,0.076987505,1.2136388,-0.44717872,-0.22902042,-0.37414423,0.45906806,-0.99596757,0.46582103,0.7823456,0.5974214,0.13274696,-0.83946216,0.018891498,0.3482525,-0.31248546,-0.20516072,-0.19533028,123,2.0
0.06372611,0.27214512,-0.5582513,0.4357031,0.48938912,-0.831695,-0.5728815,-1.811583,-0.20042351,-0.76102865,1.953577,1.8657478,-0.41634628,-0.37604594,-1.2360818,0.021301934,1.3138506,-0.3593646,-0.0738199,-0.29995215,0.39771307,-0.87337303,0.45725542,0.8160531,0.68090755,0.19752091,-0.7914854,0.040253736,0.3372084,-0.36106604,-0.09844227,-0.24213573,123,3.0
-0.1392162,0.087035686,1.1235086,0.084968805,0.15626325,-0.30875608,-0.4186698,-0.2193566,-0.5385088,-0.5671679,1.4283772,1.298431,-0.9868945,-1.1365794,-1.4528307,-0.14134729,0.9421521,0.4174237,0.5551597,0.45119178,0.41255885,-0.31729698,0.22486946,0.6232864,0.52110404,-0.034783434,-0.7126342,-0.010404978,0.37291187,0.022502434,0.52040774,-0.0556764,123,4.0
-0.16380562,0.072649494,1.2580196,0.0468937,0.1234892,-0.268842,-0.36367723,-0.047606766,-0.538007,-0.57992435,1.3041167,1.198251,-1.0559506,-1.2561907,-1.4740279,-0.13747002,0.8051893,0.46169946,0.5763007,0.43502748,0.44375712,-0.24446839,0.1564203,0.54588246,0.45108673,-0.1153536,-0.696747,-0.099062294,0.37066576,0.09501822,0.49839926,-0.05167169,123,4.0
0.02096048,0.18763538,-0.20388484,0.29159987,0.013198204,-0.54299176,-0.5527733,-1.8765435,-0.33982804,-0.31259856,1.3791119,1.6971412,-0.3792946,0.006272996,-0.7973206,-0.46590963,1.5651479,0.24829093,1.0191053,0.47206756,-0.119588025,-0.16139512,0.52568924,0.8014352,1.0079322,0.3787338,-0.18056513,0.16211268,-0.035850745,-0.8794563,0.66470605,-0.5814023,123,1.0
0.052976206,0.25088212,-0.3705933,0.36251354,0.27370244,-0.6806562,-0.5500435,-1.900503,-0.30587235,-0.53879637,1.6452043,1.8224107,-0.41673863,-0.11894874,-1.0255181,-0.2815839,1.5144234,-0.017856203,0.5568982,0.110947534,0.12562475,-0.5256251,0.54935265,0.8437996,0.9262802,0.33680668,-0.45034847,0.15366632,0.16053896,-0.6778754,0.29318184,-0.4366308,123,1.0
-0.10991529,0.121989414,0.90252393,0.14896184,0.16938639,-0.35973594,-0.4670026,-0.4391519,-0.50650966,-0.5939553,1.5130411,1.431986,-0.9316565,-1.046084,-1.493451,-0.13918297,1.0387915,0.33476585,0.5125695,0.3781879,0.42114103,-0.39229512,0.28695044,0.67367864,0.55843884,0.00046196952,-0.7415724,-0.024752442,0.35975513,-0.085324824,0.46488148,-0.106488325,123,4.0
0.07359795,0.30266842,-0.72799623,0.4737392,0.38494998,-0.8420515,-0.6532715,-2.2027986,-0.19614226,-0.6159909,1.8973349,2.006591,-0.29823577,-0.018210134,-1.0055156,-0.17876965,1.5982519,-0.25881708,0.30217096,-0.10476017,0.18467191,-0.7255836,0.5895364,0.92616445,0.94657904,0.36358404,-0.51338243,0.15538168,0.21009056,-0.6759385,0.10130976,-0.42726272,123,3.0
0.061584365,0.28554887,-0.62486964,0.41986024,0.673029,-0.88206637,-0.52069896,-1.631926,-0.10521224,-0.87606394,1.9211606,1.776584,-0.4585918,-0.5581807,-1.3920574,0.20306931,1.0776657,-0.5582169,-0.48782924,-0.55115443,0.59409845,-1.147498,0.40058866,0.7304643,0.46838996,0.029317368,-1.0057677,-0.052096024,0.43465817,-0.09331607,-0.3377145,-0.07834248,123,2.0
