0,1,2,3,4,5,6,7,8,9,10,11,12,13,14,15,16,17,18,19,20,21,22,23,24,25,26,27,28,29,30,31,Chip,Class
-0.21792027,0.32060236,0.46179125,0.34161174,-1.2570738,-1.9097666,-0.006474438,4.026939,0.69555914,1.9889623,1.5737144,1.9774609,0.08260827,-1.9808711,-2.2083144,1.4085236,-1.9408042,-0.5132077,-1.2484864,-0.71173096,1.1980022,-1.150403,-0.8331839,-1.4034882,1.6658924,-0.45068514,-0.36560112,-0.1450905,-0.22096506,0.2225496,-1.1235563,0.7744573,72,3.0
-0.22193035,0.25525278,0.17436603,0.32649437,-1.3358157,-1.7936671,0.1745042,2.2598755,0.34941703,1.8053616,1.7602929,1.0332527,0.9734967,-1.3330177,-1.0405259,-1.0069335,0.48384002,-1.7502166,0.92103493,-1.5193136,0.37022358,0.2520371,-1.1343248,0.10462813,-0.2037645,-0.19614352,-0.18407083,-0.608583,0.6400267,-0.8884684,-1.8357837,0.99358255,72,1.0
-0.22652209,0.32177863,0.4036128,0.35619056,-1.339978,-1.9659637,0.05409925,3.6220574,0.617903,1.962837,1.8115934,1.7507584,0.362885,-2.0877323,-1.7393682,0.6101903,-1.199915,-0.7912671,-0.5221259,-0.82133645,1.0868609,-0.7962022,-1.0591953,-0.8924036,1.1695055,-0.20794173,-0.44299698,-0.10271243,0.08666357,-0.18151957,-1.3427371,0.72766286,72,2.0
-0.0090552885,-0.057479087,-0.07771987,0.02821961,-0.16436839,-0.648493,-0.029170923,0.15769666,0.12963688,1.100598,-0.612516,0.47623348,0.25680396,0.76026195,-1.8524361,0.3982673,-0.48363712,-1.3070152,-0.21373916,-1.612952,-0.17824799,0.112132214,0.20636801,-0.71015483,0.025140114,-0.93179494,0.17497839,-1.0787947,0.022913191,-0.16192463,-1.2830241,1.0103844,72,4.0
-0.25324127,0.31683844,0.26712048,0.3779413,-1.537696,-2.0115924,0.17569785,3.002551,0.45143938,2.0014958,2.2285068,1.3104875,0.97623837,-1.9925175,-1.1423433,-0.8743774,0.23627123,-1.6044891,0.8015825,-1.3122525,0.7178408,-0.042324714,-1.4594742,0.005529076,0.13679662,-0.02846243,-0.39184946,-0.328834,0.64704007,-0.9194898,-1.9212621,0.8594942,72,1.0
-0.25442564,0.33641297,0.35627282,0.38196245,-1.5721245,-2.1531978,0.12341394,3.6849232,0.569714,2.14791,2.2390249,1.6559029,0.73855305,-2.328869,-1.5767224,-0.14441478,-0.530405,-1.3015395,0.18460742,-1.1526566,1.0185083,-0.5079377,-1.5209886,-0.46678156,0.7403321,-0.06617506,-0.54609084,-0.10923031,0.4198186,-0.6689319,-1.8656895,0.7525139,72,2.0
-0.25783226,0.32648668,0.30467707,0.3817437,-1.5649648,-2.0734143,0.15626058,3.2718444,0.5032886,2.1122634,2.2362905,1.4715669,0.8907635,-2.0811512,-1.3838327,-0.58741796,-0.054126285,-1.5275489,0.56367564,-1.2990739,0.8373218,-0.21709761,-1.4723588,-0.19114375,0.3670931,-0.06435896,-0.43728745,-0.288431,0.5600775,-0.81274474,-1.9142797,0.86271995,72,1.0
-0.24272284,0.32140586,0.33446637,0.37508905,-1.4765244,-1.9792302,0.12556094,3.4203427,0.52759457,1.9224534,2.1856997,1.48668,0.69862825,-2.1937242,-1.3168409,-0.25118986,-0.39524955,-1.1848512,0.22022566,-0.9457173,0.9496906,-0.4680019,-1.4203109,-0.35357058,0.6455159,0.021549735,-0.50497067,-0.06412721,0.438499,-0.62838346,-1.6600598,0.6648667,72,1.0
-0.21450117,0.30916804,0.43275306,0.339168,-1.2564856,-1.9434171,0.01890409,3.9562306,0.6633177,1.9913738,1.635972,1.8212864,0.19287357,-1.977004,-2.0462055,1.1172929,-1.6327673,-0.5969044,-0.98656034,-0.68075395,1.1871693,-1.0187035,-0.9968409,-1.2376102,1.4676626,-0.36865667,-0.38619834,-0.122911416,-0.09470127,0.053961243,-1.2333724,0.73710597,72,3.0
-0.24803072,0.2943551,0.20031634,0.3705458,-1.5011442,-1.9289258,0.20920616,2.4414673,0.35998794,1.8651272,2.1420817,1.0092221,1.0760666,-1.6669308,-0.7949172,-1.2449319,0.6881419,-1.7969594,1.1720543,-1.4170678,0.4359806,0.28414938,-1.3699989,0.2806481,-0.30010593,-0.045241848,-0.23596892,-0.49643335,0.7451553,-0.99397546,-1.8451898,0.93850785,72,1.0
-0.23808634,0.2948931,0.24316308,0.35792458,-1.4766862,-1.9028922,0.16895196,2.815316,0.42657933,1.9073402,2.0580292,1.2269906,0.91905814,-1.7927529,-1.0795326,-0.8235194,0.23101813,-1.490321,0.7522078,-1.293329,0.637343,-0.009076703,-1.3311406,0.031561106,0.12476092,-0.056178443,-0.3465227,-0.37485573,0.6317836,-0.86240155,-1.841532,0.88215286,72,1.0
-0.007938421,-0.06586334,-0.07557763,0.014680184,-0.21364391,-0.7011402,-0.047769923,0.29189652,0.15032631,1.2249434,-0.6740227,0.63074803,0.26249662,0.7692215,-2.186363,0.5047249,-0.71335113,-1.400243,-0.35169542,-1.7680206,-0.13757752,0.056834847,0.21484894,-0.8407609,0.12738243,-1.0318798,0.15259272,-1.1538079,-0.010784976,-0.17149149,-1.4147606,1.0941595,72,4.0
-0.23439741,0.31763703,0.38123494,0.358615,-1.3894881,-1.9516693,0.077492476,3.637509,0.58557606,1.9359224,1.9259683,1.6437567,0.4898488,-2.1522639,-1.6166201,0.3663996,-0.89729834,-0.9255624,-0.27075064,-0.915868,1.0300825,-0.75123847,-1.2567426,-0.72967976,0.9992444,-0.15583342,-0.51192343,-0.05770255,0.2167944,-0.4164919,-1.5372672,0.68629926,72,2.0
-0.011418858,-0.05889603,-0.07284954,0.024509996,-0.19301862,-0.6764166,-0.03452941,0.24549189,0.14647004,1.1937833,-0.6069809,0.5540225,0.26257527,0.7735356,-1.9749198,0.42188826,-0.54118246,-1.3654889,-0.25956222,-1.716115,-0.16507757,0.09740398,0.20368332,-0.7633176,0.056997824,-0.98551387,0.17354219,-1.115004,0.010678172,-0.17590901,-1.3787218,1.0584316,72,4.0
-0.01089457,-0.05571756,-0.080375224,0.026505947,-0.21097314,-0.65316045,-0.027696487,0.20268369,0.1375666,1.1507902,-0.5810443,0.48807472,0.28218138,0.77964157,-1.9194739,0.37015465,-0.5260442,-1.363115,-0.23158142,-1.6880004,-0.18617322,0.12768841,0.2227847,-0.7215101,0.035740774,-0.9670166,0.18262593,-1.1222032,0.028988063,-0.17777799,-1.334501,1.0495886,72,4.0
-0.008407406,-0.058706556,-0.06420353,0.023282781,-0.18624717,-0.6618918,-0.045456376,0.31544608,0.1547324,1.1585099,-0.63673216,0.57915986,0.22444281,0.723666,-1.9819624,0.49478647,-0.6248078,-1.2818273,-0.347556,-1.6571198,-0.13289538,0.03022398,0.19318265,-0.8222976,0.14472374,-0.9746565,0.14491302,-1.0687715,-0.027576216,-0.13823934,-1.3540323,1.0208621,72,4.0
-0.22349766,0.31523988,0.45222774,0.34926862,-1.286118,-1.9533038,0.012146912,3.9149146,0.67670447,1.9387765,1.606598,1.9042653,0.16170491,-1.9836344,-2.108388,1.1869378,-1.7300388,-0.59877396,-1.0346532,-0.7232387,1.1512328,-1.0117593,-0.7934929,-1.2623916,1.4115671,-0.4501965,-0.30989647,-0.2247578,-0.15594551,0.13211186,-1.1395026,0.80113846,72,3.0
-0.20990008,0.30771145,0.42279106,0.3397274,-1.2390531,-1.8671291,0.015311686,3.6516945,0.6460542,1.8939931,1.5613036,1.7857711,0.18748233,-1.9796721,-1.9038086,1.0388403,-1.5850167,-0.580662,-0.9318025,-0.707655,1.1189568,-0.95637834,-0.905029,-1.1443124,1.4107615,-0.32963893,-0.39074117,-0.10374314,-0.091452174,0.05157176,-1.162196,0.7136515,72,3.0
-0.22095048,0.2963125,0.43146893,0.32941538,-1.2867234,-1.9368134,0.0058832886,3.8943453,0.6778498,2.0536082,1.5463867,1.9727839,0.19221699,-1.8816473,-2.3430247,1.1960816,-1.7856295,-0.8082232,-1.0314443,-0.9625913,1.1108319,-0.97382545,-0.7684175,-1.3874372,1.4332248,-0.5956759,-0.26531297,-0.38860065,-0.16781124,0.07713781,-1.374641,0.9457501,72,3.0
-0.2604761,0.31017178,0.2211613,0.3801095,-1.5371565,-1.9616418,0.21278134,2.7310023,0.383597,1.9098684,2.2851737,1.1620458,1.1033949,-1.866633,-0.9207761,-1.2548022,0.67559934,-1.77582,1.1551954,-1.4091389,0.53066254,0.19710335,-1.4008884,0.31131822,-0.23683357,0.026026387,-0.31502742,-0.4429551,0.78197,-1.021728,-1.8865012,0.9052422,72,1.0
-0.22777966,0.31773606,0.44605178,0.35745558,-1.3124393,-1.9611801,0.025684245,3.8691454,0.66434336,1.9287515,1.699942,1.8899705,0.2015849,-2.0936167,-2.0585382,1.0448736,-1.5892177,-0.6566837,-0.8877711,-0.71986353,1.1697668,-0.98583263,-0.91257733,-1.1784785,1.3621033,-0.36248243,-0.3830861,-0.15300232,-0.08933305,0.043055113,-1.2067716,0.7458982,72,3.0
-0.004187653,-0.07310872,-0.07740608,0.008762881,-0.18497562,-0.6132578,-0.04957667,0.21037671,0.15020801,1.1760856,-0.7115448,0.6080011,0.22737858,0.7901656,-2.0651743,0.45267317,-0.6185108,-1.3358846,-0.37643966,-1.7194033,-0.16862667,0.083785735,0.22326136,-0.8389902,0.13939017,-0.99426097,0.13988207,-1.0834183,-0.008010708,-0.17434296,-1.3991972,1.0177453,72,4.0
0.0054068845,-0.07947053,-0.08307302,0.011696562,-0.10060257,-0.5316252,-0.04349719,-0.025764577,0.11748463,0.9574913,-0.7235055,0.44777328,0.1907802,0.894109,-1.8175914,0.43735906,-0.5293148,-1.2082735,-0.32781383,-1.5057061,-0.18085378,0.097263746,0.25980163,-0.73377365,0.048244335,-0.9279547,0.16807316,-1.0331656,-0.018280819,-0.13768698,-1.1834146,0.9396436,72,4.0
-0.24494013,0.29476783,0.23293647,0.35973322,-1.4841062,-1.934236,0.1792463,2.7820594,0.41159347,1.9695213,2.0832613,1.228325,1.0013509,-1.7271757,-1.1824069,-0.9022648,0.32471815,-1.7252264,0.8755508,-1.4480424,0.57358176,0.05853206,-1.3626258,0.043819323,-0.0012755468,-0.09431632,-0.32544097,-0.45412695,0.66181135,-0.9252264,-1.9189621,0.9326392,72,1.0
-0.25028077,0.27971312,0.18854529,0.36442405,-1.4199585,-1.7940555,0.20882848,2.4844866,0.34575656,1.8086054,2.0298362,1.116153,1.0728427,-1.6355376,-0.8053136,-1.288245,0.8073448,-1.7923945,1.2725444,-1.4336782,0.40092552,0.31058368,-1.2171656,0.32796013,-0.3244827,-0.06135916,-0.21628657,-0.53015524,0.7651578,-1.0153247,-1.8278472,0.9354069,72,1.0
-0.013706884,-0.054142978,-0.06783557,0.033096313,-0.21356273,-0.6430684,-0.029835984,0.21281089,0.14399019,1.1140022,-0.57499963,0.52587855,0.25454536,0.73327446,-1.8310318,0.36489353,-0.481816,-1.3156561,-0.24863233,-1.6310029,-0.15812634,0.12566394,0.18297951,-0.7083917,0.03259828,-0.9239812,0.15285084,-1.064813,0.023397207,-0.19782284,-1.3250604,0.99375176,72,4.0
-0.24276417,0.30497098,0.23764552,0.36762288,-1.4946823,-1.8856895,0.18207009,2.7615945,0.40330106,1.9145269,2.1563869,1.1859806,0.9934347,-1.8708003,-0.9570217,-0.98877174,0.4197643,-1.583003,0.8858968,-1.3048565,0.56406605,0.0934711,-1.3948389,0.14190815,-0.012398832,-0.011750445,-0.3354489,-0.343682,0.691377,-0.92661107,-1.8189694,0.8383048,72,1.0
-0.21624771,0.30881524,0.4390569,0.34026596,-1.2421929,-1.9321393,0.0118652135,3.9056234,0.6606735,1.9572008,1.6303133,1.8566035,0.17051867,-1.9594698,-2.0932732,1.1763651,-1.670702,-0.5859921,-0.9956009,-0.7378957,1.1507385,-1.0490788,-0.9055029,-1.2757516,1.4725426,-0.41953358,-0.38835746,-0.16757669,-0.13053861,0.07326514,-1.1893066,0.77407235,72,3.0
-0.25595382,0.31488428,0.22786945,0.3785531,-1.5379716,-1.9549187,0.20247138,2.7031555,0.39146084,1.8899554,2.2187505,1.1696587,1.0846658,-1.8143153,-0.8898879,-1.1848361,0.59297895,-1.7371123,1.1288503,-1.4387128,0.5086263,0.19004574,-1.3890649,0.22544499,-0.21631885,-0.037086036,-0.28346214,-0.47938055,0.74678904,-0.97735614,-1.8992916,0.95552456,72,1.0
-0.23858091,0.32630485,0.37350583,0.36780393,-1.4496948,-1.981646,0.09149377,3.6400785,0.5714983,1.9591341,2.0446084,1.632579,0.5581783,-2.2348948,-1.5943794,0.16973442,-0.77926594,-0.99511784,-0.13761838,-0.93583906,1.0350666,-0.6788138,-1.3365661,-0.6267798,0.91201246,-0.086463764,-0.5337034,-0.048474416,0.2821549,-0.47370467,-1.6128594,0.6796462,72,2.0
-0.21674338,0.30697706,0.3694158,0.3421642,-1.3268807,-1.8444543,0.05422263,3.5306416,0.58473647,1.8435715,1.7922382,1.6151683,0.38370386,-2.045729,-1.7251718,0.56601524,-1.1665986,-0.8079649,-0.515448,-0.7262589,1.0636454,-0.79339707,-1.1082349,-0.83472097,1.0906652,-0.1584264,-0.45672506,-0.0615634,0.09760089,-0.20943472,-1.3272632,0.6433641,72,2.0
-0.24676573,0.32431477,0.33484533,0.37183744,-1.5368351,-2.1133573,0.1240654,3.5193162,0.5528652,2.1540365,2.1593776,1.5845581,0.75415933,-2.1911032,-1.5550213,-0.19154161,-0.44590503,-1.353054,0.21760428,-1.2004373,0.9588769,-0.44244704,-1.4676893,-0.4293735,0.6484039,-0.10513984,-0.49092245,-0.18398525,0.43150666,-0.66936165,-1.8656093,0.7909575,72,2.0
-0.24388519,0.3450841,0.44356874,0.37248385,-1.4770114,-2.1630542,0.053870592,4.1773086,0.68246156,2.1831036,1.9965106,1.9546611,0.37010202,-2.3275664,-2.0435317,0.7970087,-1.3630568,-0.8730207,-0.6932117,-0.8665764,1.2593172,-0.93287486,-1.2771713,-1.0635442,1.3484149,-0.28275064,-0.47052675,-0.11038133,0.05976684,-0.17722748,-1.5383862,0.7750186,72,3.0
-0.227483,0.30631542,0.34539416,0.3469356,-1.4075898,-2.005816,0.08294783,3.497798,0.56840515,2.0431092,1.8738,1.6431221,0.56445396,-2.0369782,-1.7342825,0.22533393,-0.8659722,-1.1548966,-0.21011636,-1.0454824,0.9949315,-0.6024022,-1.2296897,-0.70655596,0.8867849,-0.21261002,-0.43309742,-0.20364869,0.2486738,-0.4383194,-1.6519501,0.78007686,72,3.0
-0.24467888,0.29112184,0.22949275,0.3652479,-1.4615732,-1.9068424,0.18916057,2.6973307,0.40201673,1.8500955,2.155443,1.2302996,1.0163149,-1.7682307,-1.0328171,-0.9869358,0.44869754,-1.6899439,0.9231925,-1.375865,0.5788927,0.088768296,-1.3696295,0.108144104,-0.070517376,-0.044258855,-0.32622784,-0.41353083,0.67004013,-0.9381758,-1.9148022,0.90596753,72,1.0
-0.010369242,-0.058457714,-0.06468059,0.025309026,-0.20901585,-0.6424866,-0.036474306,0.23628886,0.14852801,1.1566133,-0.5997634,0.5297557,0.25338808,0.7474853,-1.8829012,0.4037318,-0.56497365,-1.3052635,-0.2964863,-1.642247,-0.15643509,0.0886788,0.18699998,-0.7726207,0.0762543,-0.9472354,0.14615749,-1.0637089,0.010656979,-0.17387453,-1.3465922,1.0026085,72,4.0
-0.21301112,0.30158326,0.38347217,0.34183633,-1.2930567,-1.8615091,0.048766002,3.5300193,0.58618855,1.8562487,1.7607565,1.6666137,0.35111797,-2.0238636,-1.6439037,0.5984523,-1.2008903,-0.77482814,-0.55433685,-0.72768295,1.052138,-0.8011918,-1.0785943,-0.8756728,1.1230676,-0.2027763,-0.4482121,-0.07945089,0.093961164,-0.20364548,-1.3084315,0.66398996,72,3.0
-0.23695853,0.32357758,0.37061843,0.36589134,-1.3997309,-1.99092,0.08904903,3.4938395,0.5769587,1.9776962,1.9645916,1.635966,0.51503754,-2.0832992,-1.6047585,0.2431197,-0.8376321,-1.0020456,-0.16698998,-0.9410537,1.001191,-0.6100804,-1.141505,-0.6795714,0.9061147,-0.15516953,-0.4268387,-0.15484452,0.23477846,-0.37847957,-1.4923905,0.76746786,72,2.0
-0.004486439,-0.079239056,-0.09381524,0.0018004626,-0.20525764,-0.6714309,-0.04900953,0.11944975,0.14284396,1.2319962,-0.7291489,0.587116,0.26586634,0.8586311,-2.1984823,0.41315034,-0.6019371,-1.4546621,-0.3334613,-1.8304286,-0.18836571,0.11412398,0.2691484,-0.82659906,0.121505566,-1.0542573,0.16485815,-1.1825008,0.014369182,-0.21423277,-1.4552565,1.101816,72,4.0
-0.2448329,0.30167946,0.2229844,0.3672803,-1.4661155,-1.8958328,0.19079277,2.6851184,0.38935536,1.803168,2.1612809,1.1581838,1.01638,-1.8868306,-0.9061367,-1.129755,0.4719489,-1.6548592,1.0115703,-1.289485,0.59670293,0.08686372,-1.4408989,0.18802176,-0.06526162,0.04526517,-0.3812908,-0.33454376,0.72541714,-1.0147108,-1.8976388,0.81190026,72,1.0
-0.0107397875,-0.06590888,-0.0753043,0.015063673,-0.18971212,-0.7190526,-0.044373233,0.26894423,0.1518544,1.241694,-0.66593826,0.5944267,0.25561422,0.79215735,-2.1107454,0.47265267,-0.6156719,-1.4177691,-0.31554565,-1.7876494,-0.15567045,0.06621858,0.17985833,-0.82548213,0.10064599,-1.030185,0.15852107,-1.161166,0.00037316233,-0.19278379,-1.4635546,1.0784504,72,4.0
-0.2582927,0.3181911,0.22066043,0.38492256,-1.5270203,-2.0031643,0.21556468,2.7541895,0.38233545,1.8816148,2.3190677,1.1381257,1.1079186,-1.8344623,-0.8749991,-1.292773,0.69423276,-1.7693145,1.1752357,-1.3755462,0.51392263,0.22104144,-1.3573649,0.31271523,-0.24607357,0.028199378,-0.29064038,-0.4617848,0.7769384,-1.0380628,-1.8537378,0.92253923,72,1.0
-0.22057733,0.30036363,0.35156506,0.3489176,-1.3480293,-1.8905072,0.08096143,3.3286874,0.54821974,1.83031,1.8644367,1.5613439,0.471528,-2.0363493,-1.4769938,0.26368323,-0.8596948,-0.93973905,-0.21902575,-0.82028806,0.9851886,-0.6593375,-1.1781157,-0.6364444,0.88649577,-0.11094749,-0.46980178,-0.07303947,0.23643571,-0.38296184,-1.4514389,0.6519661,72,3.0
-0.2440761,0.292666,0.21854453,0.35775417,-1.4741229,-1.9257276,0.1852841,2.6680295,0.39486676,1.8980064,2.0357153,1.1733063,1.0108042,-1.6771141,-1.0561115,-1.0340302,0.4362621,-1.7049764,0.9442978,-1.4578903,0.51640105,0.1576561,-1.3134515,0.12307797,-0.09097031,-0.0955783,-0.28178012,-0.49750057,0.67808974,-0.94403994,-1.9075499,0.9575808,72,1.0
-0.2615244,0.35677403,0.4073944,0.3871979,-1.6115224,-2.2697504,0.09684703,4.023785,0.64430225,2.3010707,2.247607,1.8786359,0.6155935,-2.3758643,-1.9094157,0.23302476,-0.8828432,-1.2117492,-0.1913701,-1.125289,1.1566635,-0.6912167,-1.4475834,-0.73775655,1.0223343,-0.19179368,-0.5089823,-0.16891578,0.28004417,-0.47345293,-1.8083363,0.84799397,72,2.0
-0.22626632,0.31505573,0.41278523,0.350909,-1.3187679,-1.9353853,0.041996308,3.858543,0.63612944,1.9643611,1.8092709,1.7969904,0.33088472,-2.0914047,-1.903882,0.7376141,-1.3353444,-0.8119647,-0.6767684,-0.8395048,1.1186544,-0.86837935,-1.0392339,-1.0227269,1.2570621,-0.282395,-0.40776223,-0.13148241,0.031364843,-0.14637145,-1.354082,0.7551723,72,3.0
-0.21262157,0.31056243,0.43785504,0.33791584,-1.2556888,-1.9217613,0.0069116517,3.828982,0.66326,1.9881071,1.5855411,1.8645082,0.15923555,-1.952418,-2.0763814,1.1613555,-1.7055877,-0.5556721,-1.047297,-0.7428533,1.1589998,-1.047548,-0.88491005,-1.2276608,1.493704,-0.37472785,-0.38264078,-0.11785449,-0.12075139,0.10388791,-1.1577649,0.7347117,72,3.0
-0.24054614,0.29432863,0.2438362,0.36237156,-1.4619441,-1.9276582,0.17360266,2.7462454,0.4190931,1.9131137,2.065658,1.2287387,0.9505257,-1.7954582,-1.0776217,-0.8751897,0.29997754,-1.5929142,0.81969607,-1.3062956,0.6204611,0.009511057,-1.350213,0.024221346,0.035540782,-0.05314526,-0.33619446,-0.3607366,0.6332456,-0.87298554,-1.8220012,0.85407275,72,1.0
-0.24696204,0.34228978,0.46242344,0.37080216,-1.4655819,-2.1720889,0.037070066,4.3036637,0.718367,2.2633376,1.9386728,2.0614085,0.310696,-2.283665,-2.2425547,1.0050299,-1.5699657,-0.8162333,-0.9093364,-0.90351725,1.2826992,-1.0189519,-1.1552889,-1.2180958,1.4559704,-0.38209173,-0.42824942,-0.17543627,-0.02446305,-0.077532105,-1.5200592,0.84448576,72,3.0
-0.07100028,0.02726868,-0.0055006146,0.11190489,-0.46246853,-0.9751523,0.029581,0.73641396,0.19414237,1.3387427,0.031715,0.6211236,0.45416832,0.21355882,-1.6370735,0.0052554086,-0.22744647,-1.4262186,0.084099635,-1.6152487,-0.042974345,0.14204794,-0.14444225,-0.485918,-0.049840763,-0.75646645,0.091493145,-0.96449393,0.19803223,-0.36045727,-1.4424586,1.0234916,72,4.0
-0.028305635,-0.029917672,-0.046199244,0.05796469,-0.2633878,-0.7315013,-0.013273233,0.38403866,0.15516259,1.1338695,-0.39202946,0.5448652,0.29955193,0.55242455,-1.7289968,0.2991658,-0.41152474,-1.2987807,-0.14770183,-1.5471451,-0.108989134,0.098556705,0.063901946,-0.64546573,0.03981579,-0.8462885,0.12712495,-0.9852734,0.064301535,-0.21006188,-1.3036536,0.97648925,72,4.0
-0.22410065,0.32762197,0.4506196,0.34662926,-1.3206466,-2.0097628,0.0047089085,4.1349063,0.69826216,2.121933,1.6450211,1.9917451,0.18312949,-2.090686,-2.34072,1.2656109,-1.7955998,-0.64747524,-1.1047038,-0.8328689,1.2334543,-1.1123539,-0.9412375,-1.3439193,1.5814428,-0.42874044,-0.40334523,-0.16323753,-0.14368984,0.101183884,-1.2845451,0.7943881,72,3.0
-0.25269833,0.34792903,0.4147076,0.38001055,-1.5101804,-2.1616445,0.080359794,3.9373636,0.6370369,2.1798327,2.0997138,1.828439,0.53616256,-2.2696133,-1.8580084,0.40591592,-1.0366472,-1.0533438,-0.31682703,-1.009326,1.14316,-0.7524443,-1.2900265,-0.84311074,1.0819778,-0.22431086,-0.46431977,-0.16947463,0.18261898,-0.34229487,-1.6233927,0.8161095,72,2.0
-0.21937269,0.31968132,0.44145533,0.34932923,-1.2931246,-1.9373947,0.015759924,3.8898911,0.6668229,1.958386,1.7337714,1.8723515,0.20117477,-2.0612757,-2.0242836,1.0987742,-1.665794,-0.61712205,-0.9769884,-0.7318053,1.1649804,-1.0199567,-0.89759994,-1.2461525,1.4801514,-0.36423522,-0.39600462,-0.13766195,-0.1097176,0.047135167,-1.2376087,0.775431,72,3.0
-0.24501106,0.3363168,0.41878715,0.37386626,-1.4256262,-2.072934,0.06664066,3.855209,0.6380777,2.0783138,1.9838578,1.8128659,0.44265163,-2.1716988,-1.8201187,0.54275465,-1.1353422,-0.9021703,-0.4503963,-0.9450443,1.0966929,-0.7554396,-1.1201459,-0.87989724,1.0938857,-0.26964134,-0.3818097,-0.22806221,0.11189047,-0.23241457,-1.4708644,0.8225222,72,2.0
-0.25427943,0.3251222,0.3155956,0.3801927,-1.531389,-2.0496414,0.14927344,3.270738,0.502445,1.9691856,2.224663,1.4952788,0.82855034,-2.11198,-1.3821735,-0.45906585,-0.1782964,-1.3990855,0.48744053,-1.2118933,0.85807323,-0.30233762,-1.4276707,-0.22867835,0.44344774,-0.026120862,-0.46767968,-0.21910878,0.5146362,-0.7796363,-1.8229314,0.7963074,72,2.0
-0.060327884,0.023291444,0.0056222714,0.10284595,-0.45333102,-0.9380451,0.0093487995,0.8130185,0.21482947,1.3125606,-0.01313343,0.7067791,0.37612692,0.20712319,-1.7662411,0.19905609,-0.43675599,-1.3342416,-0.09540168,-1.56882,0.027047202,0.03659448,-0.08983745,-0.6087175,0.1283658,-0.7830726,0.065599695,-0.9165653,0.12145445,-0.28323603,-1.3890887,1.0015239,72,4.0
-0.0023475885,-0.076119795,-0.08661285,0.008181304,-0.1585107,-0.6337811,-0.046777003,0.14875971,0.13871826,1.1807379,-0.7296336,0.53497535,0.24219874,0.8718584,-2.0582006,0.45478612,-0.5920542,-1.3824621,-0.32406938,-1.7455866,-0.1815106,0.10291552,0.238651,-0.80398655,0.06534475,-1.0309517,0.17722867,-1.1512275,-0.008256465,-0.17482507,-1.4184316,1.058024,72,4.0
-0.25631723,0.33340824,0.30998993,0.38483608,-1.5325044,-2.0433996,0.15740316,3.310516,0.4912181,2.015911,2.2703857,1.4659642,0.87212366,-2.0789006,-1.2930338,-0.5329734,-0.087387085,-1.4612718,0.55681604,-1.2249498,0.80723447,-0.23794541,-1.4445742,-0.16815995,0.35688826,-0.036510892,-0.4269874,-0.27203932,0.54983866,-0.7754265,-1.7588124,0.82017225,72,1.0
-0.25510296,0.3135905,0.24499412,0.3776999,-1.556356,-1.9994187,0.19055168,2.8536434,0.42594004,1.939595,2.2767246,1.2255652,1.0234761,-2.000819,-0.9728129,-1.0649965,0.40438718,-1.6642265,0.96047664,-1.3010559,0.6520693,0.055641674,-1.4774209,0.15095948,5.6244433e-05,0.056006264,-0.3865279,-0.30907482,0.7152962,-0.98412794,-1.8772694,0.82941186,72,1.0
-0.2196188,0.32238737,0.4529105,0.3450386,-1.2956616,-2.0122287,0.005790675,4.004145,0.69165885,2.0701542,1.6428014,1.9553167,0.16117707,-2.0532837,-2.1899252,1.2334638,-1.8042886,-0.58732605,-1.1095654,-0.7835858,1.2162352,-1.0891603,-0.92396927,-1.3136379,1.5747162,-0.4031475,-0.39514214,-0.13758424,-0.141938,0.11182462,-1.2581809,0.7772664,72,3.0
-0.26168582,0.32228157,0.25097898,0.3857022,-1.5845515,-2.0254695,0.20053734,2.9030051,0.418411,1.9781647,2.3343575,1.2448833,1.086276,-1.9123032,-0.9742157,-1.1244094,0.5151069,-1.746115,1.0766283,-1.412899,0.5910502,0.13050738,-1.4833995,0.1802321,-0.12133248,-0.014028466,-0.3299103,-0.4028977,0.7394311,-0.9976954,-1.9350673,0.9100477,72,1.0
-0.22642249,0.31608,0.4384289,0.35310572,-1.3029677,-1.9685751,0.023115631,3.8536172,0.65923774,1.915955,1.6797383,1.8680385,0.2112642,-2.0234015,-2.0330362,1.0434202,-1.6209453,-0.65159714,-0.9010481,-0.7420936,1.1457934,-0.9805345,-0.8801778,-1.1800449,1.3564644,-0.36996222,-0.37318307,-0.14952746,-0.09184923,0.033587802,-1.1683092,0.7707815,72,3.0
-0.2387419,0.32162005,0.33291498,0.3664753,-1.4368577,-1.9586492,0.11180663,3.3368404,0.5316206,1.913934,2.0278823,1.5141621,0.66870254,-2.0761895,-1.4774339,-0.10931821,-0.5055547,-1.185472,0.11056188,-1.0814459,0.9126953,-0.43136418,-1.2667059,-0.44231707,0.6773203,-0.094153285,-0.44175708,-0.19748968,0.35270768,-0.55105746,-1.5938249,0.748635,72,2.0
-0.22725666,0.29861343,0.3049878,0.3555084,-1.3775777,-1.8480365,0.12067169,3.063145,0.48345977,1.7569641,2.004684,1.3998884,0.6559712,-1.9867493,-1.2495914,-0.20314512,-0.3383983,-1.1475196,0.2717192,-0.9772997,0.8485986,-0.37603348,-1.236905,-0.33283427,0.5391283,-0.022498803,-0.4471224,-0.15472704,0.3920836,-0.5998039,-1.5394436,0.6894961,72,2.0
-0.2475388,0.3372421,0.3897564,0.3769512,-1.4984702,-2.0911548,0.08919715,3.7492979,0.6083302,2.0985963,2.1087208,1.7391244,0.56572926,-2.2633176,-1.7153182,0.2532803,-0.8777616,-1.0714493,-0.17945945,-0.96864754,1.1081984,-0.68362254,-1.3285917,-0.7128497,0.96749425,-0.149561,-0.49389553,-0.11752171,0.24069905,-0.4214466,-1.6195357,0.74575675,72,2.0
-0.032671575,-0.01618046,-0.028685141,0.06507537,-0.3090767,-0.76877,-0.016143177,0.54583055,0.18211797,1.2027875,-0.32695973,0.62398624,0.28327385,0.4646822,-1.8410685,0.35847935,-0.5419419,-1.2789062,-0.22672167,-1.5633476,-0.051438108,0.030340873,0.063406326,-0.7018802,0.14641471,-0.86150247,0.108406916,-0.9718651,0.043590855,-0.18598287,-1.3216152,0.9943579,72,4.0
-0.2489166,0.3398037,0.40086773,0.37686467,-1.4975084,-2.1395054,0.08625162,3.8374236,0.61558104,2.1460836,2.0899835,1.7917063,0.56247735,-2.208445,-1.8037682,0.3092577,-0.9392043,-1.0747141,-0.23476554,-1.028131,1.092742,-0.6812833,-1.2859738,-0.74552923,0.9764228,-0.20680124,-0.44196057,-0.19934201,0.2246399,-0.37760693,-1.6127918,0.8108598,72,2.0
-0.23364615,0.32912093,0.46712807,0.35837153,-1.3344826,-2.0274515,0.008312665,4.060397,0.7012482,2.0231984,1.7118249,1.9385405,0.164868,-2.0600502,-2.2284307,1.2765596,-1.8260324,-0.63141143,-1.0886278,-0.75879675,1.2098392,-1.0802034,-0.81993645,-1.3549197,1.4674088,-0.46905652,-0.34465247,-0.23221205,-0.164453,0.1402838,-1.1539528,0.81456417,72,3.0
-0.22427318,0.29599804,0.3529107,0.3307766,-1.3501,-2.0467427,0.060130667,3.5067105,0.58510464,2.1831002,1.7754154,1.761763,0.52212405,-1.8632188,-2.0286293,0.39951825,-1.0733813,-1.1773257,-0.35788178,-1.2189629,1.0039691,-0.6863151,-1.142204,-0.883775,1.0018239,-0.35614222,-0.40037656,-0.30936658,0.17185828,-0.3792602,-1.7097124,0.8596151,72,3.0
-0.20801112,0.303183,0.41698897,0.34229285,-1.2186791,-1.8025198,0.020221172,3.54378,0.63026625,1.7728372,1.5679221,1.6871397,0.20549473,-1.9319435,-1.7849464,0.9620382,-1.5151606,-0.5654914,-0.8632001,-0.64454097,1.0868325,-0.91933006,-0.8674123,-1.102351,1.3546613,-0.2956087,-0.38926744,-0.08086434,-0.0730496,0.017431881,-1.1066206,0.6673463,72,3.0
-0.211885,0.24680352,0.1526652,0.31372714,-1.3198419,-1.7228717,0.17171064,2.1099668,0.31933314,1.7847726,1.6503149,0.92259073,1.0110093,-1.2746735,-0.9882596,-0.9895095,0.5413922,-1.7668929,0.99914193,-1.6046159,0.32078752,0.30335906,-1.1060883,0.15454753,-0.2848818,-0.214655,-0.1508516,-0.63959557,0.64958495,-0.8976181,-1.8533283,1.0009165,72,1.0
-0.24277645,0.29115388,0.18922246,0.3616774,-1.4896641,-1.8604873,0.2054243,2.4203997,0.34252158,1.8905336,2.0674715,1.0211095,1.1036278,-1.6117216,-0.86671346,-1.2951882,0.74494714,-1.7944168,1.1924602,-1.4839742,0.36570424,0.36017805,-1.3019304,0.32501894,-0.3250505,-0.07823235,-0.19836903,-0.5678685,0.7731077,-1.0223715,-1.899966,0.98067784,72,1.0
-0.20765945,0.23465176,0.17222574,0.30675006,-1.2728215,-1.7535827,0.15385412,2.2537465,0.35182703,1.8194591,1.6256211,1.0668811,0.9085531,-1.2807013,-1.1635542,-0.81622165,0.32710916,-1.6890831,0.79865944,-1.5127692,0.4013887,0.14810991,-1.1053277,-0.016846992,-0.09680432,-0.24005482,-0.19782327,-0.5769389,0.58466583,-0.82240254,-1.8060772,0.9662922,72,1.0
-0.015964618,-0.054650296,-0.067995116,0.025090955,-0.23988333,-0.7442561,-0.03539014,0.36657605,0.16043827,1.3056948,-0.5805729,0.61677855,0.2881665,0.7635214,-2.1209543,0.44137824,-0.615965,-1.4476863,-0.2881064,-1.8206987,-0.1411103,0.092523046,0.20951147,-0.80427843,0.081790805,-1.0341494,0.1859086,-1.174086,0.0090021305,-0.17689937,-1.4603646,1.1274421,72,4.0
-0.25607252,0.30355102,0.21078204,0.3763904,-1.5590041,-2.0006697,0.21100709,2.7391577,0.38428855,1.9625803,2.2826464,1.141353,1.1084777,-1.8011636,-0.92714685,-1.2760165,0.67149085,-1.8431551,1.1921302,-1.4657516,0.50686103,0.24492544,-1.3690517,0.2813086,-0.2624633,-0.022277536,-0.27800953,-0.5153707,0.76679975,-1.0493724,-1.9299895,0.96509194,72,1.0
-0.23990175,0.32593113,0.41914105,0.3543769,-1.451516,-2.1190534,0.048791632,4.035314,0.66716284,2.2356913,1.8301474,1.9576269,0.41773933,-2.1009772,-2.220049,0.7396752,-1.3806543,-1.072174,-0.65464234,-1.1414764,1.1504976,-0.84807533,-1.0958369,-1.1138718,1.2561527,-0.43275395,-0.37971538,-0.3092413,0.04716208,-0.21421197,-1.668837,0.9284969,72,3.0
-0.0360405,-0.018445693,-0.03993045,0.06496017,-0.32739568,-0.7750977,-0.00786242,0.483346,0.17167899,1.213551,-0.30075604,0.5768777,0.33189234,0.5011318,-1.7457423,0.24558857,-0.35328454,-1.3450922,-0.12083888,-1.6150205,-0.10277767,0.118561454,0.035651453,-0.6311872,0.038771342,-0.86107576,0.12931891,-1.0026966,0.07742207,-0.24959666,-1.3606154,1.00664,72,4.0
-0.24566117,0.31375784,0.2882575,0.3725487,-1.5018182,-1.9496896,0.15751773,3.144338,0.4655918,1.9281478,2.1872303,1.3377419,0.87947166,-2.0727057,-1.1508098,-0.6661736,0.030223794,-1.4100873,0.6044788,-1.18346,0.74206275,-0.1822359,-1.464236,-0.085056216,0.28569365,0.00040732138,-0.44112116,-0.1979358,0.5808811,-0.81810105,-1.796546,0.7601517,72,2.0
-0.24855414,0.31134626,0.28927657,0.37302992,-1.5159674,-1.9815673,0.15979125,3.080665,0.4694715,1.9236624,2.180339,1.3867294,0.8892313,-1.9825336,-1.202157,-0.66436607,0.00024906546,-1.4694307,0.6001142,-1.2258382,0.777615,-0.17514515,-1.4324726,-0.14359677,0.27800596,-0.043363005,-0.41480154,-0.25968763,0.5653673,-0.80122954,-1.878307,0.82626444,72,1.0
-0.20946041,0.2913905,0.4096241,0.3298445,-1.223253,-1.8431356,0.010789308,3.6239908,0.6277426,1.8796617,1.5563853,1.7372532,0.17473188,-1.872152,-1.9488678,1.1050973,-1.6221488,-0.58436483,-0.9286172,-0.72061837,1.0713713,-0.95149744,-0.80307776,-1.2045113,1.3700254,-0.39132744,-0.33776885,-0.17627975,-0.11602809,0.05758804,-1.1469195,0.76170594,72,3.0
-0.002929002,-0.07005985,-0.089112684,0.012259133,-0.14675117,-0.5999191,-0.039241236,0.12531537,0.12849307,1.1146772,-0.69374394,0.49361527,0.25056398,0.8447498,-1.9562368,0.43168336,-0.51365453,-1.3538821,-0.25793743,-1.7008915,-0.20603128,0.12324076,0.24955492,-0.76763517,0.031743616,-0.99087447,0.18661298,-1.1345254,-0.0016373843,-0.17643729,-1.3491672,1.0452534,72,4.0
-0.05640218,0.019295078,0.028133953,0.09638476,-0.4557405,-0.9390987,-0.012771026,0.9366928,0.24378246,1.3267919,-0.07945295,0.79606855,0.29846048,0.20121661,-1.8847656,0.4107148,-0.64696896,-1.2523706,-0.29368344,-1.5454242,0.10102711,-0.07509883,-0.07868825,-0.7647819,0.2819295,-0.8166613,0.044490784,-0.88179225,0.04698407,-0.19953936,-1.3954078,0.9768843,72,4.0
-0.0050567174,-0.07009567,-0.07592751,0.0122581795,-0.19158137,-0.63086146,-0.047906388,0.1993795,0.1543561,1.1792592,-0.6799749,0.6132572,0.2282637,0.8000086,-2.045896,0.45156744,-0.60300153,-1.3282752,-0.37298834,-1.7218564,-0.1648478,0.078002736,0.21925858,-0.8444009,0.14215183,-1.00798,0.15117423,-1.0980802,-0.02023159,-0.16658016,-1.3852853,1.0424652,72,4.0
-0.23331225,0.3213363,0.4464613,0.36163056,-1.3178536,-1.9769226,0.025775801,3.875028,0.66606957,1.9212953,1.7386614,1.8639697,0.20301828,-2.1010962,-1.9440494,1.0303891,-1.5838974,-0.62153023,-0.8848609,-0.72903717,1.1405606,-0.9498215,-0.8646237,-1.1836158,1.3503397,-0.36894122,-0.34452826,-0.1827307,-0.091944404,0.05027062,-1.184823,0.7768292,72,3.0
-0.25732815,0.31426775,0.21867232,0.380174,-1.5583165,-2.04133,0.21181025,2.7577965,0.38745484,1.9472972,2.3369348,1.1337917,1.1194053,-1.8259327,-1.0052189,-1.2728984,0.6461571,-1.8588692,1.1669627,-1.4885325,0.50969446,0.22515923,-1.3987962,0.28684372,-0.24236259,-0.014951913,-0.2908976,-0.5033624,0.7683994,-1.0631441,-1.9367428,0.96291476,72,1.0
-0.0023557562,-0.07479702,-0.082246944,0.010077059,-0.17812091,-0.6059678,-0.04850652,0.08036105,0.142156,1.1282172,-0.67903036,0.5235421,0.21975568,0.862643,-2.07354,0.48130167,-0.62635845,-1.3186344,-0.40448925,-1.6440659,-0.15113838,0.071461186,0.27320215,-0.79810774,0.094477594,-0.99740475,0.15448014,-1.1042751,-0.006661065,-0.15308733,-1.3186148,1.0053161,72,4.0
-0.0069127874,-0.061351005,-0.080707476,0.019609474,-0.16569114,-0.6465139,-0.03865076,0.1734374,0.13695334,1.1348817,-0.6870953,0.49960274,0.26035962,0.79693925,-1.968945,0.45450112,-0.52614594,-1.3472863,-0.2595923,-1.680831,-0.17482367,0.11457629,0.23040786,-0.7736204,0.031325504,-0.9934923,0.18892439,-1.1382653,0.0016409531,-0.16875333,-1.3546942,1.047962,72,4.0
-0.008137982,-0.06582172,-0.07018328,0.018909939,-0.19922325,-0.68829757,-0.042523846,0.24367148,0.1517881,1.2244848,-0.6633486,0.6013095,0.24592963,0.7956144,-2.0572762,0.46637985,-0.63255876,-1.366762,-0.3311923,-1.7388039,-0.14191814,0.07095597,0.20358792,-0.8259988,0.10120546,-1.0141964,0.16197933,-1.1233132,-0.0055107176,-0.16192243,-1.4117253,1.0678718,72,4.0
-0.25372246,0.3467568,0.39689982,0.38274097,-1.5235394,-2.1693237,0.09678734,3.8369582,0.61514145,2.180213,2.1560535,1.7934577,0.6083907,-2.2619026,-1.7857292,0.2263211,-0.8586714,-1.148674,-0.14844367,-1.079658,1.1046548,-0.6607992,-1.3660502,-0.7024851,0.9394113,-0.17943726,-0.48019516,-0.1825894,0.2769113,-0.43671614,-1.6523504,0.8125373,72,2.0
-0.23197034,0.31826895,0.37687665,0.3612234,-1.3837247,-1.9373802,0.07792764,3.5671122,0.57612425,1.8882124,1.945606,1.657634,0.47271505,-2.0989685,-1.6327,0.3536,-0.90860146,-0.9447355,-0.2550782,-0.8814242,1.0279068,-0.6895725,-1.1586376,-0.71902317,0.9589581,-0.1424338,-0.45322055,-0.13298209,0.19585289,-0.35476905,-1.4554899,0.7136741,72,2.0
-0.2285741,0.2922847,0.2850842,0.35016948,-1.4211845,-1.9408783,0.12790062,3.0401907,0.4857858,1.9532073,1.9683356,1.396213,0.766277,-1.9216245,-1.3501377,-0.3602961,-0.23208293,-1.3452526,0.33798555,-1.1403458,0.81355906,-0.30074903,-1.3287861,-0.30570984,0.44538012,-0.08684546,-0.42349637,-0.23189631,0.45912337,-0.6971776,-1.7636768,0.7649978,72,2.0
-0.25688338,0.306816,0.19817239,0.37872988,-1.5394169,-1.9539883,0.22084168,2.5760658,0.3595168,1.8796712,2.2393782,1.0948783,1.1302279,-1.7631967,-0.8017024,-1.3578262,0.8081253,-1.7998961,1.2944698,-1.4385362,0.44148955,0.29236916,-1.3894941,0.36205727,-0.32554662,0.018659692,-0.27627596,-0.4961325,0.81481636,-1.0662535,-1.9228678,0.95370466,72,1.0
-0.22193545,0.3231693,0.43450943,0.34892076,-1.3162606,-2.0468452,0.0243332,3.8826673,0.6668271,2.0598474,1.7066216,1.8803393,0.25314826,-2.0699537,-2.0572345,0.997299,-1.5902572,-0.6882324,-0.89101547,-0.81475836,1.189687,-0.99636614,-1.0174679,-1.162179,1.4388419,-0.32159907,-0.42800456,-0.11331043,-0.047228694,-0.021364234,-1.32996,0.7488774,72,3.0
-0.009576365,-0.059053157,-0.06373164,0.02176977,-0.22268471,-0.6545268,-0.04343987,0.29630363,0.1577984,1.1729417,-0.61569583,0.59489846,0.24249771,0.73484164,-1.9860821,0.4654825,-0.6576385,-1.3089709,-0.35317245,-1.6664917,-0.14013742,0.057317078,0.18623628,-0.82762235,0.13524905,-0.97819203,0.1467455,-1.084742,-0.013280384,-0.14721186,-1.3685316,1.0289745,72,4.0
-0.25993162,0.32523918,0.27585045,0.3865698,-1.5830417,-2.046663,0.18252467,3.076514,0.45780692,2.033563,2.3142233,1.3261455,1.0045137,-2.0423446,-1.1118698,-0.9123934,0.25788674,-1.6344362,0.8375834,-1.309838,0.7325983,-0.039055366,-1.4974637,0.030708104,0.11517657,-0.009294901,-0.40022373,-0.30672285,0.6645848,-0.929637,-1.9200208,0.8578506,72,1.0
-0.2515385,0.3433369,0.35192978,0.3823961,-1.5328547,-2.2001653,0.12979451,3.6092663,0.55963284,2.0976574,2.2265584,1.6238029,0.7146419,-2.240448,-1.5341055,-0.18851024,-0.4575613,-1.3001753,0.18174717,-1.109966,1.0081593,-0.47685546,-1.4870768,-0.423261,0.7189679,-0.06326656,-0.48529577,-0.15371864,0.42715347,-0.63448,-1.7958537,0.79077256,72,2.0
-0.2450428,0.29893687,0.20570076,0.37407517,-1.4659982,-1.8840886,0.21073776,2.5734174,0.35495812,1.7603978,2.201867,1.0757554,1.0486556,-1.790483,-0.7347946,-1.2890673,0.7429123,-1.6450955,1.1591947,-1.2787051,0.47806183,0.22774339,-1.3148001,0.36743826,-0.2616389,0.06474766,-0.30031848,-0.414806,0.77126086,-0.99927574,-1.7878574,0.8139603,72,1.0
-0.22986507,0.2958533,0.31504443,0.34365863,-1.4226675,-2.0341277,0.1044099,3.3175986,0.5331678,2.1051922,1.8875701,1.5725366,0.6907904,-1.925966,-1.6780176,-0.04580438,-0.6136925,-1.3478777,0.06554356,-1.258369,0.9072876,-0.44635242,-1.2871054,-0.5724286,0.6785031,-0.22916993,-0.4175309,-0.28647944,0.3555144,-0.5902815,-1.81916,0.85014045,72,3.0
-0.26022732,0.3398766,0.33994275,0.38692385,-1.5764431,-2.1642606,0.14034644,3.499778,0.5410039,2.1428337,2.3008358,1.5596635,0.82247496,-2.1931775,-1.4549956,-0.36049944,-0.29742292,-1.4144604,0.35752288,-1.2167182,0.9157228,-0.33888194,-1.4502734,-0.34486604,0.5413468,-0.0998119,-0.43246478,-0.25643602,0.46662727,-0.7027178,-1.8223964,0.8619721,72,2.0
-0.23179683,0.32414716,0.40895197,0.36030567,-1.3953986,-2.0008802,0.051081896,3.8075244,0.6356279,2.0133789,1.9288259,1.7793262,0.3732133,-2.221804,-1.8190446,0.67216784,-1.2879157,-0.8289332,-0.6022481,-0.7989356,1.1534603,-0.8674534,-1.1585122,-0.97144675,1.234328,-0.20426726,-0.4747008,-0.07404432,0.08051984,-0.217294,-1.4473848,0.69662714,72,3.0
-0.0042134756,-0.077623874,-0.09224832,0.00782977,-0.15751302,-0.6495413,-0.042871565,0.10326555,0.1320898,1.1593065,-0.7065413,0.5372159,0.24675071,0.8432247,-2.0751746,0.39901122,-0.55254865,-1.3893006,-0.30476528,-1.755533,-0.20073748,0.0856112,0.265295,-0.7882562,0.14431469,-0.9914223,0.1564207,-1.1438471,0.024607498,-0.21280625,-1.3890858,1.0596768,72,4.0
-0.009166803,-0.06336576,-0.07594012,0.019156672,-0.19989994,-0.68113595,-0.039301597,0.24137074,0.14746615,1.2278076,-0.64623874,0.5597986,0.2629026,0.8022787,-2.0431092,0.45020768,-0.5948431,-1.3839372,-0.29332888,-1.7507889,-0.15872516,0.08902571,0.221857,-0.7933778,0.07322241,-1.0128604,0.17730822,-1.1426799,0.0049421787,-0.16498424,-1.4106957,1.0747759,72,4.0
-0.24621609,0.32644692,0.32648203,0.37733704,-1.5140359,-2.038371,0.13381615,3.3599327,0.5301246,2.0105863,2.2005963,1.5126582,0.7677767,-2.1899855,-1.3452947,-0.32013547,-0.3373967,-1.3058609,0.29407188,-1.0607481,0.93326926,-0.39472553,-1.4383384,-0.3399612,0.56509644,-0.023239478,-0.47886539,-0.14420012,0.46412823,-0.6945716,-1.7806989,0.736236,72,2.0
-0.24712065,0.29008403,0.19798076,0.35872036,-1.4786288,-1.9044223,0.20126437,2.537726,0.36322162,1.8980532,2.0773327,1.0808817,1.0918083,-1.5919749,-0.95201075,-1.1906269,0.61562836,-1.8673772,1.1022013,-1.5191474,0.42472252,0.23475543,-1.3445317,0.21843545,-0.2344856,-0.07767131,-0.25764367,-0.5309115,0.74142057,-1.0060099,-1.9373393,0.9757511,72,1.0
-0.18290609,0.22950374,0.31609443,0.27213663,-1.1002773,-1.7325897,0.012202676,3.1446593,0.5617516,1.9343432,1.1636397,1.6918935,0.2815876,-1.3639667,-2.2827468,0.8711983,-1.3941554,-1.0184666,-0.76254076,-1.1860297,0.8523883,-0.70631117,-0.65820485,-1.1692612,1.0994016,-0.6357769,-0.21254823,-0.51507896,-0.05477781,-0.080438174,-1.4925989,0.97116715,72,3.0
-0.22837684,0.30642605,0.31713146,0.3559025,-1.3962336,-1.9085186,0.114819236,3.1841786,0.5137098,1.8504007,2.0105348,1.4487453,0.66023034,-2.019098,-1.3540194,-0.1493913,-0.49115217,-1.177206,0.1297806,-0.980902,0.90049666,-0.4745973,-1.298466,-0.4082845,0.6159345,-0.059071716,-0.46906728,-0.11802656,0.38478875,-0.56718063,-1.6147624,0.69137603,72,2.0
-0.004110954,-0.07198268,-0.08145571,0.014933556,-0.16239986,-0.6265468,-0.04363942,0.16730407,0.13652539,1.1146765,-0.6953371,0.55237496,0.23415837,0.80774695,-1.9997604,0.45182848,-0.5777292,-1.3337039,-0.3175938,-1.6674545,-0.16612238,0.08141174,0.2212515,-0.7899923,0.079350226,-0.9820861,0.1494951,-1.1093966,-0.010311775,-0.18311152,-1.3335587,1.0210865,72,4.0
-0.23399433,0.28850803,0.22468387,0.35406178,-1.433644,-1.8401955,0.17512015,2.7120132,0.3906816,1.8559397,2.060241,1.1530321,0.9690902,-1.7869825,-1.0422984,-0.9504624,0.34011278,-1.581652,0.8695211,-1.3166428,0.5421593,0.070015445,-1.3305888,0.10344753,-0.024008237,-0.029754214,-0.3306378,-0.38392025,0.6667003,-0.90077144,-1.8120877,0.8414334,72,1.0
-0.2006945,0.29069203,0.39198932,0.32117262,-1.2316151,-1.8417535,0.015385408,3.5634594,0.612217,1.8748758,1.5228698,1.7347047,0.21455637,-1.8622359,-1.9680719,0.9755634,-1.4992796,-0.6834517,-0.8857549,-0.78871936,1.0682551,-0.89606,-0.8566804,-1.1316514,1.3178924,-0.38296124,-0.3673358,-0.17371173,-0.069021024,-0.013167225,-1.2401215,0.75043225,72,3.0
-0.2565281,0.2996236,0.20254698,0.36968687,-1.5211692,-1.9354063,0.21059145,2.567953,0.37027535,1.9704925,2.1591318,1.1120332,1.1399384,-1.6139799,-0.90320235,-1.2866142,0.7061905,-1.9059254,1.2233227,-1.5843768,0.42303115,0.312157,-1.3359549,0.25666678,-0.33972362,-0.11153339,-0.22324152,-0.588403,0.77303314,-1.0240405,-1.9648834,1.0391768,72,1.0
-0.25050706,0.32284766,0.31220874,0.3764521,-1.5164775,-2.0474467,0.14311174,3.2858212,0.510029,2.0226529,2.1978998,1.4583902,0.828191,-2.1209295,-1.3148444,-0.4635011,-0.18352559,-1.4003958,0.4407621,-1.1616206,0.8722953,-0.29050988,-1.4296303,-0.2605117,0.4598529,-0.059690163,-0.44611502,-0.22909573,0.497194,-0.74684477,-1.8126162,0.8035875,72,2.0
-0.24151954,0.31722924,0.34718955,0.36030915,-1.4706897,-2.1090717,0.10431507,3.550618,0.56618166,2.1597867,2.016866,1.6662468,0.67454565,-2.0833883,-1.7210424,0.026863553,-0.74011993,-1.3000331,-0.009776913,-1.2022138,1.0031298,-0.5372796,-1.3566165,-0.62599236,0.7954347,-0.1908649,-0.4628715,-0.21840513,0.33611205,-0.5669577,-1.8153411,0.8308076,72,2.0
-0.0197582,-0.04478487,-0.06552151,0.039226197,-0.22835958,-0.7107294,-0.021757476,0.2900401,0.14852391,1.196296,-0.50837886,0.5169255,0.29637015,0.6936779,-1.8678412,0.34338695,-0.445311,-1.3617406,-0.18544503,-1.6792703,-0.16020238,0.12335063,0.16965245,-0.69526094,0.018907115,-0.937813,0.17219983,-1.089668,0.042037554,-0.20598453,-1.3594525,1.0473281,72,4.0
-0.2424851,0.33715832,0.40325302,0.3709919,-1.4585985,-2.0836556,0.07384864,3.817821,0.622852,2.0880613,2.0249705,1.7753572,0.49329415,-2.2307017,-1.8134899,0.45595253,-1.0736915,-0.9899695,-0.36060873,-0.93314856,1.1312011,-0.7644522,-1.2575715,-0.8507585,1.0887902,-0.19665085,-0.47391772,-0.12420121,0.1624279,-0.3105978,-1.5274882,0.7546761,72,3.0
-0.24252859,0.30905336,0.23916796,0.36574882,-1.445081,-1.9201258,0.1779755,2.7166467,0.40746936,1.8616831,2.1663299,1.1596335,0.9841047,-1.8211069,-1.0060625,-0.92095226,0.3765491,-1.5614606,0.8956144,-1.3368156,0.5729415,0.06579206,-1.3800262,0.094335794,-0.012740098,-0.039715603,-0.30800384,-0.4144038,0.6522192,-0.90072966,-1.8355871,0.87783515,72,1.0
-0.24952522,0.3021817,0.21214719,0.3674826,-1.5017128,-1.9288313,0.2022993,2.6054816,0.38084117,1.8871566,2.082976,1.1190155,1.0589616,-1.6202393,-0.9063291,-1.1942358,0.6286853,-1.7534316,1.0829706,-1.4616551,0.4612392,0.25903025,-1.3389486,0.23689227,-0.20950967,-0.084201194,-0.23640816,-0.54623926,0.72757924,-0.9785706,-1.916874,0.99144095,72,1.0
-0.01286098,-0.05643988,-0.082703516,0.029582389,-0.16122526,-0.6373216,-0.023736887,0.13407208,0.12510896,1.079528,-0.5855212,0.45251992,0.27869922,0.771639,-1.8093872,0.33683214,-0.38981116,-1.336328,-0.15882751,-1.6368766,-0.21179985,0.15939012,0.2189718,-0.6820979,-0.022467636,-0.9307409,0.18849497,-1.1015096,0.035773233,-0.20442754,-1.3003045,1.017177,72,4.0
-0.2574905,0.31106323,0.20339283,0.38295847,-1.5372671,-1.9833812,0.22653943,2.649069,0.35617688,1.8458533,2.335509,1.0715094,1.1605736,-1.802835,-0.7941947,-1.4412966,0.85059035,-1.8419087,1.2992474,-1.422446,0.4635948,0.30266774,-1.3904225,0.43003225,-0.35158414,0.052230705,-0.2796177,-0.47648624,0.832731,-1.0944206,-1.9070855,0.90820396,72,1.0
-0.2523735,0.32733488,0.3181179,0.37987846,-1.5331161,-2.0665956,0.14233375,3.3455603,0.5180587,2.0466425,2.2178476,1.487286,0.82213306,-2.1534193,-1.3534861,-0.43568575,-0.21936622,-1.3921728,0.42094427,-1.1627824,0.8980963,-0.31362516,-1.4434894,-0.27809268,0.48368144,-0.052469503,-0.45781195,-0.21390554,0.49578497,-0.7421389,-1.8173997,0.7939101,72,2.0
-0.24636337,0.31530243,0.28484014,0.37207693,-1.5029472,-1.9528724,0.15750676,3.1043599,0.4657699,1.9557123,2.1654286,1.3310454,0.8788575,-2.0475912,-1.1192689,-0.66545683,0.08262605,-1.4227022,0.6011688,-1.1983116,0.72665,-0.15501055,-1.4293278,-0.082310565,0.2677995,-0.020336092,-0.4171847,-0.22254112,0.5815117,-0.8188466,-1.8023478,0.78740686,72,2.0
-0.25280258,0.30765876,0.23251377,0.3729801,-1.5211672,-1.9482365,0.1964456,2.7268167,0.40197518,1.950448,2.2325554,1.1561121,1.0649741,-1.785781,-0.9682232,-1.149765,0.5445104,-1.740157,1.0523915,-1.4466016,0.54786783,0.17129207,-1.3964103,0.18377124,-0.1305703,-0.064753115,-0.29054445,-0.46121258,0.7240532,-0.9999786,-1.9520593,0.9344307,72,1.0
-0.0039507225,-0.07252136,-0.090453014,0.008768186,-0.17811194,-0.61907744,-0.04093646,0.14689484,0.13311344,1.1848806,-0.70693874,0.51015764,0.26917443,0.8704859,-2.0421875,0.41452888,-0.5624747,-1.4152497,-0.2709778,-1.790899,-0.20832464,0.14197913,0.26597548,-0.79611343,0.0320512,-1.0271116,0.18989174,-1.1829746,0.0021265373,-0.1790371,-1.4219298,1.0819464,72,4.0
-0.24788892,0.3504606,0.40937796,0.3785544,-1.5077457,-2.1355522,0.078609966,3.9248009,0.6327163,2.1509619,2.123907,1.8118079,0.5211225,-2.315168,-1.8332198,0.41615972,-1.0620713,-1.0231496,-0.35004607,-0.9522121,1.1467639,-0.756463,-1.299825,-0.8203874,1.1076934,-0.17637013,-0.49368352,-0.10493898,0.18509552,-0.33607122,-1.5390961,0.76527053,72,2.0
-0.21406451,0.31277627,0.4534783,0.3415803,-1.2385694,-1.8733128,-0.0012557143,3.8939614,0.6777179,1.903624,1.5972873,1.9135634,0.10642141,-1.9754865,-2.0715435,1.2932317,-1.8309342,-0.4930526,-1.161151,-0.6658949,1.1691186,-1.0937673,-0.8100235,-1.3365276,1.5747203,-0.4145425,-0.36293924,-0.13816327,-0.18503273,0.1645276,-1.1122229,0.7554337,72,3.0
-0.23036736,0.33011243,0.4413773,0.35327438,-1.3769011,-2.0291767,0.019653656,3.963645,0.6726644,2.1039517,1.7829418,1.9322286,0.29648295,-2.068671,-2.21222,0.981742,-1.586034,-0.7814837,-0.8238301,-0.8700007,1.1787163,-0.98803705,-0.9786719,-1.2210324,1.3981038,-0.39068568,-0.38406587,-0.23325095,-0.069563694,-0.038579743,-1.3906888,0.8523712,72,3.0
-0.006382902,-0.067582026,-0.07726365,0.014327697,-0.206267,-0.68878806,-0.045488328,0.19846505,0.14922288,1.2096008,-0.68493414,0.6151894,0.26230243,0.800376,-2.1368086,0.49818987,-0.6383683,-1.4099097,-0.32400492,-1.7491755,-0.13126789,0.08320398,0.21507853,-0.83186567,0.08175417,-1.0314317,0.16184713,-1.1595408,7.376075e-05,-0.19370098,-1.424771,1.0918441,72,4.0
-0.22454229,0.3286179,0.43881732,0.3497012,-1.3420509,-2.0415337,0.018672924,3.9767036,0.6774932,2.0995786,1.7165874,1.914502,0.2408993,-2.1180398,-2.1480503,1.0600476,-1.6271951,-0.68735975,-0.9272841,-0.8155941,1.2078695,-1.0257765,-1.0266908,-1.1888998,1.4627006,-0.34604597,-0.43046987,-0.11830223,-0.063003905,0.0027347952,-1.306651,0.76139045,72,3.0
-0.23628011,0.3006804,0.31368226,0.34855336,-1.4649534,-2.0475364,0.11149627,3.3476431,0.52961123,2.1304321,1.9513783,1.5780938,0.73735064,-1.9580538,-1.6741946,-0.15011536,-0.51774836,-1.4050682,0.16099888,-1.3180203,0.8844783,-0.40020868,-1.2985064,-0.49959356,0.6293014,-0.2124702,-0.42959046,-0.29979005,0.39635476,-0.64170593,-1.8612136,0.8714919,72,1.0
-0.23202172,0.28329855,0.19509406,0.35060483,-1.4266887,-1.7876713,0.18424109,2.458869,0.36150703,1.8102548,1.9501469,1.0605813,0.99406993,-1.6272093,-0.92250377,-1.0922384,0.56049156,-1.635963,0.995473,-1.3813269,0.43998295,0.2382946,-1.2474705,0.20141084,-0.15867913,-0.072660804,-0.25287944,-0.4897806,0.69472766,-0.93809676,-1.8251072,0.9144332,72,1.0
-0.23919743,0.29867053,0.24044035,0.3581015,-1.4750528,-1.8756472,0.17220005,2.8047783,0.41228244,1.8942,2.0744042,1.2234974,0.95099676,-1.857095,-1.0976243,-0.8750428,0.2726,-1.5545969,0.7988024,-1.3097565,0.6111153,0.01049301,-1.3655584,0.053855225,0.09143977,-0.02717663,-0.377824,-0.3417225,0.6609117,-0.90577143,-1.8574151,0.82921195,72,2.0
-0.22023135,0.26940367,0.2465344,0.33333054,-1.3541284,-1.8724633,0.13576153,2.7277992,0.4346369,1.8910128,1.8037338,1.2778352,0.8085067,-1.6666108,-1.2858777,-0.5168421,-0.044944704,-1.4682511,0.49526381,-1.2920763,0.6495494,-0.14187528,-1.2190521,-0.21790329,0.25269318,-0.16245379,-0.33342922,-0.36158833,0.50061417,-0.72904974,-1.754964,0.8444098,72,1.0
-0.24122131,0.33683875,0.43748268,0.3677976,-1.4633218,-2.1174283,0.047256593,4.0988555,0.6759692,2.1420355,1.9380453,1.9217539,0.36940995,-2.2298791,-2.0931215,0.8017037,-1.3645265,-0.90054893,-0.7077964,-0.9552443,1.2198693,-0.9259851,-1.1470443,-1.0830615,1.3115491,-0.3245775,-0.44810873,-0.16268869,0.044137508,-0.17863828,-1.5723419,0.81215054,72,2.0
-0.25312468,0.31141987,0.22579855,0.37495995,-1.5190498,-1.956319,0.20266634,2.6731699,0.38698283,1.903547,2.2463298,1.138195,1.0970578,-1.7872323,-0.9171694,-1.1843791,0.6041956,-1.7524171,1.143233,-1.4696984,0.51053494,0.21869218,-1.4131435,0.22786893,-0.2297121,-0.040797994,-0.28049332,-0.48524255,0.7519764,-1.0117604,-1.957367,0.937343,72,1.0
-0.0067739217,-0.063204646,-0.08202511,0.018651888,-0.14939085,-0.60948193,-0.03686523,0.16363947,0.13165945,1.0808719,-0.65183973,0.49020773,0.24317291,0.7822888,-1.8958869,0.41605613,-0.48005697,-1.3231891,-0.2505992,-1.646405,-0.19129337,0.11662281,0.21610229,-0.75365835,0.04632109,-0.96104354,0.17600794,-1.0946009,-0.00089125335,-0.1822359,-1.3274833,1.0107083,72,4.0
-0.004466437,-0.06636368,-0.07840076,0.014923461,-0.18600719,-0.63600975,-0.044104658,0.15064016,0.14639133,1.13412,-0.68665236,0.5462633,0.25196907,0.8330943,-2.0381806,0.47180572,-0.5672106,-1.3596979,-0.30575514,-1.6862175,-0.14738327,0.095616125,0.2312811,-0.79305327,0.0712416,-1.0085106,0.17026524,-1.1321409,-0.002122067,-0.19074965,-1.3866466,1.0505558,72,4.0
-0.2362895,0.33475512,0.4258772,0.36121142,-1.4059149,-2.116242,0.04581918,3.9532673,0.65694106,2.1361406,1.9029921,1.8731451,0.37253606,-2.1939802,-2.017146,0.78468996,-1.3944519,-0.87284946,-0.68351567,-0.91819364,1.1838013,-0.90485466,-1.1524581,-1.0856297,1.3272352,-0.2939263,-0.44824433,-0.1353533,0.036333457,-0.14643724,-1.4492586,0.79569113,72,3.0
-0.0077470783,-0.07116425,-0.08378066,0.009810969,-0.24059302,-0.67347,-0.044532616,0.20584196,0.14608915,1.2150856,-0.661857,0.61832356,0.2676878,0.7595012,-2.1297185,0.41688028,-0.6391718,-1.3969916,-0.3332423,-1.7672815,-0.17310357,0.089527376,0.21268582,-0.8204369,0.15032993,-0.99980044,0.13759254,-1.1256249,0.023814857,-0.21211824,-1.4248555,1.071537,72,4.0
-0.24162072,0.28579098,0.2076946,0.35821712,-1.4560975,-1.8663031,0.19381274,2.5266967,0.36664066,1.8521404,2.0995088,1.0701969,1.040906,-1.6434196,-0.96570724,-1.0983901,0.5306461,-1.7493685,1.0487645,-1.4394321,0.46294153,0.19573581,-1.314082,0.19424905,-0.18539447,-0.054934736,-0.27434015,-0.47586092,0.7201537,-0.98832166,-1.868779,0.9184433,72,1.0
-0.016872082,-0.05092453,-0.04781187,0.027526155,-0.24516241,-0.73301536,-0.046222117,0.4741574,0.18266344,1.2629205,-0.5804807,0.6823389,0.23159084,0.6579843,-2.1221468,0.5262836,-0.7042171,-1.3329356,-0.39989617,-1.7275419,-0.08997954,0.0012404211,0.14501709,-0.885099,0.20713872,-0.9983348,0.12576829,-1.0704772,-0.027041666,-0.15666695,-1.4471918,1.0419383,72,4.0
-0.22922027,0.33068818,0.44391435,0.35488063,-1.363613,-2.051895,0.023384018,4.06882,0.67985505,2.1043484,1.8191911,1.92102,0.25747168,-2.1316278,-2.169875,1.0642457,-1.6476429,-0.7150257,-0.9502925,-0.82371426,1.2124711,-1.0263345,-0.98992306,-1.2353561,1.4740561,-0.37823215,-0.40736747,-0.16211894,-0.061063923,-0.007443136,-1.36387,0.81096846,72,3.0
-0.029887877,-0.031891678,-0.03846701,0.049106993,-0.30386847,-0.7974897,-0.024761014,0.5493398,0.1851487,1.3152249,-0.39440924,0.66233414,0.29992545,0.5783068,-2.0116045,0.3821628,-0.5795334,-1.3964047,-0.2558605,-1.7432971,-0.08265203,0.054205857,0.114726305,-0.76775014,0.1287646,-0.95845884,0.1404118,-1.0712771,0.028915077,-0.20029621,-1.4440691,1.0728283,72,4.0
-0.19964093,0.23839729,0.19634037,0.3037452,-1.2478341,-1.7328804,0.1305354,2.4034317,0.3874343,1.8322324,1.6260293,1.1202309,0.7941345,-1.4168358,-1.3158638,-0.53626895,0.0579044,-1.5208892,0.54365337,-1.3873188,0.51606596,-0.030030277,-1.1151865,-0.14913505,0.14150515,-0.21609198,-0.27565503,-0.46845314,0.49704045,-0.72929305,-1.7523924,0.87741625,72,1.0
-0.26007482,0.34919554,0.3710632,0.38534448,-1.581475,-2.2189438,0.1157051,3.7504313,0.5930111,2.2430015,2.255409,1.7190967,0.7134909,-2.254012,-1.738533,-0.023517698,-0.64034134,-1.3215864,0.05144243,-1.1957715,1.0288346,-0.51690215,-1.4014373,-0.5800606,0.7970955,-0.17020814,-0.45777243,-0.23676458,0.3556251,-0.567385,-1.790515,0.88006884,72,2.0
-0.25988346,0.33324173,0.3129191,0.3865466,-1.5872141,-2.106758,0.15790667,3.3507085,0.5050681,2.0417132,2.3050551,1.4875851,0.8914773,-2.2221627,-1.3074734,-0.6026413,-0.0747072,-1.4903364,0.5722496,-1.2355788,0.86701876,-0.24958456,-1.5231981,-0.16282296,0.38713378,0.0057427734,-0.48593128,-0.1959598,0.573039,-0.84317905,-1.9018036,0.79096895,72,2.0
-0.24510598,0.33428347,0.3950349,0.37116137,-1.424639,-2.0730286,0.0755705,3.730733,0.61720014,2.030067,2.0340645,1.761526,0.48241174,-2.1838136,-1.7862959,0.38981262,-1.0118434,-1.0096159,-0.29813486,-1.0033596,1.0770088,-0.73668504,-1.2311305,-0.8025736,1.0513914,-0.18457668,-0.46123254,-0.11581373,0.18070947,-0.35520115,-1.5942801,0.7640659,72,2.0
-0.24273452,0.29900724,0.22652169,0.364038,-1.4983747,-1.9138308,0.18319656,2.716756,0.39901194,1.9430065,2.103353,1.1662893,0.99955654,-1.8313557,-0.9992755,-1.0146997,0.4447203,-1.6333193,0.92740476,-1.374881,0.5375928,0.13169089,-1.3611907,0.14221658,-0.051112786,-0.047722563,-0.31264347,-0.4048795,0.6963835,-0.93925303,-1.8862362,0.88868535,72,1.0
-0.004812059,-0.06698212,-0.07852343,0.015201382,-0.16858888,-0.60881776,-0.041563362,0.17083134,0.13975382,1.1241449,-0.67460173,0.5263906,0.2389178,0.8172612,-1.9435925,0.44287702,-0.55645084,-1.3170911,-0.29980892,-1.6698585,-0.18412475,0.10253652,0.22546539,-0.79207885,0.06894235,-0.9837906,0.17126016,-1.1074104,-0.008964382,-0.16391864,-1.3520371,1.0259352,72,4.0
-0.23220772,0.27638552,0.19200467,0.35173666,-1.4155824,-1.8024213,0.18730873,2.3709106,0.35414943,1.780683,1.9661325,1.0247756,0.99629253,-1.5631839,-0.8548939,-1.07919,0.5742509,-1.6683493,1.009812,-1.377075,0.42755708,0.24575996,-1.2402301,0.19629051,-0.21628895,-0.07977635,-0.23295741,-0.5053385,0.67694974,-0.92573065,-1.7573754,0.9041032,72,1.0
-0.24514952,0.30963355,0.27439854,0.36555582,-1.483636,-2.0061226,0.15330695,3.0275707,0.46652767,1.89985,2.1082993,1.3880608,0.8594213,-1.9490931,-1.2464368,-0.6262153,-0.0032316744,-1.4862964,0.5744513,-1.2672698,0.73941475,-0.15431422,-1.3360088,-0.13236022,0.27769604,-0.059326787,-0.39973706,-0.32335824,0.5363128,-0.8084826,-1.8012776,0.8377367,72,2.0
-0.22310236,0.31412187,0.4087855,0.35305682,-1.3395039,-1.9435449,0.04321868,3.6645885,0.638163,2.0255005,1.7930688,1.7281619,0.33616796,-2.0504155,-1.8176947,0.6963247,-1.3291258,-0.7736929,-0.6151292,-0.8484255,1.1214772,-0.84614205,-1.0986795,-0.9336044,1.2457453,-0.24569629,-0.44967043,-0.07521844,0.058866765,-0.172561,-1.3702512,0.6979108,72,3.0
-0.006273469,-0.05856895,-0.07096964,0.028266147,-0.17179742,-0.56712115,-0.033355042,0.12623921,0.13539785,1.0209498,-0.61864555,0.46065745,0.237557,0.7880245,-1.7457018,0.39015418,-0.45652732,-1.2563369,-0.25064227,-1.5444503,-0.16903023,0.12124368,0.20127022,-0.69472885,0.029201083,-0.91804534,0.16551583,-1.033649,0.007886432,-0.17238699,-1.2619743,0.96820223,72,4.0
-0.031159773,-0.026715279,-0.0605498,0.055645943,-0.29384428,-0.7691998,-0.005026401,0.38018608,0.154685,1.2177997,-0.35253137,0.5403437,0.34255344,0.61792976,-1.8368952,0.23675033,-0.39434433,-1.3846108,-0.11903151,-1.6595421,-0.14841317,0.14697966,0.113156155,-0.61536515,-0.005727604,-0.9126646,0.17395751,-1.0932155,0.089875214,-0.24844182,-1.3448589,1.0583124,72,4.0
-0.17498666,0.19366363,0.15254977,0.26371413,-1.0756061,-1.5853946,0.110334426,2.1307178,0.3448285,1.7376286,1.3125986,1.0443599,0.73336893,-1.1176884,-1.3992214,-0.45159543,-0.012030903,-1.5295665,0.47421038,-1.4597745,0.39876524,0.0073206834,-0.9210048,-0.21913233,0.089046784,-0.32076228,-0.20921208,-0.5797202,0.4513291,-0.67006767,-1.7149007,0.9131447,72,1.0
-0.22091761,0.31879458,0.42535815,0.34856856,-1.3020289,-2.0171633,0.030249465,3.7770567,0.6519642,2.0066438,1.7134995,1.8264219,0.27312154,-2.0408924,-1.9588511,0.9048984,-1.5008042,-0.7145544,-0.81591135,-0.8203695,1.1495022,-0.93470275,-1.0019687,-1.1215398,1.3751299,-0.31004092,-0.41176105,-0.12928046,-0.027610764,-0.04878283,-1.3249931,0.75155944,72,3.0
-0.24148786,0.32489708,0.37503958,0.3634363,-1.4816866,-2.0638487,0.08114564,3.6775033,0.5922793,2.1015525,1.9876735,1.7279994,0.57179564,-2.189774,-1.7285001,0.23531385,-0.8941613,-1.1014086,-0.20552692,-1.0157706,1.0448065,-0.65914536,-1.2796202,-0.7401278,0.9497611,-0.18235324,-0.4783557,-0.16111064,0.23631224,-0.4441309,-1.6430494,0.7714561,72,2.0
-0.24554634,0.29853362,0.22021694,0.3647759,-1.4870968,-1.8938386,0.19091202,2.6817982,0.39557838,1.8492347,2.0779912,1.1673553,1.0058817,-1.664818,-0.9647005,-1.0821738,0.51809126,-1.655128,0.9549527,-1.4097888,0.512323,0.17638111,-1.3140092,0.18236001,-0.09554361,-0.07582191,-0.27351958,-0.49616522,0.68769467,-0.94904053,-1.8558903,0.9467127,72,1.0
-0.21658319,0.3134049,0.41964403,0.3444153,-1.2854213,-1.8840419,0.029550146,3.765078,0.633434,1.9191533,1.7027686,1.7528058,0.27476954,-1.9996433,-1.8811927,0.85868007,-1.4463199,-0.6901671,-0.79815227,-0.7300048,1.1196277,-0.8904177,-0.9588676,-1.081045,1.2843676,-0.31683362,-0.39158875,-0.13904256,-0.011152446,-0.06165565,-1.2253034,0.73217165,72,2.0
-0.23212287,0.3057058,0.3569822,0.34495378,-1.3666865,-2.0234962,0.0717959,3.5332475,0.5865674,2.0338082,1.8240799,1.7493229,0.5117042,-1.9633002,-1.9283128,0.35618606,-0.94433475,-1.1657012,-0.30058438,-1.1366429,0.98640263,-0.63903487,-1.1285006,-0.818548,0.9541486,-0.3152024,-0.39422166,-0.2888282,0.1912103,-0.37345916,-1.6915056,0.8801981,72,2.0
-0.23125061,0.3307002,0.46237558,0.3579421,-1.338225,-1.977529,0.015205847,4.1135864,0.69958925,2.0147748,1.7460253,1.9229283,0.20671117,-2.1417286,-2.1491075,1.119009,-1.656952,-0.6632363,-0.99641496,-0.7797851,1.2093809,-1.0340767,-0.912608,-1.2911849,1.4972707,-0.40610576,-0.36052948,-0.17127474,-0.12511829,0.04821785,-1.2726821,0.80112875,72,3.0
-0.22546372,0.31262672,0.45181096,0.34717,-1.2848829,-1.957008,0.005969446,3.957508,0.68473476,1.9919856,1.6681328,1.9305581,0.15711635,-1.9682109,-2.2376847,1.2430198,-1.7982175,-0.6619516,-1.0596027,-0.78645533,1.1611059,-1.0442154,-0.81675845,-1.3601339,1.4848939,-0.48760402,-0.32758585,-0.2480326,-0.16403285,0.11345478,-1.1866759,0.8365784,72,3.0
-0.22490984,0.31881645,0.4267366,0.35648036,-1.3060476,-1.9346147,0.03520833,3.7647336,0.6487256,1.9300323,1.7846278,1.8243636,0.2561558,-2.139184,-1.9110086,0.89880794,-1.4251616,-0.6843724,-0.7690628,-0.67857933,1.1645051,-0.94393975,-1.0477412,-1.054414,1.2970068,-0.2689978,-0.43422842,-0.084716864,-0.024013788,-0.03577778,-1.180634,0.67056686,72,3.0
-0.20673895,0.26389217,0.3178122,0.30617285,-1.2874229,-1.9062163,0.05483344,3.3271372,0.55464625,2.0464978,1.513537,1.6539111,0.4752361,-1.665838,-2.0487242,0.46780545,-0.9796201,-1.2027166,-0.38578546,-1.2570529,0.9100138,-0.60661703,-1.0141754,-0.88109344,0.9042001,-0.43446788,-0.32766503,-0.4051895,0.14726865,-0.32231113,-1.6968404,0.91437566,72,3.0
-0.24027315,0.2947522,0.20908524,0.3626997,-1.4678719,-1.885077,0.19865106,2.5684967,0.37012568,1.74535,2.1794457,1.0689434,1.0029474,-1.7743549,-0.78695303,-1.1688085,0.526973,-1.6937281,1.0821769,-1.29228,0.52175295,0.14515814,-1.3800585,0.25537628,-0.16776228,0.046714004,-0.33498418,-0.35239094,0.7225528,-0.9689596,-1.8052171,0.8214766,72,1.0
-0.23837727,0.29927212,0.26822156,0.36245584,-1.4435458,-1.9344794,0.15871596,2.9202297,0.44762895,1.872478,2.0871956,1.3098035,0.8748764,-1.8778048,-1.1585717,-0.6733611,0.043305427,-1.4972969,0.6153562,-1.2289419,0.70692337,-0.13006963,-1.3531249,-0.111714885,0.2257424,-0.064121515,-0.38017887,-0.30143186,0.5666707,-0.7979321,-1.8029155,0.8363222,72,1.0
-0.2537461,0.31961995,0.2705654,0.37572786,-1.5360001,-2.0348022,0.17193517,3.1284332,0.4555094,1.929859,2.2612603,1.3912882,0.9431423,-2.0772471,-1.1747453,-0.8369992,0.11598084,-1.5809205,0.77556825,-1.2791765,0.7707547,-0.13931568,-1.5248054,-0.009185985,0.20389423,0.043619167,-0.46502793,-0.23659515,0.64971554,-0.93954587,-1.9303894,0.7849863,72,2.0
-0.2523113,0.32713136,0.31852895,0.3816271,-1.5384024,-2.073171,0.14761414,3.3404906,0.50638896,2.0163627,2.266357,1.48028,0.8232686,-2.1305275,-1.2851126,-0.48244107,-0.16675642,-1.4017911,0.47170454,-1.1467056,0.862932,-0.28801504,-1.4540443,-0.21692136,0.4331513,-0.019149458,-0.45379883,-0.20696557,0.5203824,-0.7525636,-1.7906785,0.77848065,72,2.0
-0.23600116,0.29873148,0.27702704,0.35351318,-1.4651254,-1.9944196,0.13766927,3.1106536,0.48384637,2.0234776,2.0577996,1.3977473,0.8045602,-1.9028023,-1.4107847,-0.4524271,-0.13282512,-1.4833691,0.4565224,-1.2944057,0.7681788,-0.2171182,-1.3578925,-0.24198103,0.35757244,-0.1344802,-0.3761189,-0.34097612,0.48999396,-0.72646224,-1.8145251,0.8601469,72,2.0
-0.23916617,0.32737505,0.3578566,0.37003046,-1.4658227,-2.0321136,0.10160726,3.5240023,0.5698225,2.0143304,2.0739334,1.621226,0.6078016,-2.175608,-1.5475619,0.06005644,-0.70832974,-1.1358405,-0.06645323,-0.9637188,1.0131286,-0.57226145,-1.3180629,-0.5972199,0.8204416,-0.105951265,-0.4739412,-0.12676944,0.31304407,-0.49698943,-1.6437836,0.7221481,72,2.0
-0.010668916,-0.05906338,-0.07107872,0.02402483,-0.21850638,-0.6689157,-0.037599638,0.25396258,0.15073426,1.191614,-0.62622887,0.57249403,0.2619316,0.768612,-1.9999354,0.43935177,-0.5671817,-1.3663255,-0.29784948,-1.7090187,-0.14360024,0.10772797,0.20232147,-0.77434915,0.061807767,-0.9907456,0.16441576,-1.1183196,0.0076415837,-0.18582623,-1.3833449,1.0481013,72,4.0
-0.013683927,-0.06451772,-0.08235788,0.012153551,-0.26782775,-0.77017534,-0.046081293,0.30035144,0.15833482,1.3034761,-0.64561796,0.61782193,0.30368382,0.7720757,-2.2956474,0.47187397,-0.6592734,-1.512035,-0.30751583,-1.8608344,-0.13463512,0.08000936,0.1954793,-0.8454719,0.113174155,-1.0650355,0.1529301,-1.2294333,0.015577424,-0.25011486,-1.5328705,1.1368655,72,4.0
-0.21830565,0.30700713,0.4367511,0.34272537,-1.2528654,-1.886693,0.010815243,3.7956429,0.6565244,1.840773,1.5826342,1.8293158,0.15116619,-1.9272568,-2.0139701,1.1712162,-1.6864514,-0.5698383,-1.0056295,-0.70482826,1.1077801,-0.9765246,-0.77809894,-1.2508667,1.3695058,-0.433919,-0.31216657,-0.24725387,-0.14695281,0.10153299,-1.0979044,0.7859856,72,3.0
-0.24175036,0.29196835,0.23025434,0.35301775,-1.4388934,-1.9830776,0.17011671,2.6629903,0.4177283,1.9215153,1.9586284,1.2423725,0.9520646,-1.6110635,-1.1598034,-0.84483224,0.28275105,-1.7124254,0.80588883,-1.4625044,0.5584002,0.07326872,-1.2792585,-0.021169186,-0.0018768087,-0.17103162,-0.27405894,-0.5105466,0.58943814,-0.8589058,-1.8756379,0.9648764,72,1.0
-0.2566678,0.30447626,0.20947509,0.37923127,-1.5544674,-1.9834938,0.21912313,2.6630046,0.3696952,1.8863727,2.2859075,1.1640538,1.1476864,-1.7968649,-0.8633763,-1.2697232,0.752493,-1.8191706,1.2062865,-1.4326205,0.51305085,0.24585429,-1.4383429,0.3150373,-0.2835401,0.016841639,-0.29465735,-0.48075882,0.8011616,-1.0694066,-1.9608163,0.9390177,72,1.0
-0.039955303,-0.022183586,-0.034102168,0.064581074,-0.29207316,-0.78669405,-0.009723521,0.5206764,0.1784623,1.2292384,-0.30338478,0.57366407,0.31512314,0.50161755,-1.8194239,0.27941567,-0.43936124,-1.3460757,-0.18832952,-1.6054428,-0.079747334,0.066141464,0.065808296,-0.6969092,0.09632209,-0.866883,0.12085326,-1.0207369,0.07205964,-0.25538093,-1.4463172,0.9851358,72,4.0
-0.2098181,0.29233763,0.41249788,0.33117884,-1.2136301,-1.8831836,0.016647184,3.6474512,0.6261266,1.8781357,1.6061535,1.747561,0.19541723,-1.8944255,-1.940949,1.0526414,-1.5006429,-0.6004435,-0.83712155,-0.7760922,1.0824863,-1.0096277,-0.9050851,-1.1583396,1.3872671,-0.37582737,-0.41617936,-0.12942035,-0.0724422,-0.037336875,-1.2519997,0.73725075,72,3.0
-0.252318,0.31467843,0.24214323,0.3780719,-1.5221986,-1.9635891,0.19671223,2.8559906,0.4045555,1.904324,2.3165674,1.1865404,1.0578567,-1.9295253,-1.0230963,-1.1018548,0.4585565,-1.6878563,1.0007595,-1.3388867,0.588014,0.08534228,-1.4908808,0.19676559,-0.07164799,0.037167054,-0.36397308,-0.34097952,0.7324781,-0.99164695,-1.8750798,0.84620893,72,1.0
-0.26334026,0.32673597,0.26517636,0.3842622,-1.5904506,-2.0638714,0.18604001,3.056139,0.44972888,2.0565143,2.278125,1.3393252,1.0209094,-1.9709241,-1.1438701,-0.96705705,0.31108752,-1.730149,0.8843376,-1.4303172,0.664059,0.019318528,-1.4702795,0.048367828,0.06637475,-0.050189868,-0.36197752,-0.39415723,0.6765064,-0.9463312,-1.9664627,0.92631155,72,1.0
-0.052704684,0.0056238975,-0.022243276,0.086218536,-0.39369473,-0.884887,0.0087782685,0.63871485,0.1868213,1.2976624,-0.13345909,0.61399496,0.38397616,0.38135454,-1.7552934,0.14692444,-0.34530628,-1.3865868,-0.036834106,-1.6449273,-0.06524112,0.11496099,-0.008544132,-0.574654,0.026140079,-0.8306026,0.11741087,-1.010256,0.13026616,-0.29027706,-1.3924947,1.031903,72,4.0
-0.22355321,0.31610277,0.39062965,0.35159048,-1.3275207,-1.9735163,0.057973728,3.5408988,0.6015005,1.9654269,1.8004127,1.7002398,0.38503593,-2.0407307,-1.7079358,0.52456427,-1.1075462,-0.8392821,-0.437867,-0.8466218,1.0648575,-0.7667826,-1.0914996,-0.81399894,1.1010972,-0.18623208,-0.4476475,-0.09907216,0.13280758,-0.24061516,-1.3630806,0.7117173,72,2.0
-0.22283709,0.3187688,0.4400017,0.34531823,-1.3067576,-1.9623095,0.011483033,3.895615,0.6670691,1.9719144,1.6561986,1.8892045,0.18167692,-1.9804448,-2.1494539,1.1926031,-1.6873225,-0.6408597,-1.0059706,-0.76382214,1.1547132,-1.0026358,-0.8359503,-1.2871112,1.3844138,-0.45352548,-0.34217995,-0.2682118,-0.13690695,0.09696514,-1.1564181,0.82249343,72,3.0
-0.23424432,0.3284904,0.46344262,0.3590061,-1.3370583,-1.9891857,0.013058439,4.097044,0.69603795,2.0499022,1.8058933,1.9621924,0.20255843,-2.0855105,-2.2118917,1.1767159,-1.7703964,-0.68498284,-1.0078154,-0.7893878,1.1999186,-1.053206,-0.9096585,-1.3281009,1.4960706,-0.44076812,-0.36896598,-0.19669506,-0.13623777,0.06551348,-1.2147152,0.8334117,72,3.0
-0.020051625,-0.04049545,-0.04096623,0.04104936,-0.25326422,-0.7414636,-0.035323657,0.42565992,0.17471458,1.2036397,-0.5251677,0.63159305,0.23625857,0.60849965,-1.9433124,0.4774983,-0.63967234,-1.2711582,-0.34231958,-1.6061208,-0.071295865,0.013024472,0.11975981,-0.8015234,0.16912803,-0.9307222,0.12432121,-1.0150957,0.00019195676,-0.14800817,-1.3408506,1.0029716,72,4.0
-0.2413612,0.33030516,0.3879613,0.3519202,-1.4797717,-2.1633554,0.062674224,3.8604302,0.63469064,2.2620375,1.954664,1.8776528,0.5002062,-2.1401944,-2.12616,0.47927883,-1.1196406,-1.1588048,-0.4270086,-1.1543283,1.0939522,-0.7308232,-1.2341907,-0.914256,1.0976372,-0.33244038,-0.4329943,-0.25702196,0.15273899,-0.32953516,-1.6843668,0.8979449,72,2.0
-0.24944675,0.33125848,0.34523195,0.37483603,-1.510588,-2.1217396,0.119171456,3.4532409,0.55053085,2.0940294,2.1587772,1.5658785,0.7197496,-2.114819,-1.5301738,-0.14474449,-0.4878808,-1.305446,0.14994143,-1.1717746,0.9169892,-0.41080806,-1.3314073,-0.48060364,0.6589841,-0.15981351,-0.4003058,-0.27445874,0.37036768,-0.5667513,-1.7184652,0.86666614,72,2.0
-0.2170569,0.29820624,0.34014073,0.3453854,-1.3377614,-1.8777357,0.083602324,3.2645485,0.5348299,1.8301502,1.855356,1.5109295,0.5039316,-1.9915485,-1.42909,0.18113998,-0.80902386,-0.98445207,-0.17671865,-0.86228573,0.9469395,-0.612902,-1.1692975,-0.60554713,0.8374158,-0.12452994,-0.46016663,-0.09311894,0.26129928,-0.40252173,-1.4616785,0.6666872,72,2.0
-0.22576752,0.3178307,0.4232643,0.34240934,-1.3186395,-1.9667681,0.020487722,3.8945634,0.6548841,2.090055,1.7045305,1.903087,0.29018113,-1.9276836,-2.2494032,1.0033317,-1.5952868,-0.8069359,-0.8597747,-0.9149662,1.1161348,-0.9357087,-0.90444255,-1.2213528,1.3482469,-0.44538036,-0.34542203,-0.29347825,-0.07695543,-0.008871265,-1.3594017,0.89551646,72,3.0
-0.049899954,0.012056315,0.020218203,0.08808112,-0.41527954,-0.90439427,-0.01921459,0.86114556,0.23911756,1.293659,-0.14662115,0.7922631,0.26531598,0.25062427,-1.926306,0.4813512,-0.7190195,-1.2093772,-0.35674086,-1.5076628,0.088281706,-0.097244725,-0.024037622,-0.8033604,0.31812865,-0.84128404,0.05549556,-0.8920578,0.0137687735,-0.16326803,-1.3376162,0.9842684,72,4.0
-0.009647255,-0.0585771,-0.070728794,0.02183041,-0.21464066,-0.69141054,-0.041973166,0.29894808,0.15345106,1.2096233,-0.64642,0.61484617,0.2669729,0.7264617,-2.0946398,0.49152568,-0.6238357,-1.3917309,-0.29925102,-1.7304466,-0.1263953,0.0738763,0.17818066,-0.8182182,0.09699587,-1.0091132,0.15347259,-1.1401215,-0.0043931603,-0.1885436,-1.4171319,1.0811044,72,4.0
-0.24916524,0.32308778,0.32223138,0.37740415,-1.5173013,-2.011532,0.14170223,3.256445,0.506985,1.9536446,2.1992824,1.4859319,0.7837294,-2.1140523,-1.2835937,-0.41469985,-0.27124643,-1.3165658,0.3855983,-1.1000552,0.8879153,-0.34250274,-1.4337828,-0.28720886,0.48181862,-0.028397413,-0.4653895,-0.16796371,0.49013254,-0.70263493,-1.7854849,0.7606764,72,2.0
-0.2441887,0.3259056,0.33299142,0.37008807,-1.5218422,-2.1186945,0.12430848,3.4822416,0.5450977,2.0888689,2.163505,1.5574267,0.7330086,-2.1205745,-1.5553312,-0.21237022,-0.4130892,-1.3287766,0.21345368,-1.1761882,0.9367094,-0.42814896,-1.4515624,-0.40196097,0.6348116,-0.10416891,-0.4561634,-0.20820111,0.42571822,-0.64002377,-1.7988594,0.80731034,72,2.0
-0.22357899,0.31217507,0.39397132,0.35105383,-1.3598949,-1.9498402,0.049358163,3.6886911,0.6165181,1.9695241,1.8576795,1.7188472,0.36787757,-2.1396317,-1.7556164,0.65309423,-1.2554845,-0.8165027,-0.58727384,-0.78636485,1.1104513,-0.8421106,-1.1194205,-0.94125885,1.2011678,-0.20879288,-0.46206772,-0.06943829,0.084323935,-0.20880361,-1.4151492,0.6911089,72,2.0
-0.030561488,-0.028842505,-0.050067823,0.05274216,-0.26507753,-0.7520264,-0.0147317005,0.40734476,0.15887323,1.1586891,-0.3852039,0.5569182,0.30431917,0.5440011,-1.8169932,0.3057834,-0.3903873,-1.3463607,-0.14986105,-1.6141138,-0.1187821,0.11397294,0.07261382,-0.67566574,0.04457611,-0.8799728,0.13481304,-1.0279032,0.058673117,-0.24219777,-1.3537033,0.9955585,72,4.0
-0.26242816,0.3437825,0.3215578,0.38621747,-1.5781759,-2.1452007,0.15164316,3.4049718,0.52182424,2.0944738,2.3012123,1.5253748,0.83245933,-2.1775277,-1.4338629,-0.4895906,-0.17012782,-1.4599049,0.43058866,-1.2182765,0.87513834,-0.26554143,-1.420807,-0.225814,0.44832098,-0.053855553,-0.43166435,-0.27222657,0.51429975,-0.7294574,-1.7871761,0.8664703,72,2.0
-0.2554197,0.33747977,0.35581806,0.38243297,-1.5748173,-2.1141295,0.12354083,3.6370754,0.5620991,2.1042464,2.2279737,1.6341565,0.73071736,-2.3243787,-1.5013258,-0.17732343,-0.48852164,-1.2850823,0.17064446,-1.132262,0.9998254,-0.49339432,-1.4541081,-0.44650668,0.7053378,-0.06332257,-0.52291733,-0.120659254,0.4224876,-0.6577811,-1.8102491,0.7541797,72,2.0
-0.20901826,0.30202818,0.44396424,0.3330087,-1.1992903,-1.8026748,-0.005038633,3.756056,0.6640206,1.8663336,1.478407,1.870154,0.070692554,-1.8583615,-2.043072,1.3060577,-1.8306751,-0.44904327,-1.1853744,-0.64681137,1.1344365,-1.0701635,-0.7754144,-1.2909192,1.5368091,-0.41579273,-0.33447778,-0.12702307,-0.19399437,0.20544954,-1.0216057,0.72755414,72,3.0
-0.0023147408,-0.06295712,-0.068502605,0.019358687,-0.18796837,-0.60712445,-0.044654675,0.12088828,0.14779055,1.075112,-0.65233094,0.5399108,0.23396957,0.8156801,-1.9836953,0.49153793,-0.58626246,-1.2925462,-0.35382077,-1.6172733,-0.12680016,0.071066,0.24789819,-0.7813606,0.09891909,-0.9820093,0.16826792,-1.0722436,-0.009024493,-0.15546207,-1.3219174,1.0319786,72,4.0
-0.20773247,0.2965637,0.4377982,0.33136135,-1.1709716,-1.7642589,-0.0030291034,3.761166,0.65962815,1.8328738,1.5058687,1.7670226,0.111627474,-1.8330424,-2.0646524,1.2291751,-1.7600408,-0.49017894,-1.0933726,-0.5965889,1.0864741,-0.9797255,-0.72149485,-1.3123218,1.4417529,-0.4555495,-0.27445814,-0.22129205,-0.17312965,0.17522936,-1.0094886,0.7753455,72,3.0
-0.24869743,0.3055132,0.26510012,0.363201,-1.5136309,-2.0191915,0.16223462,3.044378,0.46190128,2.0969052,2.1076384,1.378838,0.951465,-1.8767577,-1.3740027,-0.70545244,0.08576662,-1.670406,0.6798553,-1.43327,0.7082878,-0.093069516,-1.4087182,-0.11840173,0.22197008,-0.116598055,-0.3847472,-0.39405772,0.602759,-0.8769314,-1.9730694,0.92108655,72,2.0
-0.22625428,0.32365823,0.44022638,0.3524037,-1.3382448,-1.9949688,0.024849363,3.8639827,0.6685169,2.0369632,1.7439361,1.8988165,0.24125051,-2.1044793,-1.9881783,0.9805969,-1.5665364,-0.6564546,-0.8745236,-0.79020846,1.174547,-0.9743933,-0.99205714,-1.1397452,1.4140261,-0.3191905,-0.42428106,-0.106153876,-0.04963831,-0.0054231277,-1.2850778,0.75440997,72,3.0
-0.24250752,0.32764784,0.31809703,0.37240878,-1.4837188,-1.9465183,0.13077076,3.353349,0.5205098,1.9195323,2.145687,1.4812578,0.7310193,-2.161241,-1.3465619,-0.2523137,-0.37178865,-1.2488104,0.25199214,-0.9828162,0.9248994,-0.41083726,-1.4130284,-0.33534724,0.58683455,0.00075373426,-0.47167337,-0.14276408,0.43759945,-0.63217735,-1.6521106,0.7200606,72,2.0
-0.23349673,0.30426097,0.32282466,0.34821823,-1.4380838,-2.059113,0.10417713,3.3800886,0.54140663,2.0931196,1.9199666,1.6071849,0.6810626,-1.99698,-1.7509494,-0.04608728,-0.56368804,-1.3279704,0.08725026,-1.2648492,0.92132634,-0.46602848,-1.3073854,-0.5426999,0.7219291,-0.19911297,-0.45832545,-0.25455108,0.3589688,-0.6072018,-1.8487002,0.83483595,72,2.0
-0.21684942,0.29703245,0.39084378,0.3352349,-1.2701957,-1.900119,0.038252335,3.5406294,0.6031662,1.8617893,1.6651759,1.6737556,0.32783014,-1.9412156,-1.7876709,0.7318405,-1.2197679,-0.7756067,-0.6583185,-0.801888,1.0498327,-0.8135241,-1.0518569,-0.9801528,1.1803573,-0.27159095,-0.39367062,-0.12180244,0.027800284,-0.12503925,-1.2900354,0.6998834,72,3.0
-0.0045183133,-0.06760576,-0.08934514,0.015147343,-0.16549677,-0.60249466,-0.034447096,0.11617012,0.12865652,1.120193,-0.6690408,0.47721618,0.26203528,0.85041887,-1.9255853,0.39373803,-0.52084374,-1.3521478,-0.24503401,-1.6929171,-0.21438842,0.14060071,0.25302464,-0.7504576,0.022285163,-0.9813914,0.18820636,-1.1350102,0.011228602,-0.17289796,-1.3398778,1.0431699,72,4.0
-0.25059092,0.31361812,0.27644852,0.37609076,-1.5334198,-2.016611,0.17383367,3.0760577,0.45753998,1.9839298,2.2433574,1.3133847,0.95274806,-1.9967785,-1.1253927,-0.82708,0.15960297,-1.5759853,0.7570967,-1.280988,0.7306837,-0.07864795,-1.4640592,-0.0077183396,0.16387948,-0.0078316815,-0.40739,-0.2852694,0.6380955,-0.8846107,-1.8914007,0.81868094,72,1.0
-0.02833148,-0.028267387,-0.04640382,0.05424682,-0.26542038,-0.7492677,-0.015051118,0.3955428,0.16193298,1.1794243,-0.39618436,0.5548319,0.2979819,0.55638254,-1.7906599,0.3113212,-0.4623603,-1.3012853,-0.17782843,-1.5713804,-0.108116105,0.08125188,0.073933676,-0.6773791,0.06318259,-0.8652089,0.12403636,-1.0098541,0.06283563,-0.21010986,-1.3261508,0.9850837,72,4.0
-0.24590185,0.3229811,0.3021821,0.3733375,-1.4741216,-2.0009809,0.1441059,3.1211612,0.49296987,1.9867276,2.1636403,1.4094701,0.80886585,-1.9969721,-1.2440028,-0.5059386,-0.10482751,-1.3438076,0.4866104,-1.1670673,0.7680484,-0.2526843,-1.380703,-0.18703488,0.4092246,-0.048425972,-0.4061576,-0.24116714,0.4980982,-0.7305204,-1.717667,0.816471,72,2.0
-0.0138007905,-0.06512421,-0.08068088,0.010861322,-0.22389048,-0.7374101,-0.045531914,0.32617223,0.15591328,1.3075808,-0.64429027,0.6141959,0.28214887,0.76003057,-2.2696137,0.486692,-0.643944,-1.501785,-0.31948197,-1.8512995,-0.15038681,0.05016409,0.17560358,-0.8459344,0.15084957,-1.0431012,0.14051293,-1.2050616,0.018635586,-0.24505413,-1.5328479,1.114592,72,4.0
-0.21702829,0.31071,0.43673715,0.34023833,-1.2591004,-1.8737495,0.009359414,3.8622525,0.65044266,1.8859024,1.5926863,1.8434694,0.17195928,-1.8495579,-2.174007,1.1866593,-1.7011597,-0.59920913,-1.0390155,-0.7332833,1.1189431,-1.0012443,-0.749755,-1.2608312,1.3786517,-0.46925965,-0.32421768,-0.23286349,-0.1485726,0.13225308,-1.068797,0.8080432,72,3.0
-0.23095524,0.26573873,0.15921868,0.34205568,-1.3860523,-1.8077675,0.1997358,2.156988,0.323945,1.7571077,1.8352553,0.9342811,1.054563,-1.2993134,-0.8603028,-1.2276845,0.7575713,-1.8156853,1.1240268,-1.5214915,0.27964678,0.39875442,-1.1575737,0.26555508,-0.39692792,-0.176745,-0.12115854,-0.67516106,0.7094235,-0.9538742,-1.8113607,1.0344245,72,1.0
-0.25062203,0.3030057,0.20902513,0.36915088,-1.5015523,-1.94201,0.20557596,2.5802243,0.38448733,1.9359746,2.1564612,1.106368,1.1082029,-1.7472603,-0.9458759,-1.2860363,0.67286474,-1.807238,1.141519,-1.4688172,0.49926397,0.24112219,-1.4091623,0.25911796,-0.2133801,-0.06119684,-0.28319865,-0.48743427,0.7772372,-1.0704098,-2.0159132,0.97010183,72,1.0
-0.2240721,0.31422478,0.42081785,0.34045464,-1.3316133,-2.021316,0.019371608,3.8203125,0.6615228,2.0655565,1.6933578,1.9222759,0.28028226,-1.9317411,-2.3006618,1.0064583,-1.5883981,-0.8274263,-0.8530543,-0.9551671,1.1362011,-0.9486955,-0.89662457,-1.2387247,1.3638479,-0.4739235,-0.35344982,-0.31013775,-0.076932065,-0.03893765,-1.3893231,0.89515215,72,3.0
-0.2636283,0.32690024,0.24363858,0.38808727,-1.587849,-2.0391886,0.20469984,2.8534334,0.4119729,1.9642894,2.3226492,1.2283134,1.0955462,-1.9298097,-0.95433336,-1.1663864,0.55467176,-1.7465993,1.1087363,-1.4316006,0.5672507,0.1479013,-1.4650147,0.20367484,-0.14922012,-0.015506929,-0.3178733,-0.44346777,0.7514008,-0.997226,-1.9364257,0.94753563,72,1.0
-0.010576145,-0.06716102,-0.07638532,0.015290514,-0.21550354,-0.6566062,-0.041174013,0.25360987,0.14677826,1.2064549,-0.6472421,0.5494633,0.2686092,0.8254748,-2.0393698,0.42748445,-0.58698624,-1.3994547,-0.30324405,-1.7671652,-0.18158925,0.11690963,0.27317116,-0.8076385,0.068598986,-1.0220239,0.18358396,-1.1760563,-0.004828535,-0.17692602,-1.4036506,1.0775073,72,4.0
-0.21934971,0.30809936,0.45613107,0.3420313,-1.2534964,-1.9604918,-0.0009019049,4.040918,0.6927079,2.076865,1.5889534,1.9716913,0.113708235,-1.957832,-2.2649963,1.4259341,-1.8333273,-0.56284714,-1.210239,-0.7742923,1.1537999,-1.1080964,-0.778728,-1.4097853,1.572594,-0.55055624,-0.31042448,-0.25579366,-0.21111351,0.19283138,-1.1030102,0.8596695,72,3.0
-0.25686035,0.32443017,0.28515196,0.38353145,-1.5610367,-2.0421617,0.17130892,3.144597,0.47428235,2.014965,2.2974968,1.351405,0.95763797,-2.090032,-1.1522834,-0.8014162,0.13500443,-1.5607878,0.7206609,-1.2402365,0.7821258,-0.11670993,-1.4981881,-0.045184627,0.21245283,-0.011207181,-0.42224544,-0.2577851,0.62474954,-0.8897495,-1.896111,0.82274973,72,2.0
-0.22983572,0.31760263,0.35141042,0.35905394,-1.4183341,-1.9529554,0.08965306,3.5141268,0.566513,1.9249583,2.0203907,1.5883787,0.5711166,-2.1780438,-1.5327213,0.16164696,-0.804016,-1.0483421,-0.15422603,-0.86263573,1.0335522,-0.6304164,-1.3110206,-0.6105022,0.8957457,-0.071044356,-0.4895506,-0.07324689,0.27524108,-0.45543444,-1.577186,0.6782427,72,2.0
-0.25454068,0.30951637,0.24341445,0.37505618,-1.5440077,-1.9851922,0.19270386,2.8422663,0.41565067,1.97582,2.2310994,1.213552,1.0587299,-1.8412883,-1.0152798,-1.0837216,0.46450683,-1.7318218,0.9891248,-1.401797,0.5909516,0.10933534,-1.4336865,0.14371659,-0.068843454,-0.041879237,-0.3296647,-0.39655814,0.71291906,-0.9776504,-1.9334139,0.9007269,72,1.0
-0.252383,0.33673275,0.37308955,0.37497914,-1.5276514,-2.140473,0.10008797,3.7400084,0.59891325,2.2011292,2.1139753,1.7289054,0.6445866,-2.1905255,-1.7795477,0.1237865,-0.77174246,-1.2469132,-0.059961937,-1.1503756,1.0551995,-0.5958678,-1.3487979,-0.67264336,0.88452125,-0.19324245,-0.47327346,-0.21188043,0.298466,-0.5114699,-1.7768892,0.8398605,72,3.0
-0.22681084,0.3056056,0.33998856,0.35380524,-1.3392806,-1.8654227,0.09223141,3.2233574,0.53929573,1.8840547,1.8727725,1.5371394,0.5315703,-1.9729573,-1.4710016,0.12237077,-0.69405496,-1.0375229,-0.0373759,-0.95928127,0.9081781,-0.50130564,-1.1080327,-0.5893622,0.7642615,-0.15104295,-0.39644372,-0.17610247,0.2531255,-0.39998433,-1.4506897,0.7546848,72,2.0
-0.23730212,0.2998978,0.29856595,0.34956884,-1.4478428,-1.988744,0.12239368,3.2081623,0.49891287,2.0378044,1.963943,1.5206665,0.77388734,-1.8680623,-1.5466392,-0.28861377,-0.38514304,-1.4305713,0.2643549,-1.3079927,0.8245646,-0.3235384,-1.3268893,-0.42338246,0.51526105,-0.1925918,-0.39226687,-0.32156172,0.42250186,-0.6693429,-1.8635119,0.87485784,72,2.0
-0.008733108,-0.060976733,-0.08538057,0.019598432,-0.16571014,-0.6725511,-0.03623896,0.19192818,0.13576959,1.1689056,-0.6664115,0.5044261,0.27134928,0.81698495,-2.0260258,0.44604686,-0.53229266,-1.3832628,-0.24777198,-1.7352135,-0.18925695,0.11969162,0.26039404,-0.77237743,0.023734204,-1.0098975,0.20370303,-1.1811934,0.0022143126,-0.17264886,-1.3684596,1.0878655,72,4.0
-0.19742545,0.2844811,0.3969287,0.32078373,-1.1702431,-1.7396052,0.005915912,3.5269327,0.6101374,1.7894659,1.4941924,1.6833632,0.14474502,-1.7826473,-1.9836459,1.1164963,-1.6650386,-0.48818535,-0.9915183,-0.59217006,1.0522107,-0.9561387,-0.764795,-1.1995627,1.3738158,-0.3594014,-0.34822923,-0.14888558,-0.14623097,0.12231066,-1.0330931,0.7155413,72,3.0
-0.25344113,0.3419908,0.36826712,0.38049114,-1.5443013,-2.1436768,0.11193835,3.7103598,0.5786635,2.155505,2.1984193,1.6967344,0.70378274,-2.2414453,-1.662107,-0.025273204,-0.6161754,-1.2566283,0.063336805,-1.095042,1.0258316,-0.5349661,-1.4026322,-0.5338679,0.78943753,-0.116660014,-0.4863404,-0.16350706,0.36176744,-0.5748993,-1.7186847,0.79324734,72,2.0
-0.20658615,0.29415923,0.40549603,0.33031046,-1.2358129,-1.8480797,0.012531567,3.6477482,0.6270516,1.8931946,1.6140753,1.7316693,0.19571936,-1.9413265,-1.9369059,1.059259,-1.5939451,-0.6006735,-0.91742736,-0.66768634,1.1016777,-0.9532319,-0.8839952,-1.1552484,1.3988125,-0.33554998,-0.37782913,-0.12322664,-0.095685355,0.028150912,-1.1754001,0.7227973,72,3.0
-0.23585072,0.33753395,0.44806048,0.36513066,-1.3864154,-2.060777,0.03486716,4.046451,0.6779687,2.0609121,1.8291159,1.9423139,0.30129546,-2.159073,-2.0802977,0.9512406,-1.522401,-0.76535213,-0.8164167,-0.7998787,1.2244297,-0.9763065,-1.0508211,-1.1302409,1.3614367,-0.33043024,-0.40871423,-0.16169514,-0.022655912,-0.04800585,-1.2993554,0.78001344,72,3.0
-0.0032915939,-0.070220634,-0.08707109,0.008652359,-0.1700289,-0.6241184,-0.045794006,0.16338784,0.13786824,1.15518,-0.72563314,0.5321102,0.25426078,0.8358299,-2.044464,0.4594298,-0.57194835,-1.3763828,-0.29473147,-1.7345016,-0.18606772,0.10928144,0.22977749,-0.8167632,0.06099117,-1.0175015,0.17239322,-1.1554053,-0.007675439,-0.18757276,-1.4064062,1.0591882,72,4.0
-0.21297392,0.28646675,0.33699253,0.3303515,-1.2721168,-1.8436509,0.07050809,3.278589,0.52986836,1.901364,1.7117627,1.5648698,0.5192508,-1.7747309,-1.7228844,0.31987387,-0.83472323,-1.0371108,-0.21776986,-0.99696195,0.90312284,-0.55007124,-1.0013026,-0.7169406,0.85156333,-0.26362607,-0.36273122,-0.2845631,0.18237212,-0.31797597,-1.4332275,0.7766224,72,2.0
-0.22338226,0.31480256,0.45814362,0.34407613,-1.2655288,-1.9339478,-0.0031466847,3.9257536,0.6918272,1.9641411,1.5580915,1.9175619,0.094864205,-1.8979028,-2.2814305,1.4449701,-1.9097496,-0.5451573,-1.2344322,-0.7022564,1.1424894,-1.0368214,-0.67663753,-1.4326012,1.4625438,-0.57719415,-0.24586414,-0.33139098,-0.23826343,0.25815883,-1.009478,0.8860721,72,3.0
-0.25129747,0.33683845,0.31258747,0.38113534,-1.5087564,-2.0685694,0.14732522,3.2877882,0.50398654,1.9887438,2.1843305,1.4770807,0.80991447,-2.0641239,-1.303853,-0.45347506,-0.1685639,-1.3572917,0.43398148,-1.140981,0.8231335,-0.26224673,-1.3371977,-0.24360977,0.4166558,-0.056216866,-0.3982811,-0.27635774,0.4889862,-0.67835486,-1.6815106,0.8475603,72,2.0
-0.2470426,0.30284205,0.2251291,0.36572635,-1.4936914,-1.9323461,0.18905444,2.6895087,0.39838672,1.8896053,2.1194468,1.1955961,1.0299199,-1.805496,-0.9976424,-1.076972,0.45726028,-1.7079412,0.9901742,-1.3749866,0.5444996,0.13320994,-1.3769876,0.1639766,-0.094189554,-0.028152725,-0.32089573,-0.43796557,0.704651,-0.9770282,-1.9382935,0.91467124,72,1.0
-0.25401312,0.33547184,0.31224218,0.38352326,-1.5493327,-2.1704035,0.15643746,3.346901,0.509849,2.0322678,2.2983892,1.4815562,0.8184552,-2.1449542,-1.2967498,-0.54965407,-0.08605641,-1.4368572,0.49350756,-1.1864161,0.8634827,-0.25001138,-1.4732084,-0.1730507,0.41993117,-0.022664605,-0.44493818,-0.23114061,0.54266703,-0.77296424,-1.8514146,0.81190383,72,2.0
-0.26224318,0.34274796,0.3533656,0.38911152,-1.5793542,-2.16603,0.13318363,3.651819,0.5625168,2.1444268,2.2265599,1.6469268,0.75576264,-2.2046561,-1.5533066,-0.22587329,-0.42672837,-1.3801647,0.21658093,-1.1851916,0.95495,-0.41957706,-1.4114254,-0.42830443,0.62879467,-0.12109634,-0.43238717,-0.24928036,0.4365305,-0.6420581,-1.8433883,0.8517145,72,2.0
-0.24753952,0.32047185,0.3004553,0.37756276,-1.4929353,-2.0097969,0.15207379,3.190179,0.48389032,1.86194,2.2199075,1.4013296,0.7992478,-2.1125247,-1.137198,-0.55057544,-0.143524,-1.3437216,0.5670743,-1.0698495,0.8414729,-0.28453636,-1.4553728,-0.15238205,0.39259467,0.07011552,-0.48683894,-0.12763456,0.5343637,-0.7770229,-1.7109574,0.7105922,72,2.0
-0.24931562,0.325173,0.3206933,0.37615395,-1.4994434,-2.0353754,0.13571784,3.353403,0.5258759,1.9982915,2.1865075,1.4982038,0.79759055,-2.1839924,-1.3525944,-0.37682906,-0.3000526,-1.3520652,0.35456085,-1.091089,0.9407193,-0.37993947,-1.4776169,-0.31553084,0.55201185,-0.02174367,-0.50528324,-0.14714253,0.48209012,-0.73672104,-1.8164201,0.7354806,72,2.0
-0.24830759,0.30380273,0.22558339,0.37209946,-1.5254276,-1.9419209,0.19564345,2.6833556,0.38494048,1.9249021,2.138381,1.1085023,1.0522238,-1.8171661,-0.8878199,-1.1504655,0.5639307,-1.6854668,1.0598058,-1.3804233,0.4980426,0.22350761,-1.398841,0.22452353,-0.16628799,-0.036857218,-0.27153462,-0.43398735,0.7201597,-0.9610518,-1.8929813,0.9050163,72,1.0
-0.2252098,0.32058227,0.46560872,0.35034168,-1.2638775,-1.9226776,-0.0038391696,3.9261014,0.699112,1.9308944,1.6021938,1.9078851,0.08555983,-1.976345,-2.2263308,1.4115832,-1.9089181,-0.5007328,-1.2019521,-0.6233782,1.1698017,-1.0876637,-0.6970994,-1.4277353,1.514348,-0.50581825,-0.28196785,-0.25826773,-0.23933867,0.23514353,-1.001717,0.8211964,72,3.0
-0.24268028,0.27977923,0.19274391,0.35275692,-1.4690136,-1.9236523,0.19742867,2.497546,0.36190066,1.9298007,2.0244887,1.1014235,1.093102,-1.5514838,-0.9887743,-1.1857519,0.63954264,-1.8595152,1.123595,-1.5625122,0.42903873,0.2678343,-1.3173347,0.20918603,-0.26699808,-0.12687728,-0.22819474,-0.5623579,0.7343048,-0.9906122,-1.9362228,1.0006878,72,1.0
-0.011951999,-0.056870695,-0.06803559,0.028081685,-0.19480279,-0.6736264,-0.035065074,0.2627654,0.1463325,1.1737962,-0.60671645,0.5421801,0.26073107,0.7483607,-1.9363325,0.41374406,-0.5438776,-1.3341923,-0.27117595,-1.6786468,-0.15270025,0.0843196,0.19042672,-0.76035863,0.06504299,-0.96944165,0.1667556,-1.0896349,0.0075852126,-0.16628614,-1.3592452,1.0388501,72,4.0
-0.24985826,0.29434028,0.20597115,0.36811715,-1.514612,-1.9522103,0.20647076,2.5859635,0.3758591,1.9475415,2.1564949,1.1412234,1.099187,-1.69743,-0.95288813,-1.2107491,0.6651534,-1.8275889,1.152846,-1.5046227,0.49153346,0.24860114,-1.3822583,0.23500009,-0.2533497,-0.06379402,-0.2637692,-0.51730573,0.74894696,-1.0132706,-1.9488496,0.9718756,72,1.0
-0.26259965,0.34228054,0.33384433,0.38828677,-1.6046826,-2.153148,0.14719117,3.5136178,0.5344326,2.1649947,2.3063865,1.5692961,0.86575925,-2.1887586,-1.4466786,-0.44298464,-0.21331638,-1.4785411,0.43683332,-1.2399712,0.90155125,-0.30428055,-1.4856621,-0.27783018,0.47736508,-0.07539398,-0.449403,-0.23889995,0.51304156,-0.7571245,-1.8510482,0.8471507,72,2.0
-0.23554814,0.26775792,0.16196723,0.34643716,-1.4433877,-1.8614954,0.20892832,2.3498094,0.32286513,1.8260005,2.0262928,0.9826018,1.1119109,-1.4907485,-0.83530027,-1.2938468,0.80296254,-1.854027,1.2348589,-1.5142448,0.3413111,0.35840842,-1.2286532,0.3453719,-0.39754945,-0.075545825,-0.19535573,-0.6025691,0.7780887,-1.0409169,-1.8715885,0.98063433,72,1.0
-0.23182574,0.31459594,0.36354086,0.35495302,-1.4110372,-2.0050993,0.07989004,3.5413284,0.57432044,2.0599942,1.9357837,1.7043253,0.54984045,-2.0688362,-1.7127137,0.24417122,-0.9450139,-1.0824345,-0.23487346,-1.0126982,1.0257325,-0.65633005,-1.2528229,-0.73724145,0.9469848,-0.19133735,-0.4665138,-0.16124776,0.2313101,-0.4263717,-1.6160277,0.7523542,72,3.0
-0.008605694,-0.070271045,-0.08563161,0.009752914,-0.23952593,-0.7027047,-0.04583433,0.19682711,0.14913255,1.2288891,-0.6766206,0.59753877,0.27785408,0.81723255,-2.1473625,0.44232273,-0.61422044,-1.428501,-0.31002742,-1.7936947,-0.16702884,0.09914028,0.22691672,-0.83418024,0.098574154,-1.0394089,0.16458915,-1.1861829,0.006938465,-0.20473003,-1.449163,1.1050508,72,4.0
-0.20742345,0.29628956,0.42038786,0.32913023,-1.2368513,-1.8548356,0.0059771426,3.7126808,0.63768655,1.8860445,1.5596129,1.7580774,0.15455458,-1.8782493,-2.0242617,1.1502688,-1.7110405,-0.5261243,-1.0226159,-0.6439649,1.1093135,-0.9912029,-0.8142909,-1.2249382,1.4251245,-0.378385,-0.35232705,-0.14438146,-0.14519808,0.10789726,-1.1186004,0.73317933,72,3.0
-0.01485183,-0.042906675,-0.04673918,0.03844721,-0.20486164,-0.65342665,-0.037751716,0.35800886,0.15864682,1.0597005,-0.5401418,0.5625408,0.21309507,0.603225,-1.8119278,0.47316077,-0.56948173,-1.1906048,-0.32798293,-1.4847853,-0.087273166,0.016891811,0.114243075,-0.7528044,0.14171143,-0.87435526,0.11490376,-0.95926434,-0.008104399,-0.12941124,-1.2207114,0.92549056,72,4.0
-0.0066589275,-0.067073286,-0.07427722,0.014424607,-0.19376868,-0.6726362,-0.04694876,0.2205173,0.15031293,1.1812046,-0.68719774,0.5572824,0.24385637,0.7943981,-2.0353696,0.49284187,-0.63980407,-1.3459071,-0.35352638,-1.682312,-0.14206918,0.067481175,0.20153075,-0.8128703,0.11259127,-1.0028363,0.16132276,-1.1117885,-0.0070006624,-0.16702256,-1.3885471,1.0371302,72,4.0
-0.2139278,0.30310056,0.42912173,0.3384037,-1.253763,-1.8901466,0.011812444,3.7674549,0.6523631,1.914249,1.6417412,1.8166393,0.15905929,-1.9361432,-2.0546613,1.1210225,-1.694149,-0.541073,-1.0381764,-0.67205834,1.1341282,-1.0026932,-0.8533156,-1.271928,1.411668,-0.37376425,-0.36754954,-0.14147675,-0.13310674,0.08570393,-1.171684,0.7339124,72,3.0
-0.25470605,0.31851026,0.27085885,0.37898374,-1.5543691,-2.0367768,0.17795432,3.0690188,0.4585391,2.025573,2.2488394,1.3614898,0.9737111,-1.9937743,-1.1794014,-0.81556064,0.20322445,-1.6237274,0.7747984,-1.3102787,0.7330318,-0.065315634,-1.4888718,-0.019976497,0.14840302,-0.02263218,-0.38873947,-0.3234988,0.6387534,-0.90476227,-1.913743,0.863898,72,2.0
-0.22472346,0.31230706,0.45827806,0.34074008,-1.3074183,-1.9542087,0.00019405317,4.104842,0.7101212,2.0858963,1.5330144,1.9377819,0.13243333,-1.9255406,-2.4185293,1.3714883,-1.8551139,-0.62580204,-1.235423,-0.8650227,1.161786,-1.0352443,-0.6768329,-1.444942,1.5127786,-0.6238627,-0.21503088,-0.38448796,-0.21564856,0.19242103,-1.2465537,0.9383471,72,3.0
-0.032782495,-0.022114802,-0.0017791465,0.054827943,-0.36662903,-0.83439046,-0.04328846,0.7378309,0.2247023,1.2693174,-0.3955638,0.82251656,0.21670204,0.4415929,-2.1009421,0.5799727,-0.86537457,-1.2365192,-0.48777604,-1.6148367,0.009290248,-0.0936797,0.12658715,-0.943266,0.35662556,-0.96045595,0.112242,-1.0109445,-0.0564309,-0.103026435,-1.3563915,1.0573281,72,4.0
-0.010358563,-0.06055173,-0.082837835,0.02205196,-0.18434975,-0.66178316,-0.03194293,0.20242535,0.13739686,1.1820041,-0.6321916,0.49165064,0.2811292,0.80491346,-1.9770188,0.40377298,-0.5090115,-1.3890518,-0.23115818,-1.7315187,-0.1890796,0.13124985,0.23851687,-0.74561685,0.017054021,-0.99275726,0.19432028,-1.155002,0.017611317,-0.186763,-1.3803506,1.071979,72,4.0
-0.24505073,0.33426473,0.35325557,0.37408876,-1.4792199,-2.1201034,0.11205419,3.5105453,0.5634102,2.0468378,2.138773,1.6108849,0.62133485,-2.1308644,-1.6222401,-0.03274212,-0.6175395,-1.2138584,0.0023384467,-1.0839446,0.97625285,-0.4873778,-1.2888778,-0.5359888,0.78770125,-0.14389744,-0.44041216,-0.20143494,0.33919898,-0.51149404,-1.6381295,0.8270383,72,3.0
-0.24514824,0.3204482,0.34763336,0.36653942,-1.4749004,-2.0668364,0.10946911,3.4848735,0.55403656,2.0553782,2.0627975,1.6514921,0.6771314,-2.0517485,-1.670418,-0.019085966,-0.5954095,-1.2692003,0.07521503,-1.1655755,0.95304185,-0.5156224,-1.3237579,-0.54762864,0.74805,-0.14865677,-0.46300924,-0.22013497,0.35184833,-0.58166903,-1.7722949,0.82602715,72,2.0
-0.017903926,-0.046416912,-0.052452978,0.03702981,-0.22137299,-0.72789824,-0.03394934,0.3650169,0.16070563,1.1704549,-0.53904927,0.58711517,0.245576,0.6447135,-1.9046268,0.4295715,-0.5623319,-1.2963427,-0.28659853,-1.6272202,-0.10801335,0.043287188,0.13235918,-0.77417594,0.12190884,-0.93281686,0.13472165,-1.0336746,0.004047543,-0.16905928,-1.3491327,1.0103261,72,4.0
-0.22271979,0.2522154,0.14478561,0.32791764,-1.3303133,-1.7534344,0.19210128,2.0903175,0.31369558,1.7644048,1.7426678,0.93432546,1.0376652,-1.2001152,-0.9269059,-1.200881,0.72177774,-1.814241,1.1067687,-1.5625784,0.24093062,0.4084286,-1.0913619,0.23933606,-0.3984506,-0.21873069,-0.09940583,-0.7160654,0.6994985,-0.9479852,-1.8313085,1.0653244,72,1.0
-0.2384013,0.32354692,0.36394,0.36541623,-1.4360375,-1.9921145,0.09240819,3.5373368,0.56533337,1.9527997,2.0443954,1.6428765,0.5777629,-2.1269338,-1.6305721,0.16845977,-0.74660105,-1.0883579,-0.08490634,-0.9845745,1.0061991,-0.5824048,-1.2121528,-0.626447,0.848829,-0.1376374,-0.44040048,-0.19330159,0.2644011,-0.4513968,-1.5419317,0.7696236,72,2.0
-0.23237053,0.3199647,0.44655156,0.3468916,-1.3671972,-2.0721447,0.015458856,4.093875,0.7043184,2.185096,1.6874526,2.0082908,0.23894656,-2.0328887,-2.4159243,1.1280701,-1.6877674,-0.8171468,-1.0147207,-1.0027249,1.1905669,-1.0102715,-0.8726413,-1.3367316,1.4612528,-0.5349447,-0.31583107,-0.32059762,-0.11649572,0.015528076,-1.4484218,0.9277391,72,3.0
-0.26157045,0.34828258,0.33930203,0.38890308,-1.5665233,-2.1740487,0.14204578,3.4962387,0.5439059,2.1229682,2.293775,1.578068,0.8008688,-2.1824012,-1.423166,-0.387407,-0.2627134,-1.3692243,0.38596156,-1.1917326,0.89301986,-0.33995333,-1.4417824,-0.29463553,0.53529763,-0.0634355,-0.43942112,-0.23408842,0.48543143,-0.7134432,-1.7917259,0.85738313,72,2.0
-0.015832528,-0.05122341,-0.061207805,0.032452904,-0.21987392,-0.70143217,-0.033177163,0.3294447,0.15709609,1.2121342,-0.5545047,0.5833486,0.26205042,0.699083,-1.9566562,0.42167854,-0.5398031,-1.3472915,-0.2633749,-1.69751,-0.13528584,0.07066468,0.17359066,-0.7628852,0.08248323,-0.96764404,0.15471993,-1.0804194,0.009540245,-0.17572404,-1.3830528,1.0462369,72,4.0
-0.24646318,0.32617617,0.35194954,0.3717275,-1.4734632,-2.0256016,0.11094534,3.518172,0.55035925,2.0410545,2.1154916,1.6236894,0.6764019,-2.1586473,-1.4774258,-0.097898826,-0.57418704,-1.1832918,0.10417603,-1.0370376,0.97002155,-0.5000857,-1.3712064,-0.48785323,0.7410484,-0.066135526,-0.47674066,-0.15725665,0.35475054,-0.56615466,-1.6635815,0.7357489,72,2.0
-0.20439985,0.28364787,0.4111477,0.31430024,-1.2003151,-1.8592858,-0.007369497,3.6528642,0.64444286,1.963546,1.4398345,1.8342834,0.14630786,-1.6476904,-2.3202786,1.289834,-1.7931923,-0.66253674,-1.0924735,-0.84646493,1.0680681,-0.9888755,-0.69456786,-1.368236,1.4204255,-0.5684967,-0.26884395,-0.34854087,-0.19244185,0.155353,-1.1857462,0.8947974,72,3.0
-0.22858456,0.32431486,0.428141,0.35496217,-1.3396561,-1.9873015,0.038893785,3.8380425,0.64896804,1.9748354,1.7672389,1.8470459,0.30024487,-2.1033926,-1.9554274,0.8692055,-1.3910573,-0.74306184,-0.73579925,-0.7809048,1.1449383,-0.88930833,-1.03683,-1.0513173,1.2385179,-0.33219394,-0.38035494,-0.17364222,-0.008129872,-0.045543928,-1.2850507,0.74539673,72,3.0
-0.25544402,0.33727163,0.36210972,0.3848979,-1.5643061,-2.1533055,0.12134116,3.6581838,0.5674848,2.052884,2.247346,1.6430966,0.7103296,-2.3681853,-1.4793961,-0.16963598,-0.5082203,-1.2362231,0.17805034,-1.0632027,1.025839,-0.5006402,-1.4809217,-0.44564223,0.74460655,-0.03536607,-0.54031503,-0.08038838,0.39805585,-0.6484094,-1.7947295,0.7266452,72,2.0
0.0016449746,-0.08233477,-0.09589286,0.0045791715,-0.11140934,-0.54871994,-0.04706377,-0.024534293,0.11712728,1.0345628,-0.7938172,0.46191576,0.20367965,0.91941845,-1.9333713,0.4252067,-0.49643335,-1.2782406,-0.31591994,-1.6191566,-0.22035499,0.12713248,0.34489077,-0.77027,0.07407476,-0.9747055,0.18679051,-1.1150105,-0.014917865,-0.15426406,-1.2464824,0.9829302,72,4.0
-0.23337144,0.30819643,0.3201081,0.36089253,-1.3953605,-1.8928732,0.11538741,3.1333058,0.509497,1.917229,1.9501413,1.3982364,0.64076513,-1.9385952,-1.3173327,-0.16882887,-0.4008887,-1.155235,0.20178872,-1.0363419,0.8451377,-0.39613104,-1.2172629,-0.3773117,0.6127451,-0.076952815,-0.42642254,-0.16714828,0.38067558,-0.5521618,-1.5500824,0.7327253,72,2.0
-0.008152608,-0.060161915,-0.082693085,0.0230022,-0.14403136,-0.6350008,-0.032832827,0.12337187,0.12501508,1.0682182,-0.65262175,0.47603622,0.2562381,0.7832978,-1.8793488,0.4135179,-0.45910224,-1.321863,-0.20301443,-1.6349573,-0.1926854,0.12725711,0.22801846,-0.72650886,0.002876006,-0.95022076,0.18526895,-1.1120425,0.013472728,-0.17461173,-1.2860346,1.0177381,72,4.0
-0.23204136,0.3258538,0.4209678,0.35621846,-1.39583,-2.0584397,0.045148294,3.8987348,0.6475013,2.0858865,1.8474628,1.8503067,0.36584848,-2.1440039,-1.9912844,0.77753735,-1.3277988,-0.8676825,-0.64946467,-0.89149886,1.1631714,-0.8762867,-1.1354402,-1.026434,1.2178115,-0.31491143,-0.41597074,-0.17233363,0.04150898,-0.14382358,-1.4453033,0.7740447,72,3.0
-0.0076747956,-0.067926615,-0.07789594,0.01539623,-0.21348654,-0.66368806,-0.044254575,0.23291194,0.14963837,1.2201132,-0.66840875,0.5856408,0.26253447,0.80000794,-2.1142333,0.46183154,-0.62074065,-1.4139993,-0.3415727,-1.7608972,-0.14548627,0.09953896,0.22991537,-0.8127327,0.07579913,-1.0278248,0.16233338,-1.1534681,0.0025964007,-0.19101042,-1.4257809,1.0679028,72,4.0
-0.009673291,-0.057490807,-0.06829743,0.025266394,-0.19520113,-0.66467494,-0.037891768,0.28014812,0.14734921,1.1788931,-0.6237065,0.54537624,0.24350655,0.7409202,-1.9736588,0.4518919,-0.59585625,-1.3192341,-0.29975367,-1.6748714,-0.14625897,0.066294,0.2003563,-0.7781181,0.10461239,-0.9674798,0.1579601,-1.0820423,-0.00030649453,-0.14642328,-1.3469036,1.0258728,72,4.0
-0.23952305,0.2826894,0.2071791,0.3518358,-1.4443048,-1.8653294,0.18899746,2.5227242,0.37481344,1.8871045,1.9995598,1.0997535,1.0358713,-1.5562372,-0.9913081,-1.107353,0.54300725,-1.762368,1.0180852,-1.479439,0.45816892,0.20723864,-1.2963097,0.16272442,-0.17134413,-0.1111197,-0.2523113,-0.49716744,0.7026561,-0.9500761,-1.8931789,0.9485543,72,1.0
-0.24111253,0.33386946,0.4156095,0.3622168,-1.4387228,-2.1011555,0.05339171,3.9140487,0.6426211,2.1135843,1.934811,1.8882191,0.4496822,-2.1394331,-2.0613291,0.6290358,-1.2770927,-0.9832199,-0.5309565,-1.0051955,1.1403004,-0.8346496,-1.1393405,-0.9966593,1.2060287,-0.3037352,-0.43672472,-0.22334635,0.08962187,-0.25703835,-1.5415511,0.8450061,72,2.0
-0.23650536,0.28413957,0.20230797,0.35332465,-1.4439156,-1.840382,0.18810818,2.486682,0.369172,1.829665,1.9899434,1.0867305,1.0188506,-1.5857531,-0.890401,-1.1306436,0.5696989,-1.7012653,1.0103697,-1.4215767,0.44670862,0.24599078,-1.2679207,0.201055,-0.1800209,-0.083148934,-0.24879904,-0.5056202,0.6945903,-0.95224506,-1.8389418,0.92413414,72,1.0
-0.006326586,-0.05680907,-0.06911901,0.029738143,-0.18955468,-0.5772615,-0.03621725,0.17867403,0.13611537,1.0411396,-0.61472046,0.48653948,0.23329058,0.7206841,-1.7628305,0.383823,-0.5021825,-1.2568555,-0.2803226,-1.5263381,-0.15185629,0.11105851,0.19692466,-0.6932821,0.052589994,-0.8986182,0.14760727,-1.0181944,0.0014996305,-0.16378304,-1.2650725,0.96121204,72,4.0
-0.24762902,0.29854006,0.23427685,0.3683809,-1.476035,-1.8732606,0.18768798,2.6719506,0.39508906,1.8298597,2.1551905,1.1438661,0.9914664,-1.8430175,-0.9191687,-1.052067,0.48175254,-1.6349393,0.99262595,-1.3363867,0.5544271,0.10008962,-1.3959464,0.16906102,-0.048544407,0.008854527,-0.34543994,-0.3551161,0.6973152,-0.9357097,-1.8385673,0.85853285,72,1.0
-0.2087399,0.29597667,0.40793815,0.33394217,-1.2302198,-1.8508968,0.024413213,3.728549,0.6256359,1.9046499,1.6082269,1.7148426,0.22429931,-1.9169581,-1.9285324,0.98714954,-1.4899349,-0.6154743,-0.8207509,-0.70926374,1.1027813,-0.9519542,-0.9488404,-1.1234134,1.3259721,-0.32528126,-0.38515562,-0.122234054,-0.047229223,-0.0017817346,-1.2093065,0.7051073,72,3.0
-0.2457732,0.30657458,0.26233128,0.37307,-1.499992,-1.9691147,0.17763424,2.933718,0.44110385,1.9063418,2.2131107,1.2953919,0.95670396,-1.9480448,-1.066361,-0.81716764,0.22425053,-1.563655,0.7670199,-1.2450078,0.71589696,-0.060394377,-1.4418929,0.0065699816,0.1140375,0.0019266699,-0.38635427,-0.2909255,0.6364729,-0.8875639,-1.8760854,0.82167983,72,2.0
-0.2256077,0.3185713,0.43918628,0.34699437,-1.292264,-1.9689919,0.023261342,3.926758,0.6694934,2.0115619,1.6845691,1.9085792,0.22254127,-2.015544,-2.0675242,1.0582709,-1.5645125,-0.6849176,-0.9240102,-0.776843,1.1407434,-0.9570936,-0.92242634,-1.1787168,1.3496776,-0.4290774,-0.325782,-0.22535525,-0.09165638,0.056067146,-1.2115254,0.806802,72,3.0
-0.25019535,0.2930585,0.18251374,0.36679444,-1.512056,-1.9233651,0.21772487,2.479466,0.3473458,1.8986293,2.157088,1.0609162,1.1412058,-1.6610576,-0.83518887,-1.3406518,0.8021356,-1.8663205,1.2831142,-1.5219407,0.40474313,0.34461096,-1.3365326,0.35539705,-0.38169646,-0.03774196,-0.22216617,-0.5584184,0.8005008,-1.0597326,-1.9345773,0.9888878,72,1.0
-0.2620588,0.35152334,0.38795933,0.3872183,-1.5673149,-2.195231,0.10380657,3.8102412,0.60537714,2.1540313,2.2011645,1.7976483,0.67019516,-2.3129604,-1.7624943,0.044625323,-0.76400864,-1.2481253,-0.023986436,-1.1464291,1.069474,-0.600512,-1.3945744,-0.64134955,0.8831696,-0.14099802,-0.4906004,-0.18737015,0.31440026,-0.552155,-1.7672479,0.83163553,72,2.0
-0.25208384,0.3236261,0.33059442,0.36793596,-1.5433538,-2.1420367,0.123217165,3.5359058,0.5556219,2.2519913,2.1320329,1.6348274,0.78508216,-2.0755928,-1.7510877,-0.18830675,-0.47414786,-1.483323,0.22220981,-1.3520951,0.93668705,-0.40371704,-1.3914102,-0.4852997,0.64619607,-0.1969467,-0.44700354,-0.30936548,0.42518222,-0.6836894,-1.9346683,0.90644526,72,3.0
-0.25082383,0.33650735,0.36307773,0.37838703,-1.545518,-2.1254966,0.110242225,3.6792448,0.5863892,2.1439762,2.1659043,1.6777208,0.66128695,-2.2482967,-1.6466336,0.006403342,-0.6455497,-1.2414564,0.015849598,-1.0971365,1.0384852,-0.5526774,-1.407209,-0.5654424,0.7921199,-0.13262077,-0.47879964,-0.16868618,0.34990257,-0.5464491,-1.7642448,0.78567016,72,3.0
-0.23907715,0.30175525,0.25550574,0.36395717,-1.4181247,-1.8821318,0.16150115,2.8185182,0.43346277,1.8338023,2.055621,1.2257041,0.8486692,-1.8465166,-1.0731624,-0.70560026,0.1279768,-1.4258894,0.6616992,-1.180412,0.66093075,-0.06328763,-1.2376397,-0.06570876,0.17171475,-0.036621757,-0.34024853,-0.32434404,0.5497286,-0.7588086,-1.6623651,0.82647586,72,1.0
-0.017336817,-0.04382344,-0.060394574,0.041494332,-0.24853726,-0.6658441,-0.024355356,0.28737518,0.151268,1.1443585,-0.52344084,0.5402699,0.27394143,0.6551618,-1.7946765,0.36123,-0.4500151,-1.3076267,-0.20288548,-1.6166027,-0.13642028,0.12681419,0.13939804,-0.69680005,0.034145635,-0.9060898,0.14787209,-1.0459061,0.03279946,-0.20139463,-1.323816,1.0014473,72,4.0
-0.24311155,0.3348875,0.4066194,0.36851895,-1.4830134,-2.109257,0.06637642,3.9107127,0.64511865,2.1697206,2.0137355,1.8496492,0.45473793,-2.2504437,-1.894705,0.5529062,-1.1222817,-0.97587824,-0.4648787,-0.9461383,1.1650317,-0.798903,-1.2608304,-0.8957626,1.1565398,-0.25040418,-0.47351712,-0.14636843,0.13689277,-0.28305656,-1.6012777,0.79358524,72,3.0
-0.24724275,0.32780948,0.33069932,0.3774569,-1.4773203,-2.0362186,0.1276079,3.3557932,0.521956,1.9477298,2.1513278,1.5275664,0.7461603,-2.161229,-1.3568542,-0.27902374,-0.33779263,-1.2757891,0.27384347,-1.0479422,0.9090459,-0.35629866,-1.299877,-0.35242295,0.5518056,-0.051733345,-0.43886358,-0.22409523,0.41375777,-0.6236201,-1.6202891,0.7625098,72,2.0
-0.07823278,0.066496015,0.12511213,0.13503264,-0.5468575,-1.0666487,-0.034939304,1.4723655,0.34069428,1.3146863,0.09905365,1.059999,0.12146824,-0.17720896,-1.9756138,0.86258006,-1.0974097,-0.9219237,-0.70541966,-1.1684039,0.3582021,-0.40296945,-0.09978202,-1.0545013,0.6770473,-0.7741024,-0.0019464195,-0.716782,-0.11706244,0.036491826,-1.1436001,0.8983286,72,4.0
-0.25514558,0.32807708,0.31744456,0.37912217,-1.5449142,-2.0780292,0.1464146,3.3557212,0.5083222,2.0538158,2.2347095,1.5175023,0.83364487,-2.078043,-1.3861289,-0.44457614,-0.1855653,-1.4573742,0.45047605,-1.2274287,0.8408879,-0.2800613,-1.4248127,-0.2483572,0.4469989,-0.06723733,-0.42948115,-0.26666296,0.5136408,-0.74927425,-1.827306,0.84008193,72,1.0
-0.09014952,0.06554114,0.04561157,0.14605969,-0.62453955,-1.0735028,0.03649658,1.1010096,0.2416062,1.3693527,0.2940635,0.76229405,0.46387434,-0.119140446,-1.5449324,-0.0071571916,-0.2511222,-1.3493105,0.08040181,-1.5033412,0.11111201,0.050587557,-0.3300968,-0.48000854,0.08530421,-0.62397146,-0.010080874,-0.7833444,0.21127251,-0.38642377,-1.4444852,0.9358951,72,4.0
-0.22132713,0.30566502,0.37878418,0.3497994,-1.3337617,-1.8817352,0.06305555,3.5707777,0.5821794,1.8631862,1.8553736,1.612543,0.4176851,-2.096345,-1.624701,0.45161876,-0.98722327,-0.83130896,-0.3732225,-0.8293252,1.035064,-0.7677403,-1.1564355,-0.7793673,1.0525594,-0.16467695,-0.48079008,-0.058656015,0.15564108,-0.31191257,-1.4352491,0.66403943,72,3.0
-0.24638581,0.34726503,0.4519183,0.37587196,-1.493983,-2.1859264,0.045786884,4.1803555,0.6934182,2.2276285,2.0155215,1.990586,0.3720102,-2.3503602,-2.0863519,0.8596344,-1.4492233,-0.8910723,-0.7423938,-0.9205736,1.2863029,-0.9903964,-1.2389333,-1.1227914,1.3932166,-0.28917024,-0.50653857,-0.08900353,0.038747776,-0.17946497,-1.5641232,0.7721956,72,3.0
-0.20863819,0.26770556,0.3296025,0.3062269,-1.269995,-1.9453064,0.04623965,3.3343115,0.57052827,2.068163,1.5286669,1.729544,0.46272087,-1.635357,-2.1679332,0.5284467,-1.1020322,-1.1870149,-0.4358366,-1.2773042,0.914347,-0.6540928,-0.96294165,-0.9629944,0.99817806,-0.47872567,-0.32873774,-0.42438444,0.109339625,-0.31286553,-1.6994438,0.9582784,72,3.0
-0.013344321,-0.055916008,-0.08416171,0.027396694,-0.20266357,-0.66117054,-0.02359585,0.21745285,0.13409457,1.1683289,-0.5598103,0.49251917,0.2972569,0.7877626,-1.9290774,0.33247846,-0.46759793,-1.3964688,-0.18174976,-1.7247448,-0.20509294,0.14946344,0.22505105,-0.68636775,-0.00033126026,-0.9731818,0.19799544,-1.1500558,0.041030824,-0.20125891,-1.3564361,1.0699774,72,4.0
-0.24765477,0.2969974,0.22564305,0.3629328,-1.5119951,-1.97305,0.19031787,2.764706,0.39995974,1.9379284,2.177819,1.1569033,1.0258188,-1.8040305,-1.054641,-1.0360765,0.46847007,-1.7052892,0.9639455,-1.3879101,0.56439006,0.09684742,-1.3970888,0.16161148,-0.061950684,-0.02486916,-0.33713877,-0.4074051,0.7110939,-0.9509614,-1.8752999,0.8960806,72,1.0
-0.2255041,0.30225503,0.36171052,0.34380573,-1.3339266,-1.9512602,0.07010483,3.446775,0.5698046,1.9372885,1.8361505,1.5964324,0.4986146,-1.9822704,-1.6474011,0.34006393,-0.8634054,-0.99399865,-0.27716374,-0.97550243,0.979202,-0.62492543,-1.1742704,-0.7282553,0.92074496,-0.22237208,-0.39414805,-0.18687676,0.17441463,-0.3343795,-1.5072988,0.7555211,72,2.0
-0.18328634,0.21516673,0.20827207,0.26566267,-1.1702961,-1.7449151,0.07854608,2.5516832,0.43078822,1.8931594,1.3773526,1.2873187,0.607068,-1.2828672,-1.7247221,-0.05433756,-0.42394933,-1.4247541,0.08298884,-1.4151363,0.59329545,-0.22917348,-0.9334162,-0.5012046,0.4323085,-0.39957175,-0.24818291,-0.51229686,0.29942226,-0.49859902,-1.6811751,0.94092757,72,1.0
-0.0062371213,-0.061429914,-0.07429586,0.021204859,-0.13565709,-0.61406684,-0.039017014,0.09221576,0.1357269,1.0547427,-0.6430516,0.50626063,0.21046889,0.7937952,-1.8770776,0.4270307,-0.4821079,-1.2390652,-0.2875445,-1.5542972,-0.15900144,0.095093556,0.20652127,-0.7317664,0.09659958,-0.92176473,0.14755535,-1.041694,0.0005087927,-0.17235813,-1.2599558,0.95353854,72,4.0
-0.24435812,0.29058865,0.24235834,0.36204344,-1.4004867,-1.8066114,0.17409666,2.7147963,0.41153497,1.831658,2.0058434,1.2546387,0.9012543,-1.8060948,-1.0090213,-0.8637185,0.31510127,-1.5259595,0.87235785,-1.2840464,0.5942639,0.03872226,-1.2375567,0.060978547,0.009381905,-0.04777401,-0.31286082,-0.37163603,0.6185673,-0.8388165,-1.7103171,0.8323937,72,2.0
-0.25017393,0.3025025,0.2293641,0.36777997,-1.5081228,-1.9372786,0.19184467,2.7052262,0.40380377,1.9678061,2.1511345,1.1784436,1.0493469,-1.7458216,-1.0234303,-1.0940783,0.49241552,-1.7572571,1.0012442,-1.451113,0.5451882,0.14818221,-1.3816187,0.14858718,-0.09300147,-0.074943826,-0.30302152,-0.45084673,0.70937395,-0.9705882,-1.9398558,0.9385642,72,1.0
-0.26058823,0.35679036,0.4061115,0.39144486,-1.6109481,-2.24021,0.10027193,4.032293,0.63541573,2.237867,2.2582026,1.8641915,0.62271976,-2.4755666,-1.834631,0.20713204,-0.85988307,-1.1692564,-0.14573517,-1.0467142,1.1868953,-0.72889036,-1.5152404,-0.6954109,1.0402246,-0.10402854,-0.58584934,-0.052085847,0.30449197,-0.5258897,-1.8149829,0.7489563,72,3.0
-0.24400657,0.31900513,0.3098405,0.3725925,-1.4943748,-1.9596561,0.14425814,3.226304,0.48903215,1.9154868,2.1704674,1.3957566,0.80488837,-2.1405888,-1.1992009,-0.4810874,-0.10668026,-1.2969822,0.45092154,-1.0792863,0.83321077,-0.30970418,-1.463659,-0.1891201,0.45414656,0.026415978,-0.49131274,-0.11590852,0.52527684,-0.76571894,-1.7640526,0.69955945,72,1.0
-0.0020199958,-0.07644902,-0.087252215,0.007924527,-0.14016894,-0.5999559,-0.046356555,0.07915513,0.1341833,1.1053872,-0.7352938,0.5019581,0.22226238,0.8796194,-1.9896419,0.44843054,-0.5272422,-1.328399,-0.3233835,-1.6779988,-0.19483453,0.10830928,0.28160086,-0.7884132,0.08580026,-1.0049964,0.17923717,-1.1271497,-0.009617679,-0.16373903,-1.345303,1.0206654,72,4.0
-0.07300894,0.041424233,0.0052516144,0.12519228,-0.5104376,-0.8925746,0.03682705,0.74582803,0.18984112,1.1937534,0.12395468,0.5842843,0.44538528,0.14596343,-1.3696153,-0.08484745,-0.0931112,-1.3301641,0.1424822,-1.4727211,-0.03441593,0.17608985,-0.19575958,-0.39458972,-0.06719872,-0.63776684,0.061892793,-0.85362554,0.20350575,-0.36579135,-1.3280395,0.92546135,72,4.0
-0.18221009,0.20938456,0.1687084,0.27981648,-1.1397717,-1.5545089,0.120979615,2.1325788,0.35094598,1.6721885,1.4022484,1.0256349,0.74696976,-1.1437238,-1.2320964,-0.502665,0.09440645,-1.4690349,0.5101447,-1.3590226,0.4247357,0.027730763,-0.97107965,-0.16307738,0.075613014,-0.25525862,-0.22384016,-0.5111016,0.46391025,-0.6739636,-1.6618336,0.86782825,72,4.0
-0.014613388,-0.056440417,-0.06933504,0.025146976,-0.23607183,-0.67200816,-0.036759336,0.28299284,0.16088504,1.2171884,-0.58304256,0.55560946,0.27196333,0.75324917,-2.0106113,0.4282621,-0.5469212,-1.3961995,-0.2837795,-1.7282739,-0.13792019,0.10638363,0.17894116,-0.7644832,0.067200534,-0.9952259,0.15461995,-1.1223791,0.018781438,-0.2072735,-1.431185,1.033383,72,4.0
-0.21498647,0.26825985,0.246926,0.32787737,-1.3132807,-1.7751139,0.1274649,2.804996,0.4298185,1.813329,1.8116702,1.2774212,0.7468287,-1.7429118,-1.3109214,-0.4394135,-0.13943397,-1.3639305,0.3988377,-1.2095518,0.6640249,-0.20185179,-1.1979843,-0.22713771,0.32299167,-0.11939977,-0.37552893,-0.30815396,0.47768968,-0.67960143,-1.6914647,0.77600586,72,1.0
-0.09640154,0.06995084,0.03369805,0.15216489,-0.6198947,-1.0754464,0.051596954,1.0832771,0.226825,1.3443475,0.4070948,0.665237,0.52134717,-0.15618868,-1.5070109,-0.10091692,-0.108967796,-1.4131643,0.18941751,-1.5087361,0.059974894,0.12255163,-0.2958983,-0.39772594,-0.020706348,-0.6121877,0.016244866,-0.8506019,0.254786,-0.45763472,-1.4407833,0.9532655,72,4.0
-0.23651758,0.2891296,0.23396157,0.35339934,-1.4481401,-1.9151392,0.16999087,2.7991285,0.4097578,1.9307482,2.043321,1.2014439,0.9597231,-1.8171042,-1.1363676,-0.86892605,0.25406635,-1.6086543,0.83174175,-1.3750248,0.5813397,0.03305778,-1.3695395,0.03383009,0.039654773,-0.062274177,-0.34669828,-0.3839253,0.64023924,-0.89350826,-1.8875283,0.86356133,72,1.0
-0.0051506246,-0.07562639,-0.089249074,0.007796034,-0.16192703,-0.6478747,-0.046900973,0.08477386,0.13253495,1.1517614,-0.73870885,0.5148038,0.24614894,0.8807408,-2.1157737,0.44830897,-0.5563107,-1.386431,-0.31113866,-1.702121,-0.18487753,0.09375938,0.29976612,-0.7925253,0.12632778,-1.0029361,0.17308308,-1.1626625,0.007190928,-0.1970908,-1.3346469,1.0369967,72,4.0
-0.0015212335,-0.07303332,-0.08342327,0.010386705,-0.15818843,-0.6443333,-0.04625168,0.14538904,0.13786867,1.1738714,-0.7226151,0.54644847,0.23710832,0.8518594,-2.0573578,0.4955635,-0.63134056,-1.3578674,-0.32952756,-1.7093108,-0.1647782,0.084647484,0.22577581,-0.8165317,0.07816399,-1.0174471,0.17553075,-1.1348418,-0.012239628,-0.14680256,-1.3747511,1.0562137,72,4.0
-0.2480604,0.3467001,0.40791103,0.37397838,-1.528094,-2.1706169,0.07651547,4.001785,0.6426429,2.2037807,2.0891538,1.8566483,0.5112212,-2.3196495,-1.9014957,0.43817323,-1.0771865,-1.0657583,-0.3702124,-1.0034937,1.1738577,-0.78282773,-1.3671579,-0.8372663,1.1288104,-0.19985567,-0.5039829,-0.11796825,0.19755858,-0.3608724,-1.6587468,0.7855478,72,3.0
-0.23250675,0.3116787,0.33906052,0.36314416,-1.4302615,-1.9161221,0.10950362,3.3999786,0.52484053,1.8686099,2.0129611,1.4926766,0.6431519,-2.1389318,-1.3853135,-0.09922576,-0.5178883,-1.0799825,0.11195582,-0.9585878,0.9110962,-0.50594366,-1.3295269,-0.43887323,0.69410175,-0.04070919,-0.4969008,-0.082747266,0.36663944,-0.56347555,-1.599271,0.67246574,72,2.0
-0.18471852,0.23713404,0.2514327,0.28717583,-1.1684935,-1.7066442,0.07220012,2.7670825,0.46110317,1.7964585,1.3917937,1.3692675,0.5265924,-1.4810236,-1.652298,0.12572923,-0.6250816,-1.1856068,-0.09104576,-1.1756802,0.7198323,-0.40709895,-0.9654172,-0.58728963,0.6463203,-0.30978337,-0.34053007,-0.35293382,0.255433,-0.43458715,-1.5744125,0.7994045,72,3.0
-0.23139685,0.3171317,0.3714229,0.3617453,-1.4171113,-1.9392481,0.08585989,3.5736325,0.5695294,1.9139103,1.9973754,1.6089027,0.5286237,-2.193531,-1.5494287,0.22022368,-0.78640574,-0.9662233,-0.17081623,-0.88583934,1.0390005,-0.6841446,-1.3077056,-0.631099,0.9357938,-0.08672406,-0.51910836,-0.032605127,0.26352325,-0.4380778,-1.5507716,0.6492964,72,2.0
-0.12974116,0.12235808,0.060084064,0.20254178,-0.80787766,-1.2597505,0.09605987,1.333631,0.23667157,1.445305,0.7793029,0.7097084,0.6708871,-0.48138094,-1.2791007,-0.4884268,0.16836849,-1.5069736,0.5293373,-1.5045781,0.10121486,0.21871996,-0.5482539,-0.13538548,-0.15283251,-0.4494874,-0.038387112,-0.7797156,0.41668326,-0.60345286,-1.5330924,0.9473106,72,1.0
-0.03051529,-0.030568521,-0.045567755,0.05129245,-0.2984401,-0.80095,-0.017896414,0.46351,0.17198724,1.287827,-0.41781363,0.61770785,0.31524777,0.6175692,-1.9166746,0.32910615,-0.49047947,-1.3995925,-0.19524384,-1.7220454,-0.11009078,0.10325528,0.109668344,-0.7127932,0.050373316,-0.9463374,0.16600777,-1.0851345,0.05150132,-0.20926692,-1.4196981,1.0814155,72,4.0
-0.22832984,0.28402677,0.25994632,0.32994995,-1.4054619,-2.0138352,0.12470348,3.002301,0.4797409,2.067929,1.8556933,1.4397802,0.7449608,-1.6772746,-1.6225808,-0.33133268,-0.23850152,-1.5309094,0.3329306,-1.4393849,0.69428235,-0.1941891,-1.1740352,-0.3454352,0.4208931,-0.2689676,-0.30845225,-0.46976268,0.44139063,-0.6708671,-1.8766357,0.9802364,72,3.0
-0.24059963,0.31546023,0.33681747,0.36381283,-1.4247018,-1.9627619,0.11102342,3.3163693,0.53739303,1.9600953,2.0093868,1.5587492,0.6122026,-2.057742,-1.5157835,-0.05496706,-0.56231874,-1.1648341,0.060974255,-1.0532753,0.9102263,-0.4375367,-1.1794823,-0.4981522,0.6868542,-0.13528611,-0.40532058,-0.21463382,0.3287845,-0.487283,-1.5538615,0.79373235,72,3.0
-0.24051669,0.29793102,0.25142705,0.35758778,-1.4565152,-1.9587433,0.15979101,2.8601856,0.4390581,1.8876663,2.0452821,1.3137488,0.8977762,-1.8080852,-1.2168815,-0.73001087,0.120108284,-1.5541775,0.67060876,-1.3461246,0.6516202,-0.055142805,-1.2923069,-0.06664856,0.16185714,-0.09316467,-0.35411692,-0.39538333,0.57070446,-0.8447979,-1.8267883,0.88025635,72,2.0
-0.23061797,0.28405496,0.26508775,0.3543663,-1.3432657,-1.7835373,0.14405788,2.7837775,0.4370386,1.7498463,1.9116616,1.240846,0.7383019,-1.7658676,-1.1082189,-0.52243996,-0.008266546,-1.3338822,0.5149345,-1.1280386,0.6704499,-0.12685502,-1.1060877,-0.1695213,0.27045482,-0.09643996,-0.31604874,-0.3052311,0.4840144,-0.6753458,-1.5553021,0.7784465,72,2.0
-0.22727454,0.32253957,0.4437338,0.3503465,-1.3245108,-1.9755515,0.016345754,3.9471674,0.6693923,2.0039008,1.7389878,1.9020487,0.22948432,-1.9996613,-2.1758277,1.1092031,-1.6652291,-0.6990701,-0.9376962,-0.80904216,1.1617261,-0.99471927,-0.890206,-1.2617102,1.4049149,-0.42932463,-0.3619839,-0.22877075,-0.10925362,0.042290602,-1.2232873,0.82760805,72,3.0
-0.22544017,0.3051285,0.32992813,0.35144144,-1.3962874,-1.934431,0.096530445,3.3253841,0.53729784,1.9319401,1.9277419,1.52932,0.5983526,-2.0270855,-1.5045705,0.04946821,-0.67592335,-1.1231141,-0.05305895,-0.97792834,0.94719815,-0.518864,-1.239068,-0.5600873,0.75955546,-0.12809473,-0.43453586,-0.15747078,0.30646223,-0.48216063,-1.5841991,0.7227398,72,2.0
-0.24470556,0.33989692,0.4253343,0.3720076,-1.4915059,-2.15936,0.063640684,4.0646825,0.66386014,2.1913078,2.0115037,1.8947488,0.437977,-2.2748191,-1.9716933,0.6296592,-1.2253501,-0.9595108,-0.5539807,-0.94947034,1.2063183,-0.8698297,-1.2778453,-0.9640686,1.2286007,-0.25105593,-0.47947723,-0.121357486,0.12475974,-0.2619808,-1.6143044,0.7802653,72,3.0
-0.021309167,-0.042606454,-0.06921762,0.04343538,-0.22034377,-0.7199285,-0.0135956695,0.23156658,0.13879204,1.1631867,-0.47616494,0.4928599,0.30954793,0.68328303,-1.8126872,0.28109294,-0.41770494,-1.3570346,-0.13210896,-1.6486037,-0.17420639,0.14356574,0.14422558,-0.64144737,-0.0257705,-0.91045594,0.17409478,-1.0821863,0.07219272,-0.2176286,-1.3269536,1.034207,72,4.0
-0.258809,0.34561813,0.3475759,0.38449222,-1.5633923,-2.2196481,0.12861459,3.5969803,0.5655105,2.17692,2.2597823,1.632682,0.73352885,-2.184003,-1.629909,-0.18464005,-0.49322402,-1.3520516,0.15784784,-1.2153883,0.9519782,-0.4104796,-1.3462622,-0.48313582,0.6819542,-0.14054365,-0.42519087,-0.27927405,0.402972,-0.6147492,-1.8108668,0.8999898,72,1.0
-0.24353912,0.31482553,0.32849345,0.3646174,-1.4903257,-2.0177953,0.11701688,3.3997414,0.5332765,2.0120342,2.0492065,1.5584213,0.7076867,-2.1273577,-1.4665704,-0.1641312,-0.46719196,-1.2513397,0.1811252,-1.1050138,0.9128367,-0.42563432,-1.3448793,-0.43912572,0.63485146,-0.09763923,-0.46588486,-0.19505331,0.40180606,-0.6288048,-1.7486457,0.7692738,72,1.0
-0.24685222,0.30422595,0.2597563,0.35845298,-1.5125573,-2.056796,0.16114463,3.001289,0.4560523,2.0386598,2.1472566,1.3198367,0.9131151,-1.8862565,-1.339525,-0.6970789,0.10214061,-1.621212,0.65164965,-1.3825178,0.69594884,-0.08451542,-1.3595557,-0.08502513,0.20545395,-0.09834236,-0.35919917,-0.3766247,0.5903658,-0.83119476,-1.8695284,0.9077812,72,2.0
-0.24673036,0.32905474,0.3612853,0.36850986,-1.4876802,-2.0836656,0.09848361,3.5969675,0.57492125,2.0771008,2.056475,1.7180461,0.65079653,-2.144441,-1.792623,0.06031836,-0.73894495,-1.2455661,-0.018394686,-1.1720386,0.99576133,-0.5495678,-1.2616979,-0.627622,0.8337519,-0.1904322,-0.45247847,-0.25370738,0.29897794,-0.53150696,-1.7220252,0.8512305,72,2.0
-0.23023126,0.32716423,0.3993354,0.3564539,-1.3752487,-2.04368,0.056279436,3.7002966,0.6223768,2.0500422,1.874074,1.7683333,0.40025344,-2.1304302,-1.8144023,0.5641967,-1.1546189,-0.85732865,-0.46825683,-0.8668429,1.1014972,-0.7946076,-1.1535639,-0.8443625,1.1454581,-0.20607212,-0.4567209,-0.0991847,0.12536702,-0.24539086,-1.3960993,0.73790044,72,2.0
-0.24287692,0.29736128,0.23257232,0.36274418,-1.4820052,-1.906732,0.18553346,2.7383466,0.39845237,1.9269046,2.177681,1.1739928,1.0228181,-1.7848732,-1.1130781,-0.9748499,0.3827374,-1.6858834,0.9286697,-1.4021487,0.5652943,0.09668232,-1.3856282,0.12791638,-0.046647042,-0.037829284,-0.32604164,-0.41950613,0.69887036,-0.9525554,-1.8609037,0.8816277,72,1.0
-0.24597308,0.30021948,0.21043138,0.36671656,-1.4743854,-1.8942318,0.19982952,2.5644426,0.3783769,1.8711712,2.1384141,1.0891434,1.0735257,-1.7600054,-0.8864355,-1.2387328,0.6372064,-1.7371334,1.1072217,-1.3937213,0.51065445,0.21058485,-1.3913529,0.25174665,-0.18242165,-0.031245204,-0.29903573,-0.453553,0.75412077,-1.0377122,-1.9393245,0.91477305,72,1.0
-0.090199485,0.07222857,0.12136477,0.13802944,-0.61706877,-1.2311355,-0.022276793,1.564943,0.3562171,1.5291836,0.19874318,1.1274853,0.2279028,-0.19652887,-2.1320944,0.73309237,-1.0585835,-1.119169,-0.58697855,-1.4476709,0.37033102,-0.3635675,-0.19813116,-1.0456862,0.6666956,-0.8202816,-0.033942595,-0.7955013,-0.03961151,-0.099340014,-1.3854055,1.0031774,72,4.0
-0.22984618,0.30889332,0.31947458,0.3585364,-1.3554822,-1.8750151,0.1125856,3.1116936,0.5088833,1.8525367,1.9100196,1.4425484,0.62252104,-1.9238464,-1.291084,-0.14524792,-0.42441863,-1.1255776,0.20180222,-0.99600685,0.8357357,-0.3857048,-1.156634,-0.3942809,0.5938641,-0.08609068,-0.39860058,-0.19675803,0.35535774,-0.5203447,-1.5036407,0.7463598,72,2.0
-0.11833483,0.09776729,0.06241884,0.17656656,-0.75085974,-1.2678193,0.06564561,1.3397344,0.26263776,1.5629617,0.56672996,0.8140569,0.60115135,-0.30841455,-1.6045351,-0.1869154,-0.12362627,-1.5444331,0.26479727,-1.6381433,0.14240399,0.102430545,-0.4708202,-0.3960964,0.013986364,-0.6084021,-0.024194196,-0.8409331,0.3097851,-0.5152144,-1.6348886,1.0246981,72,4.0
-0.038690023,-0.004192371,-0.026930887,0.07895367,-0.3220302,-0.7705754,-0.0010302514,0.5393746,0.16925693,1.1241977,-0.2316914,0.56160635,0.3039066,0.38139406,-1.6560767,0.23649785,-0.39601701,-1.2414228,-0.11880992,-1.4764211,-0.06202106,0.0730658,0.0114895,-0.5839563,0.07447286,-0.7701861,0.08794448,-0.9179973,0.093254365,-0.21782765,-1.2519716,0.9201645,72,4.0
-0.2532568,0.31230432,0.27976048,0.3739239,-1.5434827,-1.9691408,0.171107,3.0676913,0.4507771,1.9349993,2.1961088,1.3493189,0.91324705,-1.9383767,-1.1113291,-0.7702127,0.1564124,-1.53254,0.72778887,-1.281951,0.7226188,-0.09277556,-1.432973,-0.036961585,0.17003182,-0.039063264,-0.37744743,-0.33131444,0.6054961,-0.8246819,-1.8777856,0.8646688,72,1.0
-0.24495217,0.32666588,0.34368062,0.3737117,-1.477501,-2.03387,0.11690497,3.4770293,0.55019164,1.99305,2.1436818,1.5644845,0.6937953,-2.2047777,-1.4541297,-0.123385265,-0.5325466,-1.2161903,0.14427039,-1.0116999,0.99856323,-0.49920437,-1.4030939,-0.4662311,0.7114519,-0.056687612,-0.50046855,-0.11647635,0.38586903,-0.6024945,-1.685135,0.7139386,72,3.0
-0.21062359,0.2949067,0.3929758,0.32477695,-1.2905695,-1.9673873,0.02386839,3.7310543,0.63540757,2.0519526,1.5637723,1.837894,0.28079373,-1.902439,-2.1374555,0.93450075,-1.4386747,-0.84977037,-0.82411015,-0.96791595,1.1069326,-0.9099474,-0.9517174,-1.1527358,1.3053068,-0.423641,-0.38211387,-0.23136395,-0.030859321,-0.09383092,-1.442001,0.81090677,72,3.0
-0.069261864,0.03125004,-0.012768358,0.11342352,-0.50174415,-0.94631064,0.03398241,0.7030405,0.18732306,1.2920054,0.044224158,0.5818592,0.47268957,0.23329833,-1.4977086,-0.057738528,-0.09291878,-1.4358704,0.14159133,-1.5914962,-0.06948423,0.21438456,-0.16306281,-0.43106472,-0.101995066,-0.7287438,0.10378407,-0.95478344,0.20269617,-0.3661432,-1.4151629,1.0219046,72,4.0
-0.2139605,0.30037686,0.3894166,0.34300405,-1.2843581,-1.8310105,0.042070344,3.5105555,0.6014429,1.889175,1.7029957,1.6403835,0.31476164,-1.9365436,-1.7455368,0.7148804,-1.2582109,-0.7197142,-0.63944125,-0.78093976,1.0533148,-0.8224108,-0.98454636,-0.9277976,1.1886758,-0.24598934,-0.40943027,-0.09637883,0.046113946,-0.13662314,-1.2568412,0.6722053,72,3.0
-0.25894585,0.31981722,0.24676087,0.38370165,-1.5692651,-2.0489957,0.1954694,2.873772,0.42783886,1.9342573,2.2349513,1.2520778,1.0290672,-1.8858013,-0.9398082,-1.1018641,0.4835525,-1.7059962,0.99005127,-1.3627241,0.6105069,0.11509579,-1.4521217,0.16543142,-0.04584703,-0.011350953,-0.33741438,-0.421903,0.68658763,-0.9740828,-1.901526,0.88485795,72,1.0
-0.056694694,0.01824629,0.02735171,0.09398103,-0.41169286,-0.9191085,-0.017067447,0.9453473,0.24111286,1.2994826,-0.112222746,0.76193905,0.2561901,0.20349783,-1.881701,0.5057319,-0.6373621,-1.1876107,-0.33624762,-1.4442437,0.08970025,-0.09022136,-0.027443547,-0.8004097,0.3176769,-0.81813514,0.06383324,-0.8876523,0.008966982,-0.17496438,-1.339832,0.9516512,72,4.0
-0.257034,0.32225043,0.26909745,0.38207468,-1.5897613,-2.0557067,0.18178463,3.0321481,0.44765818,1.99062,2.2815495,1.3104473,0.9968609,-2.0919285,-1.0765527,-0.9337104,0.27856192,-1.6107699,0.86150104,-1.2983956,0.7112908,-0.016882852,-1.5004042,0.066783085,0.11601018,0.027981862,-0.41731244,-0.28322047,0.67525494,-0.9525199,-1.9347357,0.8232028,72,2.0
-0.23573333,0.31824046,0.37213758,0.36152005,-1.4498398,-2.0344217,0.07943269,3.651573,0.59666014,2.047157,2.002425,1.6823281,0.53700477,-2.2158499,-1.6685097,0.29588434,-0.92099345,-1.0396502,-0.2591882,-0.94142246,1.0784814,-0.69862163,-1.3137332,-0.738177,0.9944203,-0.14378797,-0.5048147,-0.10109661,0.23557994,-0.43811935,-1.6279559,0.70873314,72,1.0
-0.23857403,0.2773352,0.17793077,0.34823483,-1.4384992,-1.8608185,0.20011087,2.3646882,0.3406718,1.8605196,2.008686,1.0249785,1.0862678,-1.5606407,-0.918679,-1.1914709,0.6905449,-1.8343927,1.1568004,-1.559967,0.3928132,0.3129442,-1.2374386,0.2726518,-0.3330069,-0.10089536,-0.2020126,-0.5758465,0.7385618,-0.98434544,-1.8972712,0.97656775,72,2.0
-0.23618424,0.33744928,0.43552992,0.3629554,-1.4039128,-2.0792513,0.04301808,3.976221,0.6671711,2.10428,1.8689412,1.9107877,0.35230803,-2.1897635,-2.0364141,0.84023845,-1.4083996,-0.8474313,-0.705813,-0.8943368,1.2057697,-0.9299892,-1.1458192,-1.1042945,1.308257,-0.31652877,-0.44227856,-0.15108338,0.0223713,-0.11306941,-1.4229829,0.78428316,72,3.0
-0.25130028,0.3315137,0.33833313,0.3797567,-1.5162991,-2.076336,0.1298044,3.4723806,0.5392876,2.0554137,2.1969154,1.5548819,0.7555633,-2.1776237,-1.4493847,-0.24308342,-0.4047974,-1.3091689,0.2620272,-1.1186295,0.9497843,-0.41423243,-1.4053254,-0.39729267,0.61726886,-0.07561739,-0.46932942,-0.19042669,0.43147337,-0.6548173,-1.7301306,0.78011316,72,3.0
-0.052825246,0.009184878,-0.004971396,0.09222202,-0.4242295,-0.8608823,0.0031533241,0.70292753,0.1987108,1.2527298,-0.13017622,0.647529,0.3520715,0.27630463,-1.6802514,0.20755985,-0.3843663,-1.2987746,-0.09980962,-1.54843,-0.0035210673,0.062313437,-0.08360328,-0.6040865,0.08814482,-0.765525,0.06656948,-0.89753413,0.1135111,-0.27142027,-1.3716785,0.95196545,72,4.0
-0.041226283,-0.00319596,-0.030154862,0.07948065,-0.35927677,-0.7515765,0.003281028,0.49076858,0.1728954,1.1321205,-0.21604572,0.49044138,0.37058586,0.43563667,-1.5730486,0.15651661,-0.2595148,-1.3340653,-0.023090765,-1.5343404,-0.08344756,0.13424972,0.0010844618,-0.5461729,-0.017939493,-0.8029381,0.11619645,-0.9539051,0.10852581,-0.2979472,-1.3295902,0.96475524,72,4.0
-0.22544602,0.2707809,0.23912841,0.3353818,-1.384784,-1.9192725,0.14679718,2.7912726,0.43352845,1.964328,1.8715309,1.2997609,0.8665486,-1.6668371,-1.3327103,-0.55826813,-0.0039171427,-1.5804292,0.56066036,-1.4111464,0.6557519,-0.093018845,-1.271247,-0.19759119,0.20337246,-0.18369523,-0.31676275,-0.4222273,0.5292147,-0.78958213,-1.8991029,0.9031027,72,1.0
-0.2523868,0.31021956,0.24495263,0.37730396,-1.5282416,-1.9688919,0.19468223,2.880181,0.42317018,1.9122869,2.2723136,1.2726239,1.029059,-1.9125654,-1.0209349,-0.99396485,0.42924926,-1.6660619,0.933463,-1.3186474,0.65333515,0.04552956,-1.4810581,0.12612821,-0.011478879,0.01998081,-0.36831027,-0.3513155,0.69799715,-0.9693281,-1.9263053,0.86791784,72,1.0
-0.02050057,-0.05110794,-0.05171295,0.031272702,-0.26964742,-0.778519,-0.039013743,0.439813,0.17694815,1.3049397,-0.5523414,0.6652998,0.2780054,0.6812011,-2.1074326,0.45411175,-0.6507747,-1.4145021,-0.32900923,-1.8062403,-0.099696554,0.040594198,0.15555955,-0.84764737,0.14743496,-1.0193528,0.14506023,-1.1216197,0.0020165518,-0.19015434,-1.4933441,1.0939066,72,4.0
-0.00041946396,-0.0727157,-0.085716695,0.014938362,-0.14169095,-0.5664141,-0.041311894,0.11114033,0.12574202,1.0553045,-0.6961128,0.46480316,0.23502398,0.83877707,-1.8654866,0.3949594,-0.5134082,-1.3101796,-0.29415426,-1.6111672,-0.19452696,0.110123985,0.24275066,-0.7236932,0.039090782,-0.9576032,0.16614588,-1.0840427,-0.0065448657,-0.17306562,-1.3071159,0.9945147,72,4.0
-0.25535038,0.3490721,0.3920133,0.38535154,-1.541482,-2.1545746,0.09523224,3.8597045,0.62143344,2.1503108,2.2066166,1.7817574,0.60306054,-2.382228,-1.7347505,0.21011582,-0.8840234,-1.1375185,-0.15485431,-0.97897166,1.1668172,-0.7181851,-1.4455953,-0.68227005,1.0025861,-0.08977957,-0.5578379,-0.053772986,0.29165554,-0.4996138,-1.7174501,0.70396626,72,3.0
-0.2400414,0.2863218,0.19793458,0.35536164,-1.4370768,-1.8566836,0.19388108,2.4806845,0.36964107,1.8062392,1.963118,1.0844723,1.0227574,-1.4871348,-0.9272051,-1.1400175,0.6068227,-1.7344426,1.0132499,-1.4707737,0.417672,0.27071765,-1.2535107,0.20244263,-0.21948156,-0.12791611,-0.2084634,-0.5732068,0.6839419,-0.93986636,-1.8261701,0.9850629,72,1.0
-0.26400533,0.3011551,0.18634461,0.38061383,-1.5416988,-1.9089451,0.23147176,2.5358634,0.3429849,1.9431576,2.2098532,1.1083164,1.2026571,-1.7427682,-0.78681386,-1.4911914,0.95629305,-1.9325333,1.4461277,-1.5708454,0.38645303,0.39867344,-1.374424,0.46183354,-0.45395404,-0.022629958,-0.2294566,-0.56308484,0.85692877,-1.1173056,-1.9780055,0.99575335,72,1.0
-0.25009814,0.3506791,0.43809777,0.3676921,-1.5055956,-2.223728,0.047693662,4.171604,0.69155866,2.3263683,1.9809386,2.0187747,0.42441487,-2.2972097,-2.2383332,0.7516577,-1.4099486,-1.0537379,-0.65887207,-1.0684454,1.2319661,-0.9158389,-1.2581503,-1.1141602,1.3232766,-0.35792482,-0.47230434,-0.19921793,0.06559396,-0.23375957,-1.6663479,0.87250084,72,3.0
-0.097446606,0.077702835,0.043024182,0.15557677,-0.6671349,-1.0828676,0.050786477,1.1165344,0.24128973,1.3815219,0.44123626,0.7130596,0.51618934,-0.15302925,-1.4236071,-0.12765113,-0.099674895,-1.4148768,0.19587567,-1.511869,0.07617044,0.12773997,-0.3997547,-0.39229363,0.01694867,-0.5954407,-0.013101846,-0.7914474,0.25223577,-0.442909,-1.4774368,0.94345975,72,4.0
-0.23597494,0.28723818,0.18572088,0.3527357,-1.4337502,-1.7743648,0.19908315,2.4114046,0.34068644,1.8153048,2.0041316,1.0193788,1.0540929,-1.579249,-0.8987023,-1.2382562,0.66937304,-1.70876,1.1156646,-1.4218774,0.38194886,0.29897526,-1.271716,0.29188442,-0.24259788,-0.057090335,-0.23859552,-0.52750033,0.7653336,-0.99879646,-1.8645002,0.944801,72,1.0
-0.03652335,-0.01928499,-0.03079468,0.06263695,-0.33174908,-0.8109239,-0.014963106,0.5644757,0.18650761,1.2697871,-0.30254194,0.63884616,0.31457606,0.48761603,-1.8693333,0.31028736,-0.4643402,-1.3520455,-0.19427694,-1.6540024,-0.06778631,0.06397374,0.044314012,-0.700082,0.11064534,-0.889123,0.11679803,-1.0057203,0.055035118,-0.23344268,-1.4024929,1.0252548,72,4.0
-0.00449419,-0.07627435,-0.09192696,0.004826769,-0.16914673,-0.6230667,-0.04787035,0.16918682,0.13684365,1.1652604,-0.7285256,0.51528037,0.24939135,0.85637015,-2.0920784,0.44220027,-0.5449885,-1.3981185,-0.31956655,-1.7362218,-0.20029822,0.10773427,0.2839314,-0.8069907,0.10187407,-1.0219786,0.17107217,-1.1711811,-0.006070569,-0.19610053,-1.4039986,1.0508476,72,4.0
-0.25882936,0.32009882,0.2607079,0.3787179,-1.5700794,-2.0539536,0.18267097,2.9576728,0.44482538,2.049209,2.2819293,1.2865479,1.0283785,-1.9033247,-1.1403525,-0.943692,0.30885133,-1.7176094,0.8909073,-1.4629619,0.6381683,0.056979425,-1.4152797,0.03287977,0.023008727,-0.106636286,-0.31208235,-0.4549345,0.6592968,-0.9176128,-1.9547381,0.9595245,72,1.0
-0.25428018,0.33467075,0.3431479,0.38414475,-1.52728,-2.063281,0.13351367,3.474847,0.53764534,2.0437548,2.2075155,1.5620894,0.7499499,-2.1526787,-1.4346161,-0.262745,-0.34928778,-1.2913003,0.2851891,-1.116854,0.92482483,-0.37399623,-1.3871844,-0.35785162,0.55485976,-0.08723838,-0.4337988,-0.23841012,0.4327368,-0.6256194,-1.718924,0.799923,72,2.0
-0.22527263,0.311715,0.35286325,0.34845316,-1.3815266,-1.9945184,0.08297796,3.4932153,0.5667912,2.031347,1.8653952,1.6368626,0.54938346,-2.010284,-1.7015657,0.2614736,-0.89155173,-1.1132895,-0.23060197,-1.0479772,1.0042717,-0.6102079,-1.2027522,-0.7235103,0.8891692,-0.2284866,-0.42912245,-0.19574645,0.23722428,-0.4174648,-1.5927055,0.7862594,72,1.0
-0.25811243,0.33199757,0.27181903,0.38571066,-1.551829,-2.0803213,0.1836214,3.0991013,0.45038405,1.9663609,2.3396504,1.3281921,0.98941374,-2.042941,-1.1513743,-0.93036145,0.2572337,-1.6251289,0.8257654,-1.300566,0.7021274,-0.02994372,-1.4817977,0.0595773,0.09105311,0.010435224,-0.38167465,-0.32967228,0.6573664,-0.90411395,-1.8311993,0.8698098,72,2.0
-0.23947203,0.34283108,0.4190017,0.3690829,-1.4469471,-2.0811224,0.058924425,3.9337425,0.6440085,2.1042418,2.0123038,1.838114,0.4244388,-2.2553182,-1.9089489,0.6432193,-1.2747958,-0.90978914,-0.54622114,-0.8793287,1.1681024,-0.8538422,-1.2117797,-0.96102035,1.2439452,-0.21853639,-0.47888768,-0.09093595,0.09030035,-0.2097283,-1.4328427,0.7482161,72,3.0
-0.24598062,0.30828717,0.25352204,0.367925,-1.5193813,-1.9692706,0.17771573,2.9219847,0.42659408,1.9542767,2.1852307,1.2663198,0.9892317,-1.944189,-1.1648839,-0.89120865,0.26011,-1.6060202,0.85037124,-1.3284786,0.6569188,-0.006389912,-1.4551183,0.07087737,0.10216857,0.0027954392,-0.40247542,-0.32471955,0.67336744,-0.9382816,-1.8991963,0.8307469,72,2.0
-0.2294532,0.3285282,0.43249285,0.35161832,-1.366114,-2.0509028,0.031071637,3.9857395,0.6634638,2.0827956,1.7619016,1.8930594,0.30819124,-2.0970557,-2.0897412,0.9423323,-1.488955,-0.7999209,-0.81128,-0.86777997,1.1762071,-0.94141006,-1.0572222,-1.1475446,1.3317437,-0.37474304,-0.38632512,-0.19350219,-0.028789341,-0.044021156,-1.3901333,0.8074309,72,3.0
-0.22765279,0.31188852,0.44123402,0.34961307,-1.3089951,-1.9797173,0.015512184,3.8885076,0.672163,1.9880266,1.7024945,1.8946428,0.19624215,-2.007034,-2.0987482,1.1186943,-1.6958282,-0.69757307,-0.9393243,-0.821364,1.1488521,-0.99492294,-0.8342894,-1.2662555,1.389941,-0.43550426,-0.34041116,-0.23472044,-0.11582341,0.05472018,-1.2540572,0.8139092,72,3.0
-0.012059137,-0.055261265,-0.07892534,0.030387841,-0.18889998,-0.65077555,-0.024813514,0.20380425,0.13232861,1.134173,-0.5710204,0.482837,0.2782199,0.77302146,-1.8769655,0.35526177,-0.46668613,-1.3453462,-0.19423094,-1.6713915,-0.19407308,0.13421416,0.22461419,-0.6908655,0.0093260035,-0.95093685,0.19042473,-1.1134589,0.032703128,-0.17706658,-1.3175284,1.039772,72,4.0
-0.26644295,0.34006608,0.3251157,0.38893682,-1.6031733,-2.1501293,0.1545014,3.452483,0.52730435,2.1994429,2.3017502,1.562216,0.8923424,-2.1229966,-1.4698431,-0.5207965,-0.14017132,-1.5538925,0.5077694,-1.3550923,0.85998476,-0.2523895,-1.4598789,-0.2544805,0.42923263,-0.11206497,-0.42204195,-0.32810336,0.53392243,-0.787341,-1.9284393,0.91721445,72,1.0
-0.24277025,0.33284342,0.3720264,0.36904582,-1.4703892,-2.1004803,0.09065571,3.6171138,0.58922565,2.055459,2.0505972,1.6586041,0.5547454,-2.167396,-1.7004204,0.19449082,-0.82913494,-1.0965352,-0.19836599,-1.0163103,1.0249189,-0.5961962,-1.2038393,-0.71404207,0.93827844,-0.1916944,-0.4356385,-0.206882,0.23661798,-0.3957014,-1.5914053,0.8238823,72,2.0
-0.1882374,0.20665668,0.16192457,0.27484,-1.182103,-1.6924419,0.11880981,2.2652063,0.36182672,1.827979,1.4581215,1.0980127,0.7847493,-1.1886402,-1.4140458,-0.49414313,0.055612423,-1.6356491,0.5269317,-1.5152779,0.427349,0.03072735,-1.0026797,-0.20248461,0.082461976,-0.33050779,-0.20841992,-0.6011205,0.4711419,-0.7184571,-1.800089,0.96034247,72,2.0
-0.010052728,-0.06477827,-0.08800876,0.011683397,-0.2332869,-0.6839084,-0.04023748,0.2607036,0.1472589,1.2629327,-0.65134543,0.5575251,0.3000859,0.8092187,-2.1452963,0.42121065,-0.6199143,-1.4721841,-0.27556485,-1.832494,-0.18230477,0.12807336,0.22601323,-0.8103744,0.058080617,-1.042015,0.1714801,-1.2088422,0.014301505,-0.19938779,-1.4772545,1.1118194,72,4.0
-0.23761642,0.32441875,0.41501597,0.36236775,-1.3635316,-1.9720905,0.052702684,3.8404167,0.63530093,1.9575979,1.8863324,1.8321781,0.374025,-2.1636825,-1.883321,0.6576231,-1.2556207,-0.91134906,-0.5494683,-0.8883428,1.1099577,-0.8195103,-1.0774978,-0.9881626,1.1917609,-0.27350795,-0.40514427,-0.16916546,0.064929925,-0.20710814,-1.4511532,0.7868125,72,2.0
-0.04292678,-0.0022574067,-0.0044087693,0.07565508,-0.37360233,-0.839573,-0.017220516,0.72917134,0.2099128,1.2835617,-0.22987993,0.69101834,0.2988244,0.3707746,-1.8865011,0.38209394,-0.61125547,-1.2827567,-0.271757,-1.5985999,0.008544065,-0.012096718,0.030001486,-0.7391777,0.20467001,-0.86143804,0.08431944,-0.9512782,0.045870148,-0.18775167,-1.3661188,0.9912184,72,4.0
-0.2021923,0.27158567,0.3620843,0.30687022,-1.2074214,-1.8719926,0.023184378,3.4541712,0.5955582,2.0121584,1.4774072,1.7457609,0.33235857,-1.6632572,-2.1509452,0.79805636,-1.3950142,-0.9307188,-0.6899113,-1.0490804,0.9991291,-0.80931085,-0.87367946,-1.110365,1.1804019,-0.46047494,-0.32809597,-0.33839145,-0.0013810992,-0.14074698,-1.4498427,0.8711054,72,3.0
-0.12815872,0.12932567,0.13003841,0.19690336,-0.82337785,-1.3461183,0.044593967,1.7665459,0.33709434,1.5556597,0.68480515,1.052484,0.47131807,-0.55766624,-1.6896462,0.114494905,-0.45854446,-1.304489,-0.037562933,-1.4405706,0.3320933,-0.13547416,-0.5417267,-0.58405,0.32983536,-0.5781257,-0.097686276,-0.6859198,0.19956854,-0.37902755,-1.5307275,0.9505352,72,3.0
-0.048228398,0.0057991967,-0.006071938,0.084337585,-0.38085473,-0.840959,-0.008709132,0.7122886,0.20333578,1.1973096,-0.13653241,0.6464732,0.3060286,0.27059278,-1.7339997,0.30978107,-0.43755132,-1.2593219,-0.18648541,-1.4961693,-0.00044332515,0.03045959,-0.042148493,-0.678918,0.16317406,-0.80639166,0.072881505,-0.8970539,0.055076744,-0.24012315,-1.3230041,0.95346946,72,4.0
-0.24633148,0.3186598,0.32279328,0.37028515,-1.4923614,-2.0311162,0.1299033,3.3913116,0.5204631,2.0257561,2.138825,1.515787,0.7720424,-2.1124701,-1.4020159,-0.33530277,-0.36150795,-1.3489375,0.3226931,-1.1646323,0.89612913,-0.3592026,-1.3763707,-0.33803117,0.5481937,-0.06258832,-0.46096265,-0.21133743,0.4541012,-0.6912357,-1.7544272,0.7749065,72,2.0
-0.22127974,0.27123645,0.23185736,0.33593506,-1.3409698,-1.8080767,0.1526825,2.636086,0.39912605,1.8189731,1.82427,1.1940728,0.8628843,-1.5228177,-1.0594034,-0.71473205,0.21018842,-1.4979423,0.67819387,-1.2990663,0.5457675,0.012908533,-1.1808356,-0.05351673,0.10254658,-0.14626601,-0.2782457,-0.4406168,0.53433096,-0.7657187,-1.6830913,0.84924895,72,1.0
-0.088496126,0.06630483,0.028435381,0.14336598,-0.59414506,-1.0617566,0.042369977,1.0556059,0.23155174,1.3573524,0.30779022,0.73166317,0.47898498,-0.040680833,-1.5916636,-0.047784746,-0.21869895,-1.3647588,0.113021,-1.5313015,0.060356848,0.09296142,-0.24353328,-0.4313298,0.053037886,-0.6638544,0.034090385,-0.87429905,0.22198635,-0.3926735,-1.3990151,0.9848357,72,4.0
-0.22544867,0.26591948,0.22584814,0.33217856,-1.3820565,-1.8702767,0.1502372,2.6920168,0.4112654,1.9063277,1.824123,1.2581066,0.89567786,-1.5740293,-1.2825713,-0.6825292,0.11187137,-1.6352488,0.66028917,-1.4539623,0.5783827,-0.0067185834,-1.2463391,-0.13973056,0.1204734,-0.19763723,-0.28454518,-0.4729244,0.5455184,-0.80186313,-1.87348,0.9433333,72,1.0
-0.2521482,0.30151603,0.23895337,0.37116864,-1.5244687,-2.0065317,0.19121963,2.8167083,0.41629592,1.9863358,2.182182,1.2605493,1.0503528,-1.8197014,-1.0875853,-1.0268939,0.43114266,-1.7501532,0.9651985,-1.4339769,0.599821,0.087480746,-1.4394203,0.097096026,-0.056530237,-0.059002798,-0.32732582,-0.42299166,0.6983046,-0.9739313,-1.9631401,0.9292609,72,1.0
-0.24859089,0.30193084,0.21947847,0.3685188,-1.5151509,-1.9305272,0.19668978,2.6484022,0.38331988,1.9385972,2.1405668,1.1137942,1.0622008,-1.7927179,-0.9498385,-1.1504941,0.56396955,-1.7295991,1.0665079,-1.4201229,0.4987636,0.2071931,-1.3973513,0.21672602,-0.158279,-0.035443023,-0.28814656,-0.44553486,0.7395372,-0.9929741,-1.92418,0.91537106,72,1.0
-0.16992363,0.19154282,0.17525801,0.2572625,-1.0710983,-1.5894425,0.08929976,2.1688259,0.37707564,1.7398224,1.2076825,1.1234097,0.64788544,-1.0428562,-1.4980059,-0.24037659,-0.20589566,-1.4190384,0.26559278,-1.4150355,0.45972967,-0.10298157,-0.8622248,-0.38711548,0.24750781,-0.3810419,-0.20473498,-0.5416554,0.35229677,-0.576168,-1.6686095,0.9015103,72,1.0
-0.18713725,0.22184889,0.2201575,0.2714682,-1.1856116,-1.8282772,0.07755674,2.6633763,0.44891846,1.955957,1.4062023,1.3619351,0.61782444,-1.3473761,-1.8054378,-0.0035403222,-0.4912977,-1.4464004,0.069410846,-1.4483342,0.6410313,-0.2828054,-0.98671275,-0.5540632,0.5060377,-0.40974557,-0.26479453,-0.5168153,0.30070361,-0.5260225,-1.7603704,0.95421124,72,3.0
-0.21068946,0.26289564,0.28265247,0.3095253,-1.3323013,-1.9472482,0.08126684,3.1402185,0.5181107,2.0817766,1.6533446,1.5373677,0.6149664,-1.675903,-1.8819907,0.11078856,-0.65312195,-1.3694301,-0.048552435,-1.3606701,0.8291502,-0.44605714,-1.1536413,-0.6599431,0.6926927,-0.3555038,-0.36063564,-0.3952332,0.285571,-0.5101932,-1.834796,0.9096672,72,3.0
-0.16287574,0.17229399,0.12865514,0.24716592,-1.0245799,-1.512685,0.10616625,1.8261832,0.31055886,1.6056314,1.1082156,0.95263267,0.7297402,-0.8864427,-1.2799308,-0.49455166,0.088588335,-1.5218803,0.50315017,-1.4565163,0.3005007,0.08260981,-0.8172901,-0.20040849,0.010683522,-0.36594254,-0.14130166,-0.6213131,0.43057483,-0.64764297,-1.6279504,0.93663764,72,1.0
-0.2394807,0.30822724,0.29118225,0.3620581,-1.4691741,-1.9599144,0.13835825,3.1186268,0.4820437,1.9233227,2.0867794,1.3984853,0.8137805,-2.0061512,-1.2739253,-0.49521333,-0.14627677,-1.3774704,0.4550786,-1.1858554,0.7944665,-0.22874856,-1.3268788,-0.19098449,0.4092014,-0.04557132,-0.4329003,-0.25371155,0.50220674,-0.75438195,-1.7398355,0.7784805,72,2.0
-0.24364182,0.32986507,0.3787436,0.3706125,-1.5009599,-2.1008916,0.08706482,3.7421427,0.6086529,2.1216323,2.1073146,1.7323282,0.5810065,-2.3105688,-1.6911232,0.24843858,-0.89444697,-1.1010975,-0.20580116,-0.98555624,1.105961,-0.7026513,-1.3900375,-0.7164124,0.98485446,-0.12516838,-0.5280737,-0.0893393,0.2689014,-0.4773066,-1.7074018,0.7200466,72,3.0
-0.23748657,0.31967926,0.35414627,0.36437684,-1.3963577,-1.9400651,0.09606172,3.4534755,0.5517513,1.9133345,1.9840858,1.5828283,0.55637836,-2.0362046,-1.4756641,0.0960977,-0.6668525,-1.0586283,-0.055136688,-1.0101006,0.90831774,-0.5210285,-1.16896,-0.5845139,0.7682353,-0.15600704,-0.39113528,-0.2229512,0.26393446,-0.43252227,-1.5549505,0.7716248,72,1.0
-0.2467289,0.32534006,0.34648225,0.36899194,-1.4709843,-2.0497139,0.107911035,3.482445,0.55866224,2.0313194,2.0800307,1.6185061,0.6645963,-2.0925612,-1.6140449,-0.043816254,-0.60158306,-1.2482568,0.07704,-1.1816666,0.95153195,-0.48400572,-1.2847313,-0.5330953,0.72552586,-0.1544906,-0.43062615,-0.23101169,0.33249488,-0.54721546,-1.6930737,0.81040114,72,2.0
-0.25462887,0.3258118,0.29078108,0.38133472,-1.5267632,-2.024108,0.16560793,3.090143,0.46700284,1.9648199,2.2435615,1.3593138,0.9041482,-2.056452,-1.1193259,-0.7153413,0.11187368,-1.4994923,0.6947987,-1.2261052,0.73302794,-0.12975952,-1.4368299,-0.060170725,0.22767663,-0.007915836,-0.39851773,-0.27915755,0.5936698,-0.82079256,-1.7905113,0.8358247,72,1.0
-0.24353597,0.32997242,0.35041055,0.3730896,-1.4709154,-1.9592962,0.1171407,3.520316,0.5458348,1.9552152,2.1477811,1.5451856,0.6848327,-2.2388475,-1.3935757,-0.10277718,-0.49302882,-1.1583729,0.10563345,-0.983525,0.962771,-0.52418154,-1.4507021,-0.4242432,0.7230093,-0.02566382,-0.52318335,-0.04914494,0.39974427,-0.61719966,-1.6274703,0.6707246,72,1.0
-0.23740596,0.34090725,0.4484944,0.3617667,-1.4062146,-2.0945933,0.031567205,4.090541,0.68448955,2.1254487,1.8346845,1.9490249,0.30036956,-2.191607,-2.127971,0.9942464,-1.5748664,-0.7811798,-0.8577517,-0.85733473,1.225693,-1.0033677,-1.088682,-1.2165605,1.4383273,-0.3558524,-0.42587185,-0.14878333,-0.0484095,-0.03104072,-1.3940955,0.8030408,72,3.0
-0.026131667,-0.030972857,-0.014690574,0.050464697,-0.33180887,-0.75810707,-0.040352903,0.5277302,0.2044594,1.1879534,-0.42593825,0.7545714,0.20706904,0.5014383,-1.9748576,0.5265038,-0.80239534,-1.1922358,-0.46785837,-1.5533187,-0.022814266,-0.040944073,0.15445939,-0.8899417,0.29001927,-0.9251507,0.112281755,-0.97371316,-0.037684567,-0.09294134,-1.2637925,1.0048947,72,4.0
-0.23355266,0.3113984,0.36734113,0.35789055,-1.3841512,-1.9630408,0.086956955,3.5404108,0.5648742,1.9211522,1.9374899,1.6021029,0.52868783,-2.1073086,-1.5682805,0.19570465,-0.7787387,-0.97961223,-0.14459607,-0.9533787,0.9779655,-0.6591297,-1.2662965,-0.6436269,0.8910155,-0.14005059,-0.49593556,-0.0840519,0.26037166,-0.46105883,-1.5808941,0.6973044,72,3.0
-0.24686775,0.31323892,0.30018854,0.36870164,-1.4856827,-2.0338914,0.14186832,3.185015,0.49467227,2.0206635,2.184925,1.3929608,0.84153503,-2.032412,-1.2755661,-0.50517976,-0.10410583,-1.4207813,0.48665595,-1.2215819,0.8033733,-0.22185951,-1.3806463,-0.21055791,0.37894547,-0.09218188,-0.38734233,-0.29572594,0.5020983,-0.76015043,-1.8133606,0.827259,72,1.0
-0.26446447,0.3415884,0.3369157,0.38907158,-1.5988917,-2.164848,0.1432207,3.5378935,0.547778,2.205038,2.2766306,1.5940475,0.83899987,-2.1962245,-1.5139315,-0.39429778,-0.2849775,-1.47179,0.39000428,-1.2766004,0.9370035,-0.34307152,-1.4727341,-0.33998698,0.5436262,-0.1055025,-0.45741975,-0.265731,0.48787153,-0.74016964,-1.9030099,0.8743872,72,2.0
