0,1,2,3,4,5,6,7,8,9,10,11,12,13,14,15,16,17,18,19,20,21,22,23,24,25,26,27,28,29,30,31,Chip,Class
-0.08040424,0.20758133,0.17153722,-0.120715365,0.3754359,0.2538885,-0.012958907,-0.1502566,-0.21821408,-0.046164572,-0.33134976,-0.20639133,0.010009102,-0.21125785,0.027211068,0.1427116,-0.12407426,-0.16551614,0.09159877,0.104863346,0.11380173,-0.009361257,-0.11855211,-0.10086453,-0.0039945394,-0.028079763,0.078184344,0.06469251,-0.2204032,0.14160392,0.06273623,-0.008427779,193,1.0
-0.17994413,0.013923917,-0.120520175,-0.07203031,0.6942096,0.050690625,0.048098877,-0.15278736,0.025095621,-0.25379387,-0.26049778,-0.14841229,0.073932976,-0.06429469,-0.012348633,-0.12086779,-0.042567797,-0.18716443,-0.17310628,-0.076119065,-0.24932376,-0.058480404,-0.21691942,-0.12808794,-0.3556185,0.020664215,-0.22350791,-0.08949681,-0.12088884,-0.1762079,-0.0038432628,-0.31000602,193,1.0
-0.19926639,0.014112851,-0.15092099,-0.07473455,0.67449945,0.019473685,0.06339748,-0.13091828,0.01957986,-0.24777895,-0.2559151,-0.15161625,0.054145534,-0.09311133,-0.025544867,-0.112447076,-0.037593566,-0.17218328,-0.18395633,-0.07108813,-0.24077874,-0.048495892,-0.19504811,-0.09563479,-0.36330652,0.022563692,-0.20519161,-0.1218056,-0.14661884,-0.20693342,-0.024521403,-0.3368738,193,2.0
-0.056851212,0.001230048,-0.026726315,-0.021231186,0.58266133,0.088748,-0.051111974,-0.3385481,0.038162827,-0.2920096,-0.3240396,-0.22107336,0.12472112,-0.0009883516,0.021322526,-0.12396279,-0.09168522,-0.09152407,-0.09682176,-0.09623099,-0.15359811,0.012252295,-0.19082406,-0.118613705,-0.29778138,0.12781498,-0.15708122,-0.13689938,-0.12076118,-0.17927715,0.10285701,-0.28190583,193,4.0
-0.19276448,0.12588309,0.025675092,0.08119638,1.0339521,0.12318378,0.026889332,0.12344649,-0.10453463,0.14466642,-0.05214648,0.04620313,-0.19569482,-0.17321774,0.029514872,0.047156684,-0.063606255,-0.103932954,-0.16777532,-0.17878011,-0.09103848,-0.20192017,-0.20818487,-0.19445668,-0.23815928,-0.16176021,-0.14140639,0.010974804,-0.23389505,-0.26985094,-0.24610497,-0.15037312,193,2.0
-0.025220718,0.1518508,0.21752799,-0.049197227,0.3701944,0.32441664,-0.1090808,-0.27393803,-0.14829084,-0.07228767,-0.32048005,-0.25750822,0.0854579,-0.21005145,0.007391412,0.08600201,-0.10105833,-0.101094976,0.13416919,0.030454054,0.15260905,-0.014938512,-0.09470355,-0.08271101,0.085908115,-0.11143235,0.11793866,0.12578572,-0.24977066,0.18161653,0.035638686,0.023042994,193,3.0
-0.17190823,0.014058899,-0.10635456,-0.0700416,0.68060756,0.03085946,0.04230869,-0.16396563,0.007418573,-0.24416801,-0.26293367,-0.17059891,0.07369008,-0.054295085,-0.020031266,-0.1131889,-0.04700107,-0.17516898,-0.16950804,-0.077269495,-0.22885811,-0.04918291,-0.23079889,-0.12263845,-0.34213543,0.026575584,-0.22644877,-0.09870472,-0.12570593,-0.1818596,0.0030527338,-0.31078762,193,3.0
-0.082934916,-0.0075874384,-0.041108117,-0.0008390602,0.5745089,0.11503707,-0.055244192,-0.3127727,0.04499028,-0.2899263,-0.31668934,-0.19295737,0.14412132,-0.04009969,0.032196417,-0.11267802,-0.105392724,-0.078373335,-0.082457274,-0.07744785,-0.15710078,0.02387156,-0.14780882,-0.10332036,-0.31083608,0.10750788,-0.12849183,-0.14671162,-0.14266418,-0.1717563,0.08179581,-0.31218222,193,4.0
-0.17941815,0.17239864,0.04193333,0.06648384,0.9619335,0.17432646,0.12170306,-0.16690423,0.027142132,0.3978146,-0.23913538,0.1509448,-0.1946745,-0.16170077,0.21067211,0.14933965,-0.1885624,0.014819345,-0.11498585,-0.2087897,0.07714151,-0.089694336,-0.1989645,-0.16132154,-0.23753838,-0.19810712,-0.034695417,0.0749561,-0.17873402,-0.14654042,-0.3365724,-0.05487565,193,3.0
-0.16551335,0.0053985827,-0.16195224,-0.120210886,0.7488527,0.049266927,0.039779797,-0.105742335,0.032531925,-0.16572028,-0.14716104,-0.06169802,0.059394263,-0.10168576,-0.012567431,-0.116162464,-0.04965566,-0.2265452,-0.18636575,-0.055770904,-0.25832486,-0.025212329,-0.19081812,-0.14067474,-0.41488856,0.01988748,-0.21719381,-0.11026236,-0.17187296,-0.1815326,-0.058637194,-0.32322365,193,2.0
-0.1699412,0.19216403,0.08267641,-0.016146008,0.935801,0.09146741,0.092347935,-0.22856292,-0.09668252,0.25890076,-0.21032712,0.033819966,-0.18643726,-0.08199197,0.15301457,0.18618664,-0.16717172,0.069536515,-0.056339588,-0.2814639,0.05626888,-0.09240141,-0.24157314,0.019073699,-0.06778337,-0.2846069,-0.072277196,0.031490453,-0.21635312,-0.19620688,-0.31403285,0.062636934,193,1.0
-0.20230298,0.13023475,0.062925294,0.10969576,1.0983375,0.21001185,0.10476269,0.028555602,-0.027459044,0.26491165,-0.13143831,0.084526114,-0.29963663,-0.21259615,0.095998764,0.13571414,-0.047433935,-0.016282555,-0.18397355,-0.18791574,0.04447307,-0.20199493,-0.24046008,-0.15539962,-0.24259298,-0.18771052,-0.115823865,0.06389004,-0.27573043,-0.23611733,-0.27518648,-0.052992493,193,1.0
-0.17040612,0.13729249,0.1213935,0.004792642,1.0896907,0.21969876,0.1509454,-0.19575648,-0.030966042,0.32416862,-0.2554861,0.08414344,-0.2594297,-0.090555064,0.09243235,0.10901135,-0.15017565,-0.0014008554,-0.07381349,-0.23562288,-0.026379853,-0.14669448,-0.27028194,-0.023882177,-0.15698716,-0.2081626,-0.09676697,0.008644493,-0.19813894,-0.19289348,-0.31657463,-0.016515326,193,2.0
-0.041531317,-0.007019097,-0.06433527,-0.05452226,0.6705175,0.14769812,-0.08442294,-0.26748464,0.05277814,-0.24130905,-0.19364932,-0.08827769,0.13690856,-0.036748495,0.036598857,-0.13750061,-0.09734974,-0.15981339,-0.117566645,-0.071253985,-0.19241866,-0.02535863,-0.16061987,-0.1797609,-0.36178127,0.027660396,-0.16450363,-0.07057134,-0.14035544,-0.11294549,0.07092093,-0.31533197,193,3.0
-0.18532597,0.14269392,0.067832634,0.026933607,1.0346704,0.16231853,0.14159603,-0.151712,-0.009875114,0.34276408,-0.21938106,0.103650294,-0.26169997,-0.10803573,0.16626817,0.16909507,-0.17330168,0.0150677115,-0.11537866,-0.23533794,0.04949498,-0.115668766,-0.24427554,-0.08921756,-0.19307415,-0.21923319,-0.062937915,0.039095156,-0.21659277,-0.20275913,-0.3031186,-0.020947265,193,1.0
0.020748392,-0.04602869,0.09262587,0.123881444,0.52456105,0.18726683,-0.14981246,-0.35664532,-0.032975808,-0.32908118,-0.23757428,-0.16473015,0.17179285,-0.09113761,0.07722525,-0.036193483,-0.09457371,0.072313085,0.0020747483,-0.0005035326,-0.02360811,0.10292746,-0.094300985,-0.12505023,-0.2662946,0.11647552,-0.02143595,-0.15129544,-0.1525025,-0.11602432,0.061967254,-0.25550085,193,3.0
-0.15738964,0.18017027,0.1263934,-0.027205778,0.9721989,0.1390698,0.11266187,-0.26802745,-0.10876222,0.26857302,-0.23475537,0.05157865,-0.17460394,-0.083032236,0.13007653,0.13889867,-0.17477842,0.03672581,0.0011076257,-0.29075274,-0.0015222207,-0.124916196,-0.24057454,0.016454611,-0.06952805,-0.27740556,-0.06872623,0.027032172,-0.1812726,-0.17906247,-0.32635093,0.021018865,193,4.0
-0.19310042,0.009387653,-0.11090095,-0.07721174,0.6813108,0.009410834,0.08257307,-0.140448,-0.029374147,-0.25235894,-0.27998984,-0.2292555,0.08497597,-0.06975632,-0.038563527,-0.11055144,-0.028925773,-0.17270422,-0.17063934,-0.06351755,-0.22650242,-0.030431641,-0.26091397,-0.13637254,-0.3267062,0.030261353,-0.22940183,-0.10647966,-0.12390583,-0.20244612,-0.01651819,-0.27771896,193,3.0
-0.022782335,0.17533064,0.21970907,0.10100499,0.92212635,-0.0004542675,-0.24172372,-0.28714186,-0.06787191,0.100173235,-0.41473648,0.015277311,0.13074678,0.17083721,0.18151218,0.0030730236,-0.34524536,-0.06132345,-0.13848074,-0.16668305,-0.011608489,-0.12077292,-0.16830862,-0.1500574,-0.069345735,-0.04318338,-0.08638647,-0.04034726,0.0019584838,-0.12768982,-0.02069971,-0.31361222,193,1.0
-0.17973185,0.19910173,0.052445274,0.0021298788,0.8844916,0.11766628,0.114521116,-0.20610428,-0.041443944,0.34005913,-0.2297622,0.07893125,-0.18711893,-0.13142762,0.18475345,0.17378904,-0.1706199,0.056949414,-0.07428839,-0.24023274,0.08289642,-0.06936942,-0.19998302,-0.051410202,-0.1267216,-0.25188282,-0.049468692,0.045550063,-0.2143382,-0.15027966,-0.29417133,0.02870283,193,2.0
-0.15237121,0.19916448,-0.009493832,0.04207642,0.70898145,0.132788,0.06141585,-0.27665555,0.003851436,0.31805313,-0.177623,0.07397004,-0.031096522,-0.20090605,0.22322083,0.16707636,-0.12312007,0.08455251,-0.04379972,-0.2541048,0.17267287,-0.056648247,-0.15462038,-0.027894717,-0.07022202,-0.24546894,-0.01859487,0.030568777,-0.14065114,-0.08600895,-0.35094494,0.0381298,193,1.0
-0.24634409,0.057015583,-0.07312979,-0.03100261,0.79780453,-0.0030290615,0.06161587,0.18848151,-0.24743703,-0.028805852,-0.074663654,-0.03957664,-0.06823265,-0.17172384,-0.024537481,-0.096650764,-0.04868067,-0.21342182,-0.16739738,-0.0929877,-0.25451395,-0.16782358,-0.26045382,-0.17905982,-0.20424338,-0.09702059,-0.23811898,-0.06974999,-0.10190291,-0.1493587,-0.12390959,-0.19746952,193,4.0
-0.05416019,-0.0035026725,-0.0703375,-0.027987584,0.6376924,0.1695788,-0.060962662,-0.25714847,0.047099575,-0.22986901,-0.20533365,-0.10765487,0.15357803,-0.09740546,0.059681598,-0.1128746,-0.10589666,-0.11333594,-0.1066593,-0.05193173,-0.15924978,0.03577798,-0.12769327,-0.19720367,-0.3556254,0.060513,-0.09859532,-0.111930594,-0.18753073,-0.10700226,0.0510095,-0.30307353,193,1.0
-0.06114984,0.18617639,0.22216627,-0.074265696,0.3761548,0.28743875,-0.06347518,-0.25122362,-0.22063641,-0.06549422,-0.32750413,-0.23907745,0.05022441,-0.2130356,0.0011972487,0.1508491,-0.13573992,-0.12737569,0.13955122,0.07339871,0.17718995,0.004873447,-0.14601204,-0.12361741,0.057903375,-0.06891527,0.11486291,0.083492525,-0.25558352,0.1606005,0.031239398,0.0035065003,193,4.0
-0.1984369,0.10219151,0.05166764,0.10715771,1.0536796,0.20323575,0.075380445,0.045646474,-0.04816734,0.192,-0.1009801,0.031858042,-0.2901221,-0.21279962,0.042409606,0.11597204,-0.00742846,-0.032307703,-0.15265095,-0.18434945,0.0176537,-0.22742827,-0.2389797,-0.116054,-0.18238302,-0.20648608,-0.1486298,0.04997722,-0.29924428,-0.20719346,-0.250068,-0.02188572,193,2.0
0.030446988,0.007470321,-0.005659122,-0.030463303,0.6710323,0.18288848,-0.14142656,-0.30477962,0.03598755,-0.24909645,-0.16234429,-0.061838478,0.13353804,-0.02616538,0.061113346,-0.12115033,-0.10960154,-0.11989424,-0.098795205,-0.054186508,-0.15476687,-0.022872757,-0.14765447,-0.1975214,-0.3466936,0.0367592,-0.12576865,-0.06702088,-0.14492337,-0.08354623,0.10532185,-0.3042779,193,3.0
-0.16524209,0.15393421,0.0776066,-0.03169955,0.91047394,0.17023815,0.122090295,-0.24396303,-0.040321648,0.27065787,-0.16703612,0.012970991,-0.15319338,-0.049695615,0.16907573,0.13982259,-0.10990218,0.031706113,-0.004367195,-0.2699819,0.031628035,-0.108646385,-0.22982512,0.010090219,-0.067318104,-0.26885784,-0.031374507,0.020536201,-0.121885516,-0.15278286,-0.27889538,0.049924254,193,1.0
-0.1587707,0.16346209,0.04359938,0.042621154,0.93190616,0.11183035,0.0753008,-0.15517846,-0.05195176,0.27797234,-0.16924056,0.07463051,-0.19534259,-0.09942977,0.2229262,0.17718475,-0.14942077,0.048409984,-0.115795,-0.25856042,0.11981477,-0.09575808,-0.24325317,-0.028619673,-0.13095364,-0.2592927,-0.08016948,0.034583926,-0.2293547,-0.21187653,-0.28553325,0.07804485,193,4.0
-0.12698779,0.13336612,0.17148729,-0.067302085,0.30086774,0.21449475,-0.055973347,-0.18312117,-0.13677253,0.024617344,-0.2830408,-0.29608133,0.013921111,-0.21521756,-0.05901184,0.011537708,-0.12897132,-0.06145481,0.039485328,0.056395743,0.03310835,-0.01901426,-0.14547022,0.008448627,0.07072568,-0.0875924,0.16004449,0.102063484,-0.20754403,0.21635118,-0.00018971413,0.041939482,193,2.0
-0.16364521,0.18529686,0.12365207,-0.0575474,0.4642197,0.14783894,-0.015465654,0.059261583,-0.021707185,0.1828531,-0.24457607,-0.18018614,-0.032202385,-0.24012539,0.010628626,-0.031109607,-0.075469,-0.12723316,-0.10665408,0.06552021,-0.095269546,-0.1183289,-0.18566594,0.095540896,-0.11176187,0.0013053045,0.061445326,-0.07455206,-0.06412794,0.13000217,-0.11271082,0.039228916,193,2.0
-0.06086111,0.21543701,0.18551949,-0.11807813,0.41874257,0.2855593,-0.08356898,-0.2089698,-0.19752286,-0.05233126,-0.33384687,-0.21711034,0.05743778,-0.22446853,0.036520764,0.14026704,-0.10697262,-0.15388638,0.12644458,0.07477628,0.17611836,0.033832937,-0.10496924,-0.11943543,0.008173451,-0.04696636,0.071050696,0.044662423,-0.24201168,0.11420977,0.060550153,-0.003934826,193,2.0
-0.26664627,0.018450616,-0.12607566,-0.009483898,0.86863106,0.0091574015,0.063023195,0.19870827,-0.21278992,-0.06048408,-0.03255157,-0.117859796,-0.09592323,-0.22476175,-0.03339231,-0.068376265,0.016537912,-0.19359039,-0.15457322,-0.11891992,-0.18043381,-0.19173801,-0.2696773,-0.1856357,-0.2233533,-0.18510646,-0.25845364,-0.028126204,-0.203588,-0.23190567,-0.18874566,-0.14575028,193,3.0
-0.06804865,0.083398074,0.13811038,0.0016990993,0.69866234,-0.020450346,-0.14764252,-0.3527489,-0.05201003,-0.14664325,-0.32351047,-0.20398211,0.1287241,0.12090494,0.021642027,-0.04726404,-0.19091871,-0.12041652,-0.112446874,-0.14451057,-0.07139027,-0.044859324,-0.24916099,-0.15192352,-0.10908609,0.019144796,-0.19081801,-0.10258975,0.0034966161,-0.09881824,0.068868406,-0.28198165,193,4.0
-0.1122123,0.15164535,0.14353551,0.1499367,1.1118821,0.122383654,-0.036231447,0.055313878,-0.08559011,0.2560625,-0.113511935,0.1516996,-0.16001265,-0.07533245,0.15261406,0.07769921,-0.20413896,-0.0963636,-0.15344983,-0.1877613,-0.10621083,-0.17418347,-0.19277121,-0.2238005,-0.2508684,-0.10094557,-0.07569032,-0.0016947221,-0.16139452,-0.2873152,-0.30031502,-0.2411734,193,4.0
-0.10341394,0.0070839114,-0.10204345,-0.10672182,0.74489456,0.089813724,-0.009086922,-0.16675615,0.033050112,-0.22670177,-0.18681602,-0.06246967,0.081815735,-0.031936485,0.004128363,-0.1343778,-0.050520614,-0.2382475,-0.1810885,-0.08964251,-0.27476656,-0.07316822,-0.20753168,-0.17152785,-0.39950433,-0.006149225,-0.23591477,-0.06144755,-0.12516287,-0.13832755,0.0026285015,-0.31253064,193,2.0
-0.09187868,-0.0067479294,-0.103461504,-0.11004932,0.6731053,0.11588377,-0.039184302,-0.18320084,0.051167965,-0.16770881,-0.1285156,-0.058617704,0.09624881,-0.064289145,0.022142908,-0.12890017,-0.06266433,-0.20582353,-0.14515287,-0.053136513,-0.22527343,0.0068221316,-0.16028047,-0.18767051,-0.40460286,0.028617352,-0.17677066,-0.07763034,-0.1782146,-0.112324856,0.007802412,-0.31854635,193,1.0
-0.11592411,0.00021442026,-0.14517605,-0.11265531,0.67630315,0.09888537,0.0028470159,-0.16602181,0.050859876,-0.17351496,-0.16122548,-0.07739484,0.103541814,-0.11047263,0.026122784,-0.11233393,-0.061406214,-0.17618193,-0.16771418,-0.041410424,-0.20823574,0.016368194,-0.14933369,-0.15561916,-0.41136637,0.03343876,-0.16157095,-0.10753374,-0.19281727,-0.15148653,-0.01228511,-0.33188394,193,4.0
-0.14176889,0.14095162,0.09699121,0.050543908,1.0705439,0.16026558,0.06820439,-0.16245201,-0.057206802,0.26123926,-0.17841078,0.06648735,-0.25482982,-0.055227548,0.1474266,0.14676714,-0.119228154,0.0067515783,-0.10575412,-0.25177005,0.048634388,-0.15964615,-0.26547673,0.006485535,-0.12666465,-0.27783513,-0.117682435,0.015930412,-0.23347746,-0.24795622,-0.2960148,0.05948919,193,4.0
-0.21052612,-0.0068734083,-0.15090947,-0.09862849,0.72244686,-0.051512517,0.08240837,-0.022606738,-0.07847539,-0.21197161,-0.20046204,-0.12837288,-0.015258096,-0.1365904,-0.07263614,-0.09467897,-0.016011283,-0.21140026,-0.20605657,-0.06986461,-0.27775395,-0.073661946,-0.25915575,-0.13639651,-0.33930767,-0.03326705,-0.24504489,-0.13826057,-0.18907481,-0.16939731,-0.08431892,-0.28357032,193,1.0
-0.05019761,0.263761,0.17901246,-0.10960288,0.43673322,0.26732826,-0.03353894,-0.1560567,-0.24755467,-0.04893118,-0.38016665,-0.17950423,0.06429811,-0.2263087,0.071047306,0.22590627,-0.14406987,-0.18304488,0.13007727,0.11618466,0.23566738,0.061479755,-0.14719091,-0.14407274,-0.038938135,0.017735034,0.02460441,-0.038379554,-0.2603939,0.06260074,0.047495805,-0.030103136,193,1.0
-0.17352194,0.017832372,-0.07925202,-0.062178086,0.6885316,0.021035546,0.040515907,-0.15144959,-0.023811847,-0.23927322,-0.26831558,-0.19117753,0.06607433,-0.051940214,-0.035362333,-0.10153152,-0.05016067,-0.17887762,-0.16434139,-0.08430542,-0.21639517,-0.05873021,-0.25491762,-0.14021534,-0.30765778,0.0033681095,-0.23898593,-0.09650839,-0.12481075,-0.18128207,0.000197988,-0.29706317,193,4.0
-0.115969285,-0.007861918,-0.12331925,-0.111678705,0.6988528,0.0980296,-0.016892668,-0.14613123,0.048698366,-0.14405158,-0.11313246,-0.061698586,0.077641584,-0.06926623,0.010694832,-0.13112667,-0.046559647,-0.22406529,-0.15218139,-0.061244205,-0.23441505,-0.0032696277,-0.1638854,-0.18592189,-0.40356836,0.017817445,-0.19422874,-0.09040241,-0.18511158,-0.13121508,-0.020827804,-0.30462873,193,3.0
-0.21696146,0.010047318,-0.13282174,-0.071599394,0.7064091,-0.0059907343,0.08229916,-0.08092077,-0.043903694,-0.21755677,-0.23245019,-0.17143497,0.03391138,-0.11061622,-0.04939215,-0.09710394,-0.030203082,-0.17304318,-0.18722989,-0.07149569,-0.23443419,-0.062593594,-0.24557261,-0.122079045,-0.3261627,-0.012619071,-0.2382161,-0.10640521,-0.14885575,-0.19825071,-0.047347926,-0.2989751,193,4.0
-0.19597903,0.024344128,-0.055602778,-0.046767764,0.7453945,0.024432331,0.022191986,-0.09048744,-0.109078325,-0.10899075,-0.17837015,-0.105539426,0.048136212,-0.048500683,-0.01777035,-0.08053057,-0.0857977,-0.14971149,-0.16379887,-0.08204148,-0.18337369,-0.07357227,-0.2419069,-0.14820531,-0.23770241,-0.034131423,-0.22144797,-0.056909136,-0.08870295,-0.14216916,-0.054065853,-0.26607978,193,3.0
-0.18376647,0.007630825,-0.15231998,-0.11642936,0.68685526,-0.015105616,0.06350577,-0.095980644,-0.014785483,-0.24610111,-0.23849022,-0.12766421,0.025693676,-0.101364486,-0.044330813,-0.091560856,-0.016271148,-0.20087706,-0.20149595,-0.057016373,-0.25614214,-0.0434756,-0.21909696,-0.106744304,-0.38424158,0.008522436,-0.21391961,-0.13786416,-0.18482259,-0.1998054,-0.051497832,-0.34154496,193,1.0
-0.07234274,0.23623027,0.17929941,-0.12004615,0.4184871,0.255435,-0.04560116,-0.17308643,-0.23296699,-0.030092373,-0.36010692,-0.21081412,0.057123862,-0.23690623,0.04405471,0.17628217,-0.14202419,-0.16235597,0.13022834,0.11154706,0.20206484,0.03698096,-0.14271961,-0.12474896,-0.012469895,-0.017444268,0.05885893,-0.011225674,-0.25517488,0.10203435,0.042645372,-0.011045164,193,4.0
-0.19389534,-0.020400992,-0.1467471,-0.11889823,0.75721,0.007942245,0.06614317,-0.034658212,-0.009535198,-0.2310423,-0.18557465,-0.077359505,0.015619911,-0.09073002,-0.050466947,-0.10508412,-0.008534722,-0.2869294,-0.18206906,-0.083073646,-0.31959412,-0.07669198,-0.24668035,-0.17869711,-0.39173895,-0.05039335,-0.26650578,-0.109656945,-0.16323616,-0.16851933,-0.096815184,-0.2919714,193,1.0
-0.033503886,0.076378174,0.14528565,-0.009577737,0.5523706,-0.053404123,-0.16903707,-0.45744303,0.0301734,-0.32377544,-0.3994199,-0.40741354,0.0936527,0.08928123,0.049234435,-0.06427413,-0.069094576,-0.084453896,-0.07005629,-0.13487726,-0.100679666,0.019626962,-0.23177458,-0.1447152,-0.13004996,0.090755805,-0.23810148,-0.113259435,0.051334225,-0.16968219,0.22106205,-0.19527681,193,3.0
-0.16495584,0.13825381,0.07648048,0.076472774,1.0440124,0.14101201,0.09964314,-0.1267406,-0.025445702,0.31482685,-0.18721372,0.10124261,-0.27573073,-0.11935247,0.17702147,0.18466574,-0.15480796,0.02439081,-0.14168572,-0.24677849,0.089943685,-0.14318715,-0.25000808,-0.07024345,-0.18454304,-0.23772836,-0.08866894,0.04044076,-0.25938758,-0.2345941,-0.29820275,0.025840892,193,2.0
-0.07182819,0.16410397,0.18342462,-0.09827851,0.36109787,0.2808711,-0.09138499,-0.21029398,-0.13595095,-0.037371553,-0.28831,-0.24820799,0.044125058,-0.21721375,-0.0007754937,0.056888595,-0.08784219,-0.10874927,0.083790205,0.042680226,0.095844984,-0.008942162,-0.0939201,-0.058119137,0.05371047,-0.095601104,0.11565735,0.11950681,-0.22387744,0.1827783,0.05322491,0.031382076,193,3.0
-0.061422158,-0.022025919,-0.026156992,0.009738062,0.5766693,0.15794598,-0.08758842,-0.30955082,0.03326392,-0.26821607,-0.25277093,-0.15183249,0.16794449,-0.07533278,0.049601905,-0.100075945,-0.112108864,-0.06091612,-0.055839524,-0.04932633,-0.12818044,0.05183335,-0.11529037,-0.13404791,-0.3121984,0.08793835,-0.09462394,-0.12171842,-0.15727107,-0.12739919,0.07400784,-0.30956244,193,2.0
-0.21325065,0.12404242,0.052856404,0.09046438,1.083612,0.21540114,0.119855,0.029974177,-0.033006035,0.26640102,-0.1418329,0.08280834,-0.31272238,-0.20560737,0.09373875,0.13366768,-0.03795645,-0.009448928,-0.1839234,-0.1891858,0.059592865,-0.20285876,-0.24089146,-0.13726231,-0.2226292,-0.20085925,-0.10629846,0.057663932,-0.27851716,-0.22931673,-0.26309556,-0.037600346,193,4.0
-0.18223745,0.17597891,0.07715136,-0.05301771,0.5007116,0.12330866,0.0014846921,0.11262254,-0.00085070543,0.20071918,-0.24129808,-0.1525767,-0.023473669,-0.2496702,-0.0066096038,-0.061344966,-0.048698913,-0.14289114,-0.13750178,0.047018707,-0.13099246,-0.113878034,-0.18473956,0.09419373,-0.13910124,-0.013779782,0.019951701,-0.11390384,-0.0520671,0.07956229,-0.1372094,0.018889768,193,1.0
-0.17298007,0.14309053,0.081751704,0.12607828,1.1107408,0.18515445,0.043715753,0.0246526,-0.03136023,0.24146134,-0.10624918,0.08976535,-0.22083767,-0.17619875,0.09812179,0.10767986,-0.081448756,-0.06674241,-0.17414609,-0.19339567,-0.0107652545,-0.18792972,-0.23662058,-0.19381553,-0.29061082,-0.164469,-0.11264594,0.04433889,-0.24451233,-0.27324924,-0.31838012,-0.11910214,193,4.0
-0.18516004,0.14434725,0.08124246,0.12517942,1.1372386,0.19910856,0.09462412,-0.011325479,-0.0018372219,0.29872522,-0.15063007,0.114392854,-0.26771876,-0.19557793,0.122729786,0.14525527,-0.09666079,-0.01809543,-0.18200195,-0.19315761,0.027340446,-0.17897993,-0.24208163,-0.17994335,-0.29466656,-0.17520744,-0.103398174,0.06324153,-0.24876572,-0.25260648,-0.334234,-0.09435219,193,4.0
-0.27944,-0.009723233,-0.1676587,-0.048738502,0.77906716,-0.03279733,0.09230882,0.11489438,-0.18931372,-0.12144718,-0.0949588,-0.15306163,-0.02996318,-0.22670318,-0.054660603,-0.10726061,0.0030907094,-0.18119791,-0.18276477,-0.07930802,-0.22362757,-0.117630966,-0.2766663,-0.15007187,-0.26558605,-0.120494284,-0.27600428,-0.07370201,-0.18924685,-0.19067997,-0.14283563,-0.19380565,193,1.0
-0.2603026,-0.0042517316,-0.14225881,-0.053317312,0.79031235,-0.01077532,0.10575397,0.05720734,-0.15368249,-0.12745413,-0.11363405,-0.12640342,-0.009569533,-0.17680863,-0.053762734,-0.10428142,-0.007932089,-0.17284463,-0.19353586,-0.0790384,-0.22835389,-0.1152565,-0.25524852,-0.16477053,-0.28871602,-0.084977664,-0.25987208,-0.05916015,-0.14313006,-0.19572693,-0.12639412,-0.24072775,193,1.0
-0.061866157,-0.007173838,-0.07599704,-0.084300414,0.61798084,0.11409794,-0.05095723,-0.24418813,0.030589154,-0.23523697,-0.20675561,-0.0858191,0.117233895,-0.060430575,0.027968103,-0.117850035,-0.0740076,-0.1467288,-0.1323687,-0.050746217,-0.19711664,0.01580183,-0.141095,-0.14790289,-0.37622216,0.058839377,-0.13615859,-0.09528319,-0.16745415,-0.14120887,0.046770707,-0.3437844,193,4.0
-0.08511197,0.23173685,0.18448076,-0.11479975,0.40680227,0.2518077,-0.026879866,-0.16350982,-0.20840412,-0.046018235,-0.3180642,-0.20675498,0.022364045,-0.22941694,0.03541856,0.16200623,-0.11763741,-0.15677325,0.09710231,0.099455155,0.1427212,0.0035920697,-0.13222064,-0.1190051,-0.013024557,-0.008038387,0.0860764,0.048060104,-0.23318112,0.13804036,0.055834025,-0.0049275365,193,1.0
-0.17417532,0.1689843,0.049770113,0.011923458,0.8916402,0.098924175,0.07687271,-0.19633394,-0.06406115,0.2842702,-0.19573405,0.061032854,-0.16833527,-0.1309446,0.19518945,0.18407525,-0.14549226,0.062482785,-0.094698556,-0.27719977,0.10630483,-0.07312167,-0.24787971,-0.015083842,-0.11447711,-0.27560943,-0.07294809,0.038838074,-0.21246338,-0.18887837,-0.30631328,0.046313614,193,3.0
-0.26703578,0.0019616932,-0.17530492,-0.012972106,0.8103315,-0.0067196637,0.03546004,0.13037908,-0.17990588,-0.07572343,-0.07116616,-0.1335802,-0.1009725,-0.22746117,-0.028729945,-0.046741005,0.0161606,-0.14184174,-0.13917318,-0.105013385,-0.17575057,-0.15635665,-0.2567741,-0.11591415,-0.17779028,-0.21006095,-0.2756189,-0.057224985,-0.27378553,-0.16508608,-0.17029978,-0.07016208,193,3.0
-0.11586137,-0.011885343,-0.11246095,-0.1208621,0.7128841,0.08018474,-0.02196353,-0.14637439,0.030586397,-0.21230116,-0.15557434,-0.05697993,0.07404765,-0.049024295,-0.005568158,-0.12732157,-0.04135317,-0.24505703,-0.15985852,-0.06897568,-0.264558,-0.04212539,-0.19892307,-0.17507139,-0.40654686,-0.015732348,-0.2257534,-0.06738729,-0.15520969,-0.12853713,-0.014798734,-0.3186416,193,3.0
-0.119479656,0.20024432,0.14793529,-0.11639978,0.38849077,0.20793457,-0.07099188,-0.09023888,-0.076178715,0.032515526,-0.2250838,-0.21107313,-0.023915205,-0.22681011,0.02383165,0.030555945,-0.06580756,-0.12923226,0.0010372251,0.06552802,-0.0022239983,-0.047160957,-0.10678941,-0.006027106,-0.04459759,-0.030250646,0.10316215,0.08024165,-0.15350026,0.17388502,0.037170157,0.041651092,193,3.0
-0.16352905,0.19814868,0.07596497,-0.008588498,0.9308903,0.0890045,0.08929181,-0.2268312,-0.10549142,0.2689033,-0.2138252,0.045535713,-0.18527003,-0.10820432,0.1686548,0.18695123,-0.16644582,0.07649129,-0.061808683,-0.28529754,0.0649781,-0.09162953,-0.243787,0.019623514,-0.07263305,-0.29095346,-0.07956973,0.041921884,-0.22488514,-0.19820227,-0.31644028,0.071178816,193,2.0
-0.098770894,0.07774022,0.07911435,-0.012768277,0.7187208,0.0025814623,-0.09780486,-0.2888009,-0.06901104,-0.14275458,-0.3009935,-0.19195512,0.12158157,0.08419753,0.017581835,-0.05161919,-0.16151807,-0.12675557,-0.12464568,-0.12613711,-0.0988688,-0.044190668,-0.25808913,-0.14372063,-0.14339255,-0.0043889284,-0.18527848,-0.08113278,-0.034537967,-0.1157333,0.040608775,-0.2641824,193,3.0
-0.18622795,0.14958516,0.074125946,0.108978346,1.1270428,0.22521827,0.11665866,-0.15331489,0.062422365,0.40418985,-0.2305671,0.18422881,-0.22368151,-0.16356143,0.17553002,0.119837955,-0.2137591,-0.008905823,-0.14684007,-0.20791972,0.013362274,-0.143717,-0.22090313,-0.22657724,-0.31697714,-0.1491372,-0.031458445,0.098629646,-0.13171123,-0.1690319,-0.40285957,-0.1341298,193,4.0
-0.06393679,0.27921474,0.19877905,-0.09032059,0.46152365,0.2782668,-0.040528946,-0.18910201,-0.23373158,-0.054495513,-0.35804227,-0.17468819,0.07139425,-0.23043914,0.082746275,0.24429937,-0.13417184,-0.15995124,0.14026621,0.09821254,0.25156206,0.06702748,-0.1801427,-0.1423245,-0.018487342,0.023605715,0.06462912,-0.035724305,-0.2620625,0.06729482,0.044899784,-0.03434868,193,1.0
-0.17236559,0.15316361,0.08013494,0.12337661,1.116972,0.20330335,0.07203601,-0.03561614,-0.013092162,0.31192595,-0.16245931,0.126418,-0.2349459,-0.1817725,0.16531536,0.13293268,-0.11908378,-0.038992874,-0.17661914,-0.20017296,0.041834187,-0.15958913,-0.25480288,-0.19003968,-0.29692614,-0.16570354,-0.09074221,0.05414906,-0.23053259,-0.2603495,-0.33922952,-0.09853164,193,1.0
-0.21403605,0.026544888,-0.0911918,-0.059129998,0.74265575,0.0069327513,0.05163995,-0.05675856,-0.12550999,-0.14883715,-0.20385954,-0.16012019,0.037832487,-0.103498325,-0.052991673,-0.078981586,-0.05763862,-0.14627916,-0.17881653,-0.07685269,-0.18108425,-0.06649021,-0.27062067,-0.13004072,-0.2547188,-0.057915695,-0.22125822,-0.08804184,-0.1415705,-0.18057193,-0.08022005,-0.26681015,193,4.0
-0.24955536,0.0043011717,-0.11921786,-0.050871618,0.8156435,-0.0014661923,0.068783194,0.106240936,-0.21085232,-0.089182846,-0.097312346,-0.122894004,-0.02865218,-0.17454018,-0.057475984,-0.078543425,-0.01610855,-0.18392664,-0.164063,-0.09659652,-0.1954627,-0.12507379,-0.28803703,-0.17944072,-0.23544219,-0.13401654,-0.24710488,-0.07013386,-0.17600057,-0.20810549,-0.15602553,-0.20131174,193,1.0
-0.23203848,0.061730318,-0.06677483,0.021178171,0.9408062,0.05575902,0.05996105,0.1868583,-0.17335474,0.004586745,-0.016743049,-0.048540153,-0.1339858,-0.20346773,-0.007996108,-0.042814624,0.0013260841,-0.17471536,-0.1617656,-0.15107325,-0.18052769,-0.21760355,-0.2392338,-0.20256177,-0.24004951,-0.17407918,-0.2285321,0.0036037099,-0.18680367,-0.250923,-0.20729844,-0.16803397,193,1.0
-0.24935965,0.04276173,-0.09638062,0.032340664,0.9027538,0.0592294,0.043171734,0.17659816,-0.15939382,-0.013865307,-0.02169305,-0.0966517,-0.1476578,-0.22957402,-0.012498844,-0.027227841,0.021039575,-0.15873581,-0.1450569,-0.13635883,-0.12885568,-0.21560141,-0.24141474,-0.1650824,-0.2036792,-0.2024881,-0.24037781,0.009370053,-0.23625483,-0.22898954,-0.19834448,-0.1118337,193,2.0
-0.0660709,0.2412503,0.18576789,-0.09212239,0.3884234,0.27739292,-0.12050474,-0.19536838,-0.074030824,0.016366426,-0.2200065,-0.21994832,0.012521821,-0.23468517,0.057737555,0.06811101,-0.032588,-0.08862013,0.052928798,0.03718183,0.060713276,0.0032449258,-0.10205611,-0.016710073,0.028463293,-0.051097617,0.12570658,0.13920145,-0.2114812,0.17220232,0.060987115,0.04957401,193,3.0
-0.16956224,0.1812102,0.0165481,0.031510737,0.8511497,0.11239171,0.09487207,-0.19362427,-0.03402039,0.31889796,-0.19750199,0.08575056,-0.13947073,-0.15841345,0.22628969,0.18139471,-0.15219176,0.060343925,-0.09172701,-0.25064617,0.12758103,-0.05696877,-0.21384428,-0.052673314,-0.13777894,-0.2505204,-0.051664397,0.047076993,-0.19680348,-0.15747242,-0.31352556,0.029888766,193,3.0
-0.1426923,-0.010915836,-0.14262906,-0.12415628,0.71578115,0.06765789,0.015987292,-0.12906143,0.031257406,-0.18287581,-0.15279904,-0.07112285,0.070532516,-0.0780313,-0.0036242753,-0.123882435,-0.036076408,-0.23583786,-0.16873029,-0.06035129,-0.2596969,-0.017377751,-0.19027327,-0.16650102,-0.41420263,0.0073516816,-0.21603823,-0.0912975,-0.17897694,-0.15588728,-0.035327293,-0.3179642,193,4.0
-0.12487187,0.22301005,0.17377143,-0.11198749,0.41147533,0.21600148,-0.04120151,-0.1357245,-0.14119285,0.020300284,-0.2665583,-0.23417348,-0.0040660053,-0.23776375,0.025086941,0.08475601,-0.091535434,-0.13030231,0.06399686,0.09680683,0.048723668,-0.042907063,-0.14646475,-0.045767035,-0.012345169,-0.019937396,0.12230506,0.05613073,-0.19988517,0.17367989,0.02698871,0.026523909,193,2.0
-0.19218498,0.13600715,0.048480634,0.098812446,1.0773475,0.16197851,0.050098993,0.09896908,-0.0839311,0.1862657,-0.0785567,0.04852759,-0.22743748,-0.19160129,0.07249519,0.07170145,-0.051810578,-0.0940827,-0.17052922,-0.193522,-0.054994516,-0.21087211,-0.2337068,-0.18600221,-0.2564646,-0.18265563,-0.14939702,0.049945794,-0.23278347,-0.27350056,-0.26726645,-0.12593688,193,1.0
-0.16426657,0.16550192,0.08445501,0.064678326,0.98761314,0.10213179,0.07264878,-0.15112093,-0.04672329,0.29739073,-0.20128441,0.08623264,-0.2275582,-0.11684029,0.18588519,0.18491177,-0.17976657,0.04130669,-0.124782965,-0.2577974,0.09918983,-0.11958591,-0.24538402,-0.036043916,-0.15752107,-0.26035753,-0.09707389,0.042956166,-0.2588276,-0.22483824,-0.31196183,0.04724604,193,3.0
-0.1700056,0.14414439,0.07747127,0.10934697,1.044003,0.12498168,0.08075732,-0.09567498,-0.011555059,0.32155567,-0.20213243,0.12724659,-0.19851153,-0.14733168,0.21359071,0.1754208,-0.21968585,-0.01995784,-0.13573737,-0.22962984,0.063102566,-0.1202201,-0.24309675,-0.14034827,-0.24558365,-0.20884737,-0.072162434,0.045705147,-0.21478903,-0.2256033,-0.3454008,-0.085508235,193,2.0
-0.07947321,0.21373227,0.20025986,-0.101405084,0.41361335,0.27844346,-0.073801205,-0.21753219,-0.18193913,-0.036772564,-0.30622905,-0.23415989,0.050650433,-0.22897832,0.021378504,0.1288253,-0.09924123,-0.13516006,0.12513483,0.07911828,0.14735092,0.01404586,-0.14075908,-0.099012494,0.031255584,-0.04716196,0.10482029,0.066528425,-0.23994549,0.15187773,0.051540405,0.011423182,193,2.0
-0.21366602,-0.0077457707,-0.18184821,-0.14012104,0.7295531,-0.025029972,0.08625908,-0.055100776,-0.018559787,-0.23186436,-0.19476384,-0.10716663,0.021786062,-0.12544234,-0.04777181,-0.0824271,-0.0016527995,-0.23031384,-0.19543487,-0.05269391,-0.26452515,-0.024227507,-0.22329052,-0.13366242,-0.40979043,0.0052071437,-0.2266075,-0.13049889,-0.2047045,-0.21790574,-0.099417895,-0.3291026,193,4.0
-0.11697353,0.010056106,-0.08662366,-0.085355446,0.720738,0.0739699,-0.0011119992,-0.1814157,0.02151086,-0.2437517,-0.22407478,-0.10563188,0.0828259,-0.026508221,-0.007210251,-0.12553921,-0.054494042,-0.2161174,-0.17255723,-0.09404516,-0.25403178,-0.07226629,-0.22588016,-0.1620895,-0.36781037,0.0033749044,-0.23848999,-0.0631336,-0.11840186,-0.14667019,0.014573688,-0.30806342,193,2.0
-0.28582633,0.012243807,-0.15061153,-0.005530378,0.8537086,-0.010507543,0.0761774,0.22710139,-0.21390457,-0.07158347,-0.0073441863,-0.12453897,-0.10400602,-0.26198697,-0.011325415,-0.09238058,0.037423804,-0.19381016,-0.16575402,-0.103057,-0.20617595,-0.21058594,-0.2547865,-0.1757521,-0.23513876,-0.18093911,-0.29037035,-0.012569511,-0.17891237,-0.21067658,-0.18274136,-0.13802087,193,2.0
-0.13895777,0.17326754,0.09344293,0.0060021635,1.0361801,0.14844364,0.08209053,-0.19286339,-0.08917083,0.2665239,-0.2274732,0.058003522,-0.23498881,-0.070372336,0.13168421,0.1321984,-0.12809035,0.017842166,-0.090059444,-0.25462487,0.016101588,-0.13340813,-0.2531375,0.027113145,-0.10621919,-0.25896117,-0.10841787,0.005088361,-0.23718141,-0.22222885,-0.29297465,0.060539298,193,4.0
0.013122097,-0.022206293,-0.012167994,-0.0012708548,0.5893142,0.16112702,-0.11331086,-0.33046114,0.0064081233,-0.27565807,-0.21418148,-0.113460004,0.14861248,-0.049015887,0.046926096,-0.10573016,-0.10108336,-0.062401697,-0.08367826,-0.04856482,-0.115794405,0.0330977,-0.12681776,-0.16242109,-0.31828535,0.078313656,-0.086990535,-0.093325764,-0.15138909,-0.125221,0.09343889,-0.29243767,193,1.0
-0.11746883,0.23776811,0.15133531,-0.11881076,0.418473,0.21119335,-0.008543357,-0.08987786,-0.14311072,0.0061691813,-0.27553794,-0.19588885,-0.017452687,-0.23588674,0.055212233,0.10571134,-0.09160537,-0.15054424,0.039822005,0.10189446,0.04804628,-0.05485449,-0.11636379,-0.064329475,-0.05745527,0.007295437,0.09927788,0.042827986,-0.17995143,0.15460308,0.0446453,0.0064379554,193,2.0
-0.18118593,0.14858279,0.063740775,0.11380632,1.0959451,0.18186954,0.10951288,-0.09245813,0.035178743,0.3628142,-0.20699057,0.16236797,-0.22299221,-0.1664675,0.19369861,0.14858963,-0.18924113,-0.0130895125,-0.15603063,-0.19854087,0.051167656,-0.13307856,-0.22913115,-0.2049504,-0.3062464,-0.15982851,-0.04994604,0.06285251,-0.19072017,-0.21292575,-0.3731587,-0.1168354,193,2.0
-0.2370822,-0.014458733,-0.16055316,-0.06829752,0.7542977,-0.026957024,0.09778254,0.030048706,-0.1262071,-0.16868004,-0.14529371,-0.14916126,-0.0040633846,-0.1834927,-0.06119235,-0.10622115,-0.0026119724,-0.1853334,-0.18667862,-0.072894685,-0.25456262,-0.086370885,-0.2704755,-0.14841756,-0.2985292,-0.07301255,-0.26149964,-0.09823567,-0.18421698,-0.18444732,-0.10192424,-0.23340304,193,4.0
-0.17999835,0.14568266,0.084631115,0.020951323,1.0337881,0.14579847,0.13482858,-0.17137527,-0.028409258,0.3231166,-0.22430187,0.088882156,-0.26181492,-0.09232088,0.1458988,0.17711574,-0.18052784,0.025020752,-0.1041965,-0.24978408,0.045106836,-0.12258687,-0.24860336,-0.05632406,-0.16394746,-0.23884124,-0.07154819,0.032093376,-0.2282347,-0.20941137,-0.31165886,-0.0015618615,193,3.0
0.00854793,-0.0033219252,-0.007606216,-0.010685332,0.62483364,0.14926821,-0.1266613,-0.34790543,0.026854584,-0.28045112,-0.23939568,-0.12727341,0.13832048,-0.01489329,0.03388025,-0.13263865,-0.12385134,-0.098332174,-0.084249005,-0.08614209,-0.14701755,-0.009673995,-0.17268704,-0.1719487,-0.30997983,0.07565849,-0.13631096,-0.08121352,-0.12733446,-0.12531967,0.11493091,-0.29434556,193,1.0
-0.11299256,0.23989448,0.17288077,-0.120229125,0.4255211,0.22990687,-0.04861021,-0.15323447,-0.15636995,-0.0028784499,-0.28018513,-0.22210872,0.014237429,-0.24531476,0.039802127,0.114528626,-0.08980357,-0.13637948,0.08397605,0.094324045,0.09409762,-0.013768529,-0.1333047,-0.077381134,-0.017674405,-0.01569406,0.11133527,0.048437104,-0.21568015,0.15376116,0.04322885,0.013893338,193,3.0
-0.18856236,0.15477459,0.09681426,0.12148331,1.1584669,0.22378267,0.1065495,-0.009487931,0.0026620626,0.3383417,-0.184198,0.1259374,-0.275256,-0.20068602,0.133661,0.12932059,-0.1195236,-0.018531632,-0.18176733,-0.18460068,0.02172098,-0.17516485,-0.252293,-0.18018116,-0.28368565,-0.16735873,-0.10890596,0.07072063,-0.22327314,-0.23833302,-0.3269837,-0.111228116,193,2.0
-0.23740892,0.022228718,-0.11226851,-0.036653906,0.8134086,-0.0065154284,0.11345461,0.16946551,-0.1305188,-0.21316484,-0.15754776,-0.09767498,-0.07863464,-0.13282678,-0.10792775,-0.14407083,0.034846693,-0.3797715,-0.24223971,-0.18412322,-0.3482541,-0.3016603,-0.2747279,-0.25700864,-0.281115,-0.19769454,-0.2974447,-0.095533796,-0.096520655,-0.19211522,-0.12854807,-0.15078701,193,3.0
-0.19505803,0.042280346,-0.0761631,-0.06755724,0.7271134,0.020156264,0.07260308,-0.039052498,-0.09593878,-0.23684809,-0.25157475,-0.15455368,0.03214229,-0.092592046,-0.0405477,-0.08440469,-0.034996636,-0.22362106,-0.1913648,-0.083210066,-0.26506186,-0.11189666,-0.2684067,-0.1806098,-0.30300564,-0.030459717,-0.23853552,-0.080355205,-0.11150945,-0.17428261,-0.046219148,-0.2521143,193,2.0
-0.07598282,0.25809598,0.1979444,-0.09683405,0.45129216,0.2857548,-0.083513044,-0.21083453,-0.14514263,-0.024860717,-0.27886644,-0.22302842,0.044395886,-0.2424516,0.060579464,0.14067794,-0.05442578,-0.1426188,0.12345707,0.082140304,0.12726484,0.018655444,-0.14509368,-0.08460882,0.012763616,-0.010970078,0.10644119,0.07024944,-0.22929893,0.13485013,0.07169584,0.00433184,193,2.0
-0.052760042,-0.00048052706,-0.07812002,-0.061572127,0.6686244,0.13708207,-0.0730734,-0.2627256,0.048219286,-0.23503447,-0.20353177,-0.09584394,0.13381058,-0.041554295,0.029669592,-0.14364621,-0.1009326,-0.1663042,-0.1265197,-0.07581993,-0.20605686,-0.025251213,-0.16831386,-0.17799355,-0.35930458,0.030406639,-0.16836199,-0.07379303,-0.14002746,-0.11925719,0.068196125,-0.31102547,193,4.0
-0.14112544,-0.03531924,-0.12725976,-0.14602785,0.7186597,0.043675117,0.0130602345,-0.09525098,0.018234817,-0.19330284,-0.13695236,-0.050704267,0.04575605,-0.050493225,-0.02865319,-0.106065944,0.004864335,-0.2649724,-0.16188796,-0.073351964,-0.2596535,-0.026085721,-0.20527978,-0.17329745,-0.41728967,-0.02271735,-0.23805684,-0.09695506,-0.20038313,-0.14484943,-0.07784437,-0.3059736,193,4.0
-0.1729896,0.12894714,0.0946106,0.11391227,1.0967547,0.17241384,0.07891232,-0.047196306,-0.020433659,0.30049646,-0.15818702,0.104511626,-0.29330412,-0.1530782,0.15110803,0.1601888,-0.120130606,-0.024184708,-0.16044468,-0.23238146,0.060889196,-0.18374114,-0.24929021,-0.11807816,-0.23140249,-0.2209109,-0.10950829,0.05132424,-0.26946592,-0.24934459,-0.2853843,-0.03167744,193,4.0
-0.09119109,0.24200207,0.18939018,-0.11019163,0.41937324,0.24563996,-0.031929612,-0.16819236,-0.18706247,-0.019173987,-0.30316913,-0.23062205,0.020817794,-0.23809381,0.03387305,0.15011221,-0.10200443,-0.1547504,0.104618795,0.10992579,0.121979184,-0.01579032,-0.15169686,-0.088390335,-0.0031807162,-0.0056063235,0.09569842,0.043318547,-0.2278401,0.1520209,0.047024928,0.003269041,193,3.0
-0.12985963,0.22180654,0.17553332,-0.105004475,0.40072268,0.20873652,-0.0310025,-0.13546175,-0.14654168,0.013136663,-0.27054977,-0.23292124,-0.008538311,-0.235668,0.020700581,0.09035771,-0.101053365,-0.11934291,0.056490503,0.09341755,0.056144416,-0.047192413,-0.14355177,-0.05228788,-0.014189612,-0.016197115,0.13086712,0.062144905,-0.19871375,0.18071401,0.025186766,0.023872742,193,2.0
0.11374913,-0.033175856,0.15490344,0.12373312,0.4807379,0.14904563,-0.21195047,-0.42627054,-0.043382816,-0.42336735,-0.26706675,-0.1770202,0.059834793,0.04853167,0.06008531,-0.042065643,-0.07843161,0.10012488,-0.005214669,-0.04617863,0.049671263,0.023537608,-0.1836194,-0.10554521,-0.18462323,0.13569959,-0.06551166,-0.12461766,-0.051163577,-0.14701474,0.13526493,-0.23587666,193,4.0
-0.16053152,0.024395786,-0.05661127,-0.05097224,0.6924538,0.027542854,0.024839714,-0.18763019,-0.015740812,-0.2314429,-0.26811862,-0.19663292,0.08327547,-0.023935325,-0.020024233,-0.09770057,-0.0674656,-0.16085091,-0.15230663,-0.086117394,-0.19444522,-0.046814583,-0.26068532,-0.13421929,-0.29062212,0.02562463,-0.23396677,-0.09353227,-0.1025775,-0.16683853,0.015749836,-0.29019356,193,3.0
-0.21656737,0.0053616967,-0.10607417,-0.06408465,0.7763675,0.027720794,0.12760955,0.049274728,-0.098021515,-0.22664356,-0.18800218,-0.115140155,-0.007693777,-0.12895195,-0.0438134,-0.09577334,-0.0004555732,-0.26845023,-0.19616288,-0.107378654,-0.314743,-0.15857966,-0.27252114,-0.20821083,-0.32770318,-0.07393991,-0.27689427,-0.07407368,-0.10511951,-0.1698825,-0.095403075,-0.22497639,193,2.0
-0.11451326,0.19015959,0.19366717,-0.08546695,0.36914676,0.24013227,-0.060588006,-0.19232972,-0.14104578,0.0026682764,-0.26359296,-0.26172104,0.0060492605,-0.2246925,-0.007799085,0.06643416,-0.09659585,-0.093456976,0.07116515,0.06695539,0.062789425,-0.026079223,-0.1505245,-0.037972417,0.044080053,-0.06216564,0.15105137,0.108775996,-0.21859826,0.20637365,0.023374276,0.03959307,193,3.0
-0.10511369,-0.0013651196,-0.10010617,-0.10814619,0.73211545,0.08952027,-0.03130109,-0.15568134,0.031051451,-0.22407112,-0.16926228,-0.059466437,0.07667656,-0.0372701,-0.0056386925,-0.13898063,-0.051525496,-0.2541029,-0.16817759,-0.08520216,-0.2846996,-0.072055355,-0.21213749,-0.1867384,-0.39306915,-0.027333431,-0.24233946,-0.05421133,-0.12797023,-0.120233856,0.0056284405,-0.30394867,193,3.0
-0.1549144,0.0399164,-0.06910668,-0.060087547,0.6806672,0.0057478994,0.021747828,-0.19794989,-0.01851128,-0.24842909,-0.29324427,-0.19307894,0.068392485,-0.026623819,-0.030120201,-0.09730813,-0.07068737,-0.14880426,-0.17300749,-0.08693404,-0.2057876,-0.052786518,-0.24490893,-0.10201165,-0.29878187,0.03889586,-0.21006876,-0.117248476,-0.113011844,-0.19465071,0.00898543,-0.32246917,193,2.0
-0.12402909,0.016048256,-0.079616085,-0.068521634,0.6635468,0.046106085,0.010483354,-0.2318843,0.021397764,-0.2569578,-0.28522122,-0.17696095,0.09595269,-0.012534347,-0.008397359,-0.12217279,-0.06878072,-0.16490941,-0.1558348,-0.08910549,-0.21276945,-0.034434263,-0.22917466,-0.12540531,-0.33724782,0.0616807,-0.21379337,-0.105618216,-0.12043672,-0.1801631,0.03976394,-0.3163829,193,3.0
-0.08219838,0.17606816,0.19833077,-0.10917477,0.37378743,0.2651088,-0.063117124,-0.21575853,-0.21436064,-0.061165094,-0.31919366,-0.22989643,0.03836719,-0.22021072,-0.0013463907,0.12673612,-0.13715397,-0.13398448,0.108298846,0.06898233,0.15510412,0.011540842,-0.12886864,-0.13309623,0.035612877,-0.06643487,0.10322521,0.07854312,-0.24533354,0.157684,0.04096719,0.009557886,193,3.0
-0.18149559,0.12304563,0.06267384,0.1167981,1.0702454,0.18430248,0.03680423,0.044898905,-0.05045404,0.21508583,-0.078202814,0.04586731,-0.26857102,-0.1849288,0.07874419,0.110944524,-0.04534083,-0.06857439,-0.15162781,-0.19470045,0.01534126,-0.21434991,-0.23129573,-0.13915527,-0.21805973,-0.21513173,-0.13774903,0.0464805,-0.288795,-0.24625444,-0.25194013,-0.057732068,193,4.0
-0.14686897,0.15882337,0.1237199,0.00531644,1.0522766,0.1604125,0.11750421,-0.2281791,-0.08387614,0.2927354,-0.24903038,0.07743112,-0.22760022,-0.09827432,0.12961957,0.14128448,-0.16245422,0.020500984,-0.05222412,-0.2778146,-0.0029439032,-0.14424308,-0.26301935,0.001676878,-0.11809237,-0.27144772,-0.10126096,0.028982176,-0.21066622,-0.20715512,-0.32481694,0.022394827,193,1.0
-0.17772633,0.0070484094,-0.13268518,-0.06669146,0.6699056,0.04174111,0.058046117,-0.16113073,0.029708033,-0.25350142,-0.26774505,-0.17073676,0.07697387,-0.070572585,-0.014832631,-0.12177033,-0.042263947,-0.17038442,-0.16923527,-0.07505574,-0.23723751,-0.04296605,-0.20705724,-0.11335364,-0.35651562,0.039383866,-0.21532574,-0.11310947,-0.13377187,-0.19279636,0.002491627,-0.31406763,193,2.0
-0.16850252,0.00555739,-0.13865839,-0.07124126,0.649425,0.043925025,0.040315308,-0.17013542,0.0342298,-0.25350675,-0.2663301,-0.15310538,0.07697344,-0.07576774,-0.011797521,-0.11643273,-0.049445562,-0.1636394,-0.16795652,-0.07242445,-0.22741684,-0.032435145,-0.18262354,-0.09937136,-0.3652157,0.038210377,-0.19158626,-0.12764177,-0.15374589,-0.19763282,0.00016083196,-0.33985925,193,4.0
-0.14527407,0.13648632,0.0569687,0.06311731,1.0248816,0.08849026,-0.031260632,0.11617542,-0.1502107,0.14181173,-0.056781806,0.09863005,-0.13866211,-0.102749966,0.056581885,0.016033515,-0.122291885,-0.12919678,-0.15813363,-0.18828383,-0.16814074,-0.19172518,-0.19334213,-0.20591478,-0.22464511,-0.12644899,-0.13366759,-0.021521661,-0.17096686,-0.26977637,-0.2294076,-0.23287898,193,1.0
-0.15158562,0.059752136,-0.00623066,-0.034794115,0.7044706,0.021432223,-0.008878596,-0.19795936,-0.05067263,-0.21481463,-0.2878597,-0.18886235,0.084558755,-0.004295348,-0.012560479,-0.07809736,-0.0952568,-0.15579426,-0.15230113,-0.09358062,-0.18028258,-0.06564628,-0.2668265,-0.14115088,-0.23986301,0.014448494,-0.21778977,-0.07972154,-0.08404635,-0.15121591,0.023988647,-0.27740923,193,1.0
-0.17418459,0.19142066,0.011840548,0.024702877,0.7921776,0.10273574,0.085247174,-0.22069642,-0.027115077,0.3050649,-0.19867554,0.06451922,-0.10393196,-0.16322574,0.21829942,0.18740302,-0.14861774,0.07513862,-0.07238204,-0.25482428,0.14106107,-0.049648073,-0.1947904,-0.03440747,-0.102062255,-0.25824228,-0.04229434,0.04251107,-0.18058911,-0.1340304,-0.3211041,0.037593447,193,4.0
-0.04331163,0.24663492,0.1947613,-0.10400784,0.41823852,0.26688647,-0.03424544,-0.17748347,-0.25498232,-0.065324344,-0.37286893,-0.19582663,0.056312885,-0.21422227,0.044275355,0.22400787,-0.14450954,-0.1883162,0.13682625,0.11453435,0.22126634,0.04352785,-0.15193403,-0.14821005,-0.016011186,0.0071321875,0.024691075,-0.0134333875,-0.2618948,0.077856205,0.03988095,-0.026624244,193,1.0
-0.094476886,-0.017471539,-0.1098704,-0.051703222,0.61924577,0.14854755,-0.022779122,-0.22671372,0.047016934,-0.22246,-0.20679572,-0.12406125,0.15825748,-0.102632836,0.05735864,-0.1106063,-0.079267934,-0.12875696,-0.114589386,-0.04741028,-0.16658738,0.04520661,-0.121471725,-0.17833138,-0.36863112,0.05479967,-0.117573455,-0.11744714,-0.19212763,-0.12451043,0.03256028,-0.3146944,193,3.0
-0.14903855,0.18219969,0.13980873,-0.12044297,0.38484797,0.1758676,-0.021475602,-0.09600166,-0.13779418,0.049677595,-0.2973743,-0.22739181,0.0042295754,-0.23815492,0.008721173,0.04974725,-0.12454834,-0.11994739,0.03318111,0.10772621,0.03183778,-0.06843173,-0.11634329,-0.034077916,-0.036597125,-0.02750346,0.11463434,0.006455498,-0.17563799,0.1681773,0.005246658,0.021922419,193,4.0
-0.26923278,0.03740841,-0.12593497,0.01143774,0.8797462,0.042597014,0.044151857,0.17737955,-0.19591881,-0.046204597,-0.06439905,-0.13135627,-0.12984817,-0.2405931,-0.037288524,-0.016448885,0.013664722,-0.14725587,-0.1361252,-0.12681106,-0.12257624,-0.19069482,-0.2762816,-0.14386132,-0.17026581,-0.2278392,-0.24505827,-0.019433046,-0.26985916,-0.21396042,-0.20262565,-0.06660905,193,2.0
-0.06510956,-0.0039064493,-0.07929894,-0.07280479,0.6258076,0.116476975,-0.052349992,-0.2616533,0.029226443,-0.2351202,-0.22615951,-0.10251014,0.12103958,-0.051934537,0.022609133,-0.12749135,-0.09302225,-0.1456779,-0.13024992,-0.06496922,-0.19807082,0.01178684,-0.15341683,-0.1532246,-0.3596925,0.06603118,-0.1410293,-0.0897614,-0.15765324,-0.13940142,0.058454327,-0.32499388,193,3.0
-0.12562463,0.01242424,-0.07706489,-0.04861375,0.6421206,0.051432014,0.0011846274,-0.24023423,0.03736166,-0.2644941,-0.291286,-0.18277906,0.09475675,-0.020750334,-0.0030730404,-0.12187527,-0.07481597,-0.1459799,-0.14213815,-0.08826693,-0.20501655,-0.034976523,-0.21113609,-0.108798936,-0.33259737,0.068752445,-0.20385608,-0.120893426,-0.11971832,-0.18298343,0.048941996,-0.32429698,193,2.0
-0.1932314,0.18784449,0.1258808,0.08114657,1.0843887,0.24317732,0.088254824,0.018433988,-0.0023366772,0.36128208,-0.21321902,0.11031186,-0.25627694,-0.18181926,0.04554739,0.017792758,-0.12045457,-0.030951556,-0.16388652,-0.14869803,-0.073304296,-0.16078848,-0.25481233,-0.10834783,-0.2093521,-0.0899779,-0.15363008,0.028656067,-0.1784405,-0.16070092,-0.23822273,-0.14746936,193,2.0
-0.14384088,0.07974926,-0.002152253,-0.034079775,0.86529076,0.04387483,-0.054192387,0.009914175,-0.16316053,0.008165561,-0.100434914,0.0053843856,-0.02133105,-0.05404331,-0.0029280148,-0.042599324,-0.107621446,-0.15624936,-0.14584267,-0.13914335,-0.16071342,-0.12557298,-0.22300245,-0.16785441,-0.19335628,-0.107692875,-0.16835202,-0.07953719,-0.14076455,-0.19021805,-0.1543729,-0.25461385,193,2.0
-0.15061766,0.16383703,0.10446976,0.011165112,1.0420672,0.15153182,0.10992113,-0.20037517,-0.06873186,0.3157785,-0.22262132,0.08606727,-0.21510687,-0.103236556,0.17015444,0.14289075,-0.1737943,0.014770474,-0.0654217,-0.27035138,0.014615729,-0.12784465,-0.26180103,-0.021812294,-0.13919623,-0.26781073,-0.09920709,0.036878012,-0.20619966,-0.20852213,-0.3071475,0.023985995,193,4.0
-0.11783802,0.0009992477,-0.1222135,-0.10488589,0.6328619,0.09611643,-0.025276784,-0.16900282,0.054472417,-0.1785016,-0.1397398,-0.07090802,0.0917915,-0.09766366,0.02242477,-0.1106718,-0.067928426,-0.16776992,-0.13939907,-0.036727447,-0.18844903,0.015719187,-0.13869457,-0.12999961,-0.3948044,0.029418468,-0.15317675,-0.106346324,-0.18265863,-0.13989505,-0.012447827,-0.35423815,193,1.0
-0.19639988,0.15321952,0.056271244,0.09630634,1.1120341,0.20062155,0.07147032,0.019832052,-0.02908225,0.24951836,-0.13568467,0.08756886,-0.23055294,-0.1874251,0.07772601,0.10921581,-0.07393684,-0.037786756,-0.19027478,-0.18279216,-0.0020605102,-0.17582528,-0.24538904,-0.19076882,-0.28309843,-0.16144884,-0.10946129,0.03949006,-0.25284246,-0.26097554,-0.3160578,-0.106267504,193,1.0
-0.044193264,0.06188152,0.1433565,-0.01216847,0.49912766,-0.04605475,-0.16995157,-0.43741944,0.0056006275,-0.30220804,-0.35697246,-0.41415548,0.073780745,0.06791272,0.02948362,-0.052622207,-0.048055418,-0.060214892,-0.051520377,-0.12331288,-0.07053228,0.02412074,-0.20414983,-0.13536766,-0.12829386,0.098512866,-0.26777995,-0.14917088,0.06834534,-0.15278178,0.20606582,-0.19177026,193,3.0
-0.14117932,0.15133336,0.0815098,0.07587023,1.0492628,0.16336967,0.019219272,-0.1274362,-0.06725756,0.23529032,-0.15349378,0.07252524,-0.29302844,-0.052369695,0.13169627,0.15019229,-0.092383906,0.01856687,-0.13602006,-0.24947372,0.07121038,-0.17830573,-0.25368163,0.007999897,-0.10335543,-0.27262607,-0.10951731,0.003951693,-0.28306141,-0.26516628,-0.27535832,0.09752261,193,1.0
-0.13552696,0.26546592,0.1164815,-0.004718935,0.84506845,0.057478365,0.012088679,-0.2535936,-0.18775891,0.130005,-0.15157737,-0.012461774,-0.11655745,-0.04771043,0.1786296,0.16511673,-0.11444695,0.14043175,-0.016916215,-0.2639828,0.09499021,-0.06677976,-0.23131147,0.14532843,0.023142692,-0.3105309,-0.089430004,0.01899773,-0.20181943,-0.17662026,-0.3696996,0.122946456,193,1.0
-0.20003295,0.035098538,-0.056933712,-0.043298006,0.720999,0.019888619,0.035881273,-0.10257241,-0.0923863,-0.16333663,-0.22031832,-0.14876112,0.05231175,-0.06570148,-0.025256217,-0.08087283,-0.069129474,-0.15464075,-0.16397855,-0.07608944,-0.19397384,-0.077033676,-0.25792065,-0.14148839,-0.25002724,-0.029106595,-0.2312679,-0.06572315,-0.101025075,-0.15475482,-0.026262,-0.26310566,193,2.0
-0.060982652,0.2140538,0.20769751,-0.08829501,0.4156759,0.2984528,-0.1170471,-0.24868321,-0.12830818,-0.04650373,-0.27123487,-0.22057015,0.05437744,-0.225146,0.044931304,0.1138397,-0.0620658,-0.11098912,0.11310861,0.040147457,0.13164628,0.019770013,-0.10578188,-0.089410365,0.044306565,-0.06612665,0.11712267,0.11611625,-0.2379693,0.15516897,0.058687273,0.022369629,193,1.0
-0.18712543,0.14875497,0.08079544,0.07217066,1.048057,0.23671597,0.12432712,-0.23636994,0.065356664,0.41797364,-0.23018992,0.16067672,-0.21694222,-0.15170953,0.1527427,0.1213391,-0.17537668,0.024050873,-0.09565433,-0.2350488,0.014165718,-0.13111427,-0.19509207,-0.16768762,-0.2608149,-0.18804792,0.006770216,0.09987592,-0.108389735,-0.1150021,-0.38867652,-0.088995986,193,2.0
-0.12706849,0.16237485,0.122121125,0.11104295,1.1177613,0.15806864,-0.0155673325,0.060130425,-0.08370196,0.25191346,-0.14701255,0.14622244,-0.14694904,-0.08462069,0.11341296,0.047654994,-0.19140828,-0.092139974,-0.17700028,-0.18549171,-0.09348141,-0.17913625,-0.20750766,-0.22818033,-0.25005314,-0.11514566,-0.1003337,0.005004814,-0.16892512,-0.26079988,-0.27648228,-0.254048,193,4.0
-0.24371237,-0.03964138,-0.1837919,-0.123022154,0.79731894,-0.05953317,0.13861799,0.037320286,-0.07923294,-0.2207255,-0.17772937,-0.12660873,-0.018319607,-0.16523509,-0.08087172,-0.0868914,0.020496115,-0.2565184,-0.19500339,-0.08338401,-0.3015787,-0.065703996,-0.26565355,-0.19851696,-0.36955303,-0.028440513,-0.25881502,-0.1341529,-0.21447809,-0.23087296,-0.14017452,-0.25692374,193,1.0
-0.13302808,-0.031296745,-0.1253743,-0.1381358,0.7137107,0.058455057,0.0071279183,-0.10259311,0.034690328,-0.18046528,-0.12413399,-0.048504468,0.05132001,-0.053119563,-0.016622879,-0.110521786,0.0017617047,-0.2547301,-0.15934545,-0.06974103,-0.24638069,-0.021792084,-0.18599613,-0.17018956,-0.4177706,-0.012847878,-0.22736481,-0.09827078,-0.1977568,-0.14441882,-0.06741857,-0.3082556,193,2.0
-0.1549835,0.23717645,0.07654385,0.00560835,0.8290872,0.051043198,0.030215219,-0.22713488,-0.1428261,0.20682496,-0.17695592,0.025978938,-0.124804795,-0.1337323,0.19374484,0.18664162,-0.14727825,0.13466665,-0.04890792,-0.28369153,0.13325611,-0.0665089,-0.23420359,0.09502652,-0.024256377,-0.3218563,-0.1109421,0.053195983,-0.23149705,-0.18262124,-0.3462891,0.14155866,193,2.0
-0.09230747,0.16530465,0.10266118,0.14862022,1.0353767,0.20971532,0.02295214,-0.104940444,-0.040462077,0.35657367,-0.19513175,0.16707936,-0.09623154,-0.09276156,0.2577736,0.049795903,-0.22874835,-0.074547835,-0.12833944,-0.1813634,0.011154324,-0.147424,-0.24727471,-0.20653217,-0.22117688,-0.12031395,-0.042891826,0.030929847,-0.16036665,-0.21239148,-0.34212005,-0.13366975,193,3.0
-0.08164421,0.08611838,0.09977989,-0.008367093,0.78610104,0.026062045,-0.13092327,-0.22269356,-0.09817952,-0.019439317,-0.24755886,-0.063393556,0.08345787,0.08572345,0.04212537,-0.037292883,-0.19406396,-0.12596881,-0.13097736,-0.1430563,-0.082282156,-0.07136955,-0.22140266,-0.14228803,-0.13738896,-0.04308331,-0.15420327,-0.07642106,-0.0575473,-0.11956438,-0.029304221,-0.28173673,193,3.0
-0.20268697,0.15580915,0.07066725,0.11974047,1.1726706,0.21393089,0.12456733,-0.036577348,0.027998583,0.3412723,-0.18486758,0.15304914,-0.269675,-0.19839174,0.13674289,0.13508192,-0.12666543,0.00488073,-0.19944459,-0.18405908,0.021414831,-0.1724046,-0.23541564,-0.21579319,-0.32577294,-0.14544615,-0.07804018,0.08909507,-0.20031233,-0.23697355,-0.36775047,-0.12767778,193,3.0
-0.1609119,0.13969365,0.093936935,0.11897007,1.0970148,0.18627681,0.043525472,-0.0052864626,-0.033581384,0.27785784,-0.121730566,0.08102674,-0.28307799,-0.14963497,0.11366888,0.13959351,-0.10012303,-0.04336317,-0.15172935,-0.20528236,0.05051693,-0.18969195,-0.23735969,-0.10849856,-0.20642428,-0.21337011,-0.10746659,0.02023667,-0.29683548,-0.25416756,-0.26256925,-0.042801347,193,3.0
-0.1846949,0.023007216,-0.06606132,-0.046094626,0.68243545,0.021956418,0.029561698,-0.18876632,-0.019621767,-0.21273696,-0.2627886,-0.19913095,0.086036384,-0.029893273,-0.021742202,-0.097654656,-0.07475329,-0.14058438,-0.15256983,-0.07745085,-0.18944934,-0.041391302,-0.24536394,-0.122412354,-0.27408528,0.027582556,-0.22738841,-0.091533974,-0.08918722,-0.16066074,0.010822851,-0.2870141,193,1.0
-0.02169452,0.24728405,0.16919139,-0.11435899,0.41130528,0.28278607,-0.055081956,-0.13827424,-0.29582897,-0.06943264,-0.42671618,-0.15376453,0.066096485,-0.2061987,0.07670277,0.23893513,-0.19230175,-0.18022795,0.11492323,0.090657815,0.29619628,0.0962718,-0.10777452,-0.17736223,-0.05587082,-0.01035247,-0.017570585,-0.054478936,-0.271912,0.010598777,0.030120578,-0.03887643,193,1.0
-0.17163913,0.16721532,0.03406321,0.043582898,0.9028674,0.14090113,0.10237916,-0.18861097,0.0013440531,0.3526034,-0.20593876,0.106864266,-0.14910366,-0.15691587,0.21619108,0.15983082,-0.17217022,0.03060706,-0.09210909,-0.24413678,0.09269539,-0.08286197,-0.20864724,-0.095621884,-0.18088047,-0.2353535,-0.042708445,0.055364326,-0.17086297,-0.14770782,-0.32786703,-0.012975197,193,3.0
-0.12658828,0.23559111,0.1990935,-0.02783204,0.398374,0.19626358,-0.015136074,-0.07051478,-0.08807863,0.09868373,-0.22638646,-0.23716933,-0.085115634,-0.21427228,0.027393123,0.050352536,-0.09577393,-0.07653134,-0.02849549,0.07183394,-0.020772427,-0.10915757,-0.206689,0.06423773,-0.01782792,0.023468595,0.1528556,0.06670346,-0.13967675,0.197306,-0.04317251,0.05150024,193,1.0
-0.24504541,0.027449504,-0.11426443,-0.04630647,0.814288,-0.009358002,0.074853554,0.09588372,-0.19551218,-0.10616384,-0.09924786,-0.09470995,-0.044495918,-0.18644795,-0.04748994,-0.08559711,-0.014957894,-0.18019827,-0.18325213,-0.09111119,-0.2335659,-0.14432666,-0.26596075,-0.1777252,-0.25667542,-0.12062902,-0.25403404,-0.051938757,-0.16596241,-0.19584912,-0.1257249,-0.21385592,193,4.0
-0.20137526,0.072840035,-0.009361796,0.079633266,0.9549886,0.21057732,0.037450157,0.034105755,-0.06797842,0.11649145,-0.10245918,-0.016022786,-0.30412728,-0.18964481,0.0075373314,0.091444544,0.03149564,-0.048622467,-0.12812221,-0.18086886,0.030924816,-0.23374346,-0.23049138,-0.039973225,-0.07807982,-0.20945513,-0.14196295,0.0032225382,-0.3177242,-0.1947933,-0.21831132,0.047451057,193,4.0
-0.16657743,0.05745782,-0.018251866,-0.034212798,0.79379296,0.047113054,4.5128167e-05,-0.08090394,-0.12522958,-0.0943291,-0.19359237,-0.092468046,0.043641783,-0.032610834,-0.007628981,-0.058440804,-0.10112946,-0.15212122,-0.15683882,-0.10921963,-0.16315567,-0.093189865,-0.2526728,-0.15239152,-0.21716394,-0.06696036,-0.19971624,-0.059629604,-0.107623026,-0.15531754,-0.075460725,-0.2627029,193,3.0
-0.17406511,0.17972994,0.11351031,-0.08249699,0.46837088,0.14819689,-0.005735755,0.043452404,-0.035034075,0.17904803,-0.26525298,-0.18348393,-0.005688103,-0.24994308,0.010728855,-0.024820969,-0.07769522,-0.12551187,-0.090541705,0.079372704,-0.08716835,-0.13315214,-0.15124044,0.069644585,-0.11000123,-0.010622315,0.062697135,-0.092516035,-0.07908181,0.118978836,-0.10326435,0.030613111,193,4.0
-0.14758569,0.21234159,0.17090362,-0.057812158,0.4191013,0.16990057,-0.025894273,-0.033602647,-0.06817478,0.12032555,-0.23449549,-0.21859232,-0.05447609,-0.22981986,0.021571998,0.020129398,-0.095406845,-0.10003523,-0.04103549,0.07850529,-0.042051055,-0.106635086,-0.18549904,0.05410583,-0.055974692,0.01196846,0.1247069,0.014937649,-0.117723905,0.17997693,-0.05556105,0.050699964,193,3.0
-0.16819766,0.13032587,0.091020495,0.11401613,1.1058592,0.1865261,0.07049681,-0.03101866,-0.027207794,0.2946254,-0.13959646,0.094913386,-0.30007178,-0.153513,0.13822916,0.15237343,-0.10148567,-0.029189885,-0.15972112,-0.22187766,0.058958888,-0.19238257,-0.2481721,-0.11056535,-0.21568188,-0.22283825,-0.10969804,0.04368826,-0.27822608,-0.25005516,-0.27143538,-0.026997432,193,4.0
-0.17493406,-0.0022749845,-0.16818646,-0.12668407,0.7223048,0.03172128,0.05576346,-0.09875463,0.020034356,-0.20566422,-0.17525508,-0.085183494,0.0570369,-0.10883079,-0.015317917,-0.10033345,-0.02292107,-0.21843576,-0.1848023,-0.05129558,-0.25019556,-0.019582508,-0.19412734,-0.12709463,-0.4126152,0.016273327,-0.21515328,-0.11652485,-0.18295668,-0.1886771,-0.060652904,-0.33171454,193,2.0
-0.13615818,0.01870672,-0.042351004,-0.052727982,0.681481,0.01901465,0.002235733,-0.20918676,-0.032300692,-0.20638624,-0.25688913,-0.20244622,0.07873891,-0.008637549,-0.03682959,-0.08123623,-0.08173195,-0.1381606,-0.14943866,-0.10470823,-0.15036301,-0.04387754,-0.25780395,-0.12333238,-0.25656888,0.012049157,-0.22742859,-0.12238479,-0.108228184,-0.17206897,0.0019815974,-0.29627362,193,2.0
-0.12205334,0.26034352,0.20854202,-0.06235708,0.43249434,0.20837294,-0.012366578,-0.08741869,-0.09905485,0.06935199,-0.23408669,-0.25175968,-0.059172563,-0.23994118,0.03711304,0.09011008,-0.08143057,-0.1186423,0.00060403347,0.09114813,0.0042123534,-0.12048331,-0.19328316,0.010970799,-0.026573995,0.028475285,0.13229665,0.061060682,-0.16075152,0.2039803,-0.02042627,0.03542109,193,2.0
-0.119816124,0.23584504,0.1773662,-0.08125896,0.40141279,0.22000271,-0.04701315,-0.10170483,-0.08932273,0.049052708,-0.2333664,-0.2305975,-0.042543463,-0.22674145,0.033370566,0.05403337,-0.07022078,-0.11187595,0.013748169,0.073209494,0.0026019365,-0.06975059,-0.14746326,0.012065696,-0.02076182,-0.009671986,0.13305843,0.08559621,-0.16959526,0.18334939,0.012351075,0.035589628,193,3.0
-0.17368662,-0.005917171,-0.15308906,-0.09884311,0.69332707,0.029147446,0.076420814,-0.11732049,0.008657584,-0.24667987,-0.23979518,-0.15369447,0.06550713,-0.08749973,-0.024792157,-0.12014479,-0.014844455,-0.20251445,-0.18882355,-0.069108166,-0.2586831,-0.045653123,-0.2216744,-0.13316071,-0.37954757,0.012591984,-0.2274108,-0.1081868,-0.15289132,-0.18843614,-0.024368905,-0.3063297,193,2.0
-0.06235802,0.24413325,0.14899667,-0.13783652,0.41702953,0.24602214,-0.023068357,-0.11440932,-0.2441401,-0.031864367,-0.37926236,-0.17646733,0.04799329,-0.23286355,0.063028805,0.18800256,-0.14843425,-0.1862527,0.10356691,0.12752351,0.19462217,0.048105787,-0.10938684,-0.13308068,-0.062154233,0.0037533343,0.0151623115,-0.02953039,-0.24597643,0.07390045,0.05269974,-0.016164802,193,3.0
-0.17649977,0.089355804,-0.0030236393,0.042561833,0.9745737,0.08833576,0.008677669,0.10480776,-0.12371636,0.07094473,-0.040262416,0.0064225867,-0.14176476,-0.14485613,-0.0018446073,0.007724695,-0.05037199,-0.1475943,-0.16011457,-0.17225775,-0.13053563,-0.19123326,-0.2185807,-0.19756557,-0.24374598,-0.16091856,-0.17148426,-0.0108254105,-0.23090968,-0.26291347,-0.22010957,-0.1708425,193,1.0
-0.24134605,0.0047969036,-0.11279209,-0.05762981,0.7511287,-0.00863874,0.13525383,0.09710618,-0.16117828,-0.18527931,-0.16792135,-0.14080513,-0.01558413,-0.17977588,-0.051091976,-0.09705198,0.002707228,-0.2413099,-0.18545099,-0.079233155,-0.2924046,-0.14737259,-0.2912559,-0.20266132,-0.28477594,-0.078883804,-0.26599598,-0.085797705,-0.11518311,-0.163367,-0.09098609,-0.18383093,193,4.0
-0.21559355,-0.027939325,-0.1674337,-0.12356812,0.7849348,-0.023461055,0.11079781,-0.011188898,-0.028262572,-0.20398599,-0.17490532,-0.09751274,0.012935333,-0.118464604,-0.06526663,-0.09228942,0.016172796,-0.27056223,-0.18885466,-0.08138552,-0.29795572,-0.050246987,-0.2392853,-0.17810641,-0.40721002,-0.0093849,-0.25707123,-0.13461702,-0.2027232,-0.24261126,-0.13458073,-0.29325348,193,4.0
-0.23581749,0.0075585283,-0.12334551,-0.0341041,0.8468725,0.0008593276,0.04592658,0.10561403,-0.17626004,-0.06640785,-0.05726637,-0.10088529,-0.05572418,-0.1769343,-0.051534966,-0.06745641,-0.011608675,-0.17931314,-0.16420695,-0.114223056,-0.18936703,-0.14360628,-0.25893933,-0.18141267,-0.24244528,-0.14924347,-0.24164334,-0.06291363,-0.20597978,-0.22301547,-0.18121499,-0.19535343,193,1.0
-0.21505173,0.11288771,0.020218272,0.09778565,1.0400153,0.16436963,0.07622388,0.11943627,-0.08383284,0.14900056,-0.07391846,0.012308866,-0.25320718,-0.23179422,0.037727695,0.0780713,-0.006985873,-0.06960524,-0.16307893,-0.17895466,-0.038014837,-0.22840315,-0.23401769,-0.161301,-0.2152828,-0.1929042,-0.16771488,0.05446916,-0.26457804,-0.2380996,-0.24033947,-0.07403904,193,3.0
-0.18478481,0.18522803,0.09602459,-0.079260305,0.48633945,0.14573911,0.0011215806,0.06991165,-0.020097626,0.19233194,-0.26464579,-0.17326841,0.00040435605,-0.26076016,0.007691782,-0.037775602,-0.061411805,-0.12652136,-0.108778566,0.06533526,-0.099974036,-0.12859693,-0.15951177,0.07332047,-0.12436995,-0.017667048,0.05355949,-0.107284285,-0.06776211,0.099440165,-0.11731814,0.025450272,193,3.0
-0.17155619,0.072461754,-0.0008196831,-0.018495709,0.8799458,0.07709775,0.016878732,0.031814203,-0.15438092,-0.0008406341,-0.14667715,-0.025029175,-0.052121945,-0.09127886,-0.020065807,-0.028618418,-0.06969374,-0.1552176,-0.1630798,-0.13944995,-0.15043108,-0.13726826,-0.26187477,-0.1796023,-0.22385602,-0.120848946,-0.19651473,-0.049555663,-0.17783017,-0.19996482,-0.13306338,-0.21707016,193,4.0
-0.28300995,0.01395895,-0.1471123,-0.03835156,0.8432688,-0.05015955,0.1128577,0.22861153,-0.25521693,-0.10284097,-0.057746373,-0.13817835,-0.09919584,-0.2753006,-0.04429043,-0.09823071,0.032146625,-0.20950432,-0.16946128,-0.09086221,-0.27187553,-0.1905556,-0.29349738,-0.20656292,-0.23783948,-0.16393635,-0.3026739,-0.05090424,-0.19211857,-0.18226282,-0.13305704,-0.10558671,193,4.0
-0.15112549,0.21923515,0.16111031,-0.07708466,0.43266675,0.17763564,-0.03579183,-0.031280257,-0.059092455,0.13007659,-0.24310964,-0.22270176,-0.03367423,-0.24153283,0.022373768,0.014726784,-0.08091632,-0.113929376,-0.034395207,0.08127319,-0.04386674,-0.10160163,-0.17352319,0.05425269,-0.061299987,-0.00079756975,0.11174276,-0.000922462,-0.12700379,0.16651906,-0.05627425,0.04456818,193,2.0
-0.2327633,0.002329195,-0.15151784,-0.07496606,0.75810677,-0.05119607,0.06342971,0.04649674,-0.18194404,-0.14656919,-0.15326676,-0.14688176,-0.022978052,-0.18567751,-0.079598896,-0.08807583,-0.027112331,-0.17461628,-0.18225375,-0.08061667,-0.23758006,-0.08212563,-0.29610822,-0.14490081,-0.25691417,-0.102015875,-0.25526476,-0.12172668,-0.22125062,-0.17760733,-0.11487831,-0.20870945,193,2.0
-0.18321371,0.16942884,0.06582022,0.023841191,0.9363377,0.099201724,0.110762596,-0.19455725,-0.05155051,0.304999,-0.2274057,0.071571566,-0.21112226,-0.12627137,0.17693329,0.20310913,-0.17945084,0.061865393,-0.09849529,-0.26888397,0.092286296,-0.09334703,-0.2389208,-0.037888747,-0.13114901,-0.26969388,-0.06744531,0.049471952,-0.22629614,-0.19480921,-0.32482165,0.028929943,193,3.0
-0.20438921,-0.004529463,-0.13625084,-0.09456736,0.78033876,0.03100472,0.11124626,-0.0107755065,-0.045363463,-0.24822012,-0.19488737,-0.09827747,0.01604914,-0.114896245,-0.033750728,-0.106941536,0.0029655695,-0.26969692,-0.20013806,-0.09368217,-0.33221003,-0.12225969,-0.25521266,-0.19581284,-0.3741609,-0.05171272,-0.27902022,-0.07359728,-0.11825683,-0.17535304,-0.08331441,-0.26263294,193,4.0
-0.19768478,0.0908509,-0.019330159,0.0022023655,0.9604316,0.08751896,0.028026357,0.108277194,-0.16016766,0.019035712,-0.07708061,-0.011073947,-0.09912229,-0.15255563,-0.02115389,-0.01386195,-0.048267905,-0.15658484,-0.1579049,-0.15905586,-0.1694879,-0.17461452,-0.25419024,-0.20238167,-0.23399377,-0.15984622,-0.19249403,-0.025969416,-0.2018846,-0.23135692,-0.21367495,-0.19194904,193,1.0
-0.052501887,0.13213699,0.19689393,-0.08476068,0.33563423,0.2965594,-0.083038695,-0.23319393,-0.18564929,-0.07020893,-0.30970564,-0.23465073,0.051849157,-0.20677024,-0.011789873,0.08003871,-0.12512478,-0.109504655,0.100416,0.043214593,0.13267662,-0.002712906,-0.10532331,-0.10106301,0.0700233,-0.10940746,0.11367502,0.12918438,-0.23391788,0.17879885,0.049761724,0.027184041,193,2.0
-0.0072567333,-0.0055725332,-0.024435433,-0.012354372,0.6268996,0.1595971,-0.10429788,-0.32741117,0.03302651,-0.2691884,-0.24003243,-0.1246459,0.14712504,-0.041557353,0.041715275,-0.12613502,-0.11789506,-0.09777289,-0.08893897,-0.07348044,-0.14866559,0.0065741893,-0.1546217,-0.170393,-0.32098383,0.07443824,-0.11805077,-0.09433935,-0.14541264,-0.1207395,0.096247,-0.2950671,193,4.0
-0.060099196,-0.0063872207,-0.07154273,-0.08272228,0.58996886,0.14263096,-0.060329378,-0.19608164,0.05951517,-0.18441886,-0.110508844,-0.063431896,0.1178815,-0.10296875,0.055033963,-0.101172976,-0.06454436,-0.13000892,-0.113849714,-0.019797869,-0.15618065,0.044165824,-0.107126944,-0.16463077,-0.38852087,0.048525624,-0.11153557,-0.101824895,-0.19108698,-0.10540569,0.018314643,-0.34966502,193,1.0
-0.19268188,0.0004842803,-0.16425414,-0.10899559,0.72379816,0.029391304,0.03849183,-0.08585134,0.033407822,-0.17392468,-0.15009744,-0.0731382,0.03789135,-0.09926089,-0.02413319,-0.10793504,-0.04551249,-0.22612031,-0.17004001,-0.057397872,-0.2458592,-0.02195346,-0.18976085,-0.1269759,-0.4041818,0.009151325,-0.21090639,-0.12309392,-0.1821299,-0.18975566,-0.073479794,-0.33554772,193,2.0
-0.0861625,0.002207771,-0.1088265,-0.07106534,0.6786224,0.14659332,-0.031054445,-0.19695476,0.07283969,-0.18729946,-0.16236682,-0.08004325,0.13180798,-0.097528666,0.05190192,-0.12169058,-0.08157781,-0.17119193,-0.13840131,-0.053213537,-0.19830349,0.0060315747,-0.13949376,-0.1922957,-0.38752073,0.026653774,-0.1440489,-0.10826393,-0.18541531,-0.11122372,0.023611095,-0.31511945,193,1.0
-0.18332613,-0.0070464704,-0.16258962,-0.10432805,0.70577675,0.028555442,0.08396681,-0.10170826,0.008122964,-0.23949277,-0.22320461,-0.13868234,0.061233975,-0.09647748,-0.024764039,-0.119653836,-0.012175083,-0.20884602,-0.19392252,-0.06844309,-0.26455227,-0.049067814,-0.21630234,-0.13542025,-0.38602504,0.0077288747,-0.22955838,-0.10423944,-0.14830424,-0.18525627,-0.038618013,-0.30503586,193,2.0
-0.17212152,0.1391796,0.08514501,0.1300823,1.0857047,0.16596505,0.05957946,0.008696638,-0.008023042,0.28471127,-0.12255323,0.11182729,-0.26928747,-0.15418485,0.11951883,0.14119242,-0.11989708,-0.029710423,-0.1656601,-0.18955353,0.05545314,-0.17756541,-0.20670792,-0.14502487,-0.2505373,-0.17903042,-0.07220617,0.015681917,-0.2879875,-0.26428673,-0.29252595,-0.081366576,193,2.0
-0.1250642,0.2206733,0.13865031,-0.13679545,0.41141796,0.19747418,-0.013483901,-0.10266415,-0.18172415,0.020398624,-0.32007873,-0.1996127,0.023408057,-0.25558957,0.04573543,0.115763605,-0.13504845,-0.1385676,0.06731858,0.118313685,0.11074978,-0.025401348,-0.11346456,-0.08394757,-0.051320262,-0.015779361,0.09105804,-0.012769587,-0.21270104,0.13880979,0.025141302,0.006061008,193,3.0
0.025815777,0.059765957,0.028300125,-0.056722783,0.731629,0.12920858,-0.19814368,-0.30638102,0.036157712,-0.25581026,-0.21546361,-0.024333075,0.06794259,0.05895717,-0.0041181855,-0.14704648,-0.1458309,-0.19802402,-0.14299631,-0.13705754,-0.25498483,-0.12176345,-0.2068103,-0.19508474,-0.3212152,-0.00035187602,-0.20730129,-0.014131371,-0.07729477,-0.08597523,0.13060284,-0.3011059,193,3.0
-0.0066378023,-0.02437223,-0.00914957,0.010217283,0.5963042,0.16498822,-0.10431283,-0.3365081,0.017890817,-0.27573612,-0.23689133,-0.14118457,0.15338619,-0.054011073,0.048210885,-0.10613064,-0.1059708,-0.058452934,-0.07013333,-0.059333168,-0.10816243,0.038036685,-0.13849053,-0.15879649,-0.30952516,0.09018103,-0.09653287,-0.108855456,-0.15066239,-0.124756984,0.091752864,-0.28149834,193,1.0
-0.26962554,0.023120785,-0.1326402,-0.010057153,0.864722,0.014789892,0.05909799,0.18060529,-0.19319218,-0.061053798,-0.021254428,-0.11911287,-0.085543364,-0.2324509,-0.014456667,-0.08118953,0.018541582,-0.19369982,-0.16786693,-0.10876881,-0.18653828,-0.19237481,-0.25713643,-0.17359985,-0.24146011,-0.18004185,-0.2639019,-0.016414957,-0.19132084,-0.21942468,-0.19339648,-0.16253155,193,3.0
-0.21926256,0.13349931,0.08326496,-0.022956751,0.54938895,0.101740375,0.056622,0.1352332,-0.02831623,0.23596126,-0.2562279,-0.113612115,-0.028302755,-0.26288167,-0.020586334,-0.06247322,-0.08507668,-0.10506947,-0.19208014,0.05182183,-0.14166194,-0.17789482,-0.19548734,0.07136947,-0.14142203,-0.021099389,0.026062042,-0.15806776,-0.022796936,0.089537196,-0.18378475,0.023833187,193,4.0
-0.1498448,0.21267593,0.15951931,-0.073536605,0.42891943,0.17482392,-0.032201618,-0.01842254,-0.050125383,0.1322634,-0.24625632,-0.22102919,-0.038895432,-0.23399474,0.015499935,0.0076240525,-0.08302932,-0.11632924,-0.052745048,0.07486197,-0.049458787,-0.108147174,-0.16644512,0.06367014,-0.067616224,0.0023771077,0.102118485,-0.008419629,-0.1146209,0.16584645,-0.06658584,0.042814225,193,2.0
-0.16570508,0.15145014,0.08399415,0.15164012,1.126098,0.1755609,0.09290916,-0.055315044,0.030692147,0.35760367,-0.18871233,0.16618428,-0.22438517,-0.16420573,0.18792549,0.14476798,-0.18262137,-0.022157509,-0.16302472,-0.18436962,0.028277773,-0.1506115,-0.2256942,-0.22220261,-0.31541184,-0.13563389,-0.05203099,0.060430765,-0.19583666,-0.23756376,-0.37926173,-0.14049779,193,4.0
-0.12769306,0.24907252,0.15642488,-0.12969594,0.4328721,0.21089204,-0.079649284,-0.1338068,-0.09867714,0.040484786,-0.24854141,-0.23178414,0.009376302,-0.25425935,0.04085621,0.06744804,-0.050710373,-0.12752883,0.053433828,0.08468028,0.035811022,-0.021193318,-0.12854552,-0.038301397,-0.03544768,-0.0143221095,0.10693636,0.045878276,-0.18986231,0.14929429,0.027541041,0.033092402,193,3.0
-0.111820556,0.18136866,0.1696488,-0.11878939,0.37555337,0.23027712,-0.06794266,-0.16839188,-0.14365186,-0.013136491,-0.28510156,-0.24857718,0.017963216,-0.22331071,-0.002946198,0.060334697,-0.093570925,-0.12552531,0.067865156,0.07382032,0.066549115,-0.02404549,-0.11041302,-0.059463743,0.015027504,-0.057513945,0.11399258,0.085008904,-0.21114942,0.17449506,0.040685613,0.02739883,193,1.0
-0.051284693,0.23960723,0.20478949,-0.09242429,0.41726166,0.29002577,-0.048910666,-0.19912982,-0.23092915,-0.07179222,-0.34878513,-0.19626355,0.055452947,-0.21874478,0.045275368,0.20328759,-0.12757063,-0.16164245,0.12618849,0.087128595,0.21123613,0.0339058,-0.13419592,-0.14066362,-0.0010635667,-0.008838169,0.0682676,0.034582354,-0.25169078,0.101498425,0.055910043,-0.025061544,193,4.0
-0.17836702,-0.045160025,-0.14793548,-0.14638363,0.73665565,-0.003493661,0.055665545,-0.06043948,-0.011776957,-0.22557157,-0.18011087,-0.06850606,0.020827312,-0.075964265,-0.05726052,-0.07758143,0.016118683,-0.261287,-0.17749327,-0.081047274,-0.26676694,-0.035717327,-0.23660822,-0.16597342,-0.40714708,-0.0272246,-0.24848652,-0.12616113,-0.22503872,-0.17277397,-0.11704551,-0.30058774,193,2.0
-0.094332404,0.23617531,0.18776934,-0.10544214,0.4096729,0.24996196,-0.023462284,-0.15660636,-0.18096219,-0.020558015,-0.2995466,-0.2250956,0.007748546,-0.2315738,0.034836255,0.13751173,-0.10064683,-0.15063812,0.09126348,0.10249089,0.10287705,-0.027280953,-0.1427995,-0.079487205,-0.0016933307,-0.012751877,0.10770699,0.06427992,-0.22041072,0.1605081,0.05087302,-0.00019401312,193,1.0
-0.1602767,0.016236143,-0.1317083,-0.11170378,0.71939725,0.030398823,0.052252077,-0.122803554,0.0015082825,-0.24683142,-0.23478693,-0.10455736,0.05193235,-0.06845905,-0.02274675,-0.10622587,-0.03132051,-0.21141642,-0.20106499,-0.074685596,-0.2668787,-0.060618218,-0.21272515,-0.1264907,-0.3869355,0.014842123,-0.22035983,-0.1067494,-0.14720993,-0.1832341,-0.039231353,-0.338122,193,2.0
-0.1947467,0.037350543,-0.05903379,-0.049128707,0.6968027,0.014657773,0.04930284,-0.07169257,-0.13687126,-0.18323678,-0.22096625,-0.17711824,0.069646455,-0.07078383,-0.02181521,-0.09248506,-0.059677787,-0.19173618,-0.17046304,-0.07691775,-0.2211012,-0.09576645,-0.26436642,-0.18130322,-0.2399622,-0.03634873,-0.23091325,-0.053193722,-0.077303775,-0.14430629,-0.009832062,-0.19954275,193,2.0
-0.2910831,-0.039119273,-0.16574927,-0.025562417,0.8289714,-0.0920308,0.21211253,0.26046243,-0.20237675,-0.13704553,-0.09561114,-0.13227415,-0.09247607,-0.2877676,-0.046222948,-0.13314658,0.05814422,-0.27254346,-0.18469214,-0.07461112,-0.35630298,-0.19738352,-0.30754554,-0.24696513,-0.29770538,-0.12838447,-0.31681997,-0.10585426,-0.14747106,-0.16578479,-0.14343616,-0.116360195,193,4.0
-0.2668138,0.02032004,-0.12520725,-0.009584268,0.87113106,0.01566083,0.07405792,0.17964545,-0.1927611,-0.056891322,-0.030629069,-0.10853924,-0.08934111,-0.22470334,-0.024001658,-0.078998454,0.016405113,-0.18995798,-0.16967139,-0.11405171,-0.1887675,-0.19220999,-0.258599,-0.18460068,-0.24588233,-0.1720865,-0.2620873,-0.015179128,-0.18606696,-0.22431329,-0.18913701,-0.17094143,193,1.0
-0.17755112,0.12735546,0.073850706,0.08804238,1.0628896,0.18015012,0.12361008,-0.099196225,0.0060426984,0.3410281,-0.18472,0.12786302,-0.2858114,-0.15172131,0.17498285,0.1736576,-0.12148413,0.014499158,-0.15672615,-0.22330543,0.094038814,-0.15234138,-0.2395185,-0.12217292,-0.24396877,-0.21029773,-0.08388175,0.060117178,-0.24654172,-0.21753545,-0.30142397,-0.013128905,193,4.0
-0.1830358,0.119955435,0.029737476,-0.00924627,0.5774503,0.07503639,0.09519994,0.17882863,-0.051824212,0.21582517,-0.22433886,-0.08254464,-0.07097333,-0.24459317,-0.009408675,-0.09321073,-0.0389194,-0.13057454,-0.2111238,0.035005838,-0.19649759,-0.123709664,-0.22640356,0.046785314,-0.18819836,0.007630475,-0.038721032,-0.16488355,-0.03984945,0.039977193,-0.14782989,0.017009268,193,3.0
-0.1758438,0.12491227,0.08306199,0.08930619,1.0814861,0.17890573,0.08891922,-0.07024447,-0.025894048,0.30256644,-0.16642655,0.10216691,-0.30432865,-0.13690494,0.1499083,0.16278161,-0.11452965,-0.009008073,-0.15956631,-0.24063021,0.07343988,-0.1786282,-0.25524527,-0.09652871,-0.2045968,-0.23229584,-0.10199378,0.045331247,-0.27274922,-0.24152032,-0.2748016,-0.0011789035,193,1.0
-0.21758714,0.007677527,-0.12562756,-0.0836964,0.7859096,0.019391967,0.13479665,0.056850977,-0.097408265,-0.24382782,-0.18801185,-0.10495013,-0.00813338,-0.13541837,-0.0450942,-0.09720659,0.005130887,-0.28672543,-0.20305213,-0.10611518,-0.34222418,-0.15511875,-0.2726859,-0.21835126,-0.34932473,-0.06925573,-0.2834122,-0.081170715,-0.10591972,-0.17960584,-0.10834798,-0.23728591,193,4.0
-0.2022162,0.013360757,-0.13997139,-0.08511743,0.69375074,-0.0011219028,0.06980461,-0.10577027,-0.013991347,-0.2404949,-0.24839461,-0.15345335,0.03921908,-0.09721918,-0.039103143,-0.10184796,-0.029035602,-0.18499322,-0.19258095,-0.068238735,-0.24938408,-0.05722156,-0.22346795,-0.11422236,-0.35515526,0.00555937,-0.2236673,-0.11461814,-0.15184039,-0.20003165,-0.03611762,-0.32238042,193,2.0
-0.09547487,0.24935411,0.18451872,-0.11769451,0.44237095,0.2493667,-0.054167256,-0.17325446,-0.16935739,-0.013949938,-0.2894474,-0.22226053,0.027214248,-0.24731943,0.047857217,0.14108951,-0.088111125,-0.1513448,0.10879239,0.10036191,0.12005362,0.0024515658,-0.14862704,-0.08925153,-0.008296195,-0.007812738,0.09995816,0.0394703,-0.22872305,0.14017922,0.05054266,0.0069993846,193,1.0
-0.03681369,-0.012698395,-0.03791995,-0.049159244,0.5827287,0.08260542,-0.048771054,-0.3137057,0.013225546,-0.28498128,-0.2828743,-0.1629976,0.11183909,-0.0047743656,0.009018201,-0.11929159,-0.07701658,-0.10584613,-0.12707792,-0.08669419,-0.16507834,-9.609846e-05,-0.17204887,-0.11236939,-0.32812595,0.104327686,-0.14847353,-0.12728712,-0.13622177,-0.18793377,0.08620353,-0.3166725,193,3.0
-0.23133762,-0.042641945,-0.16810283,-0.11096047,0.8043715,-0.04712814,0.1445577,0.043476827,-0.0943569,-0.25911394,-0.20679504,-0.11622545,-0.018921759,-0.15203796,-0.08095277,-0.07988784,0.019037724,-0.28795475,-0.1908004,-0.09338438,-0.34354737,-0.10096984,-0.29896343,-0.22083697,-0.36712533,-0.07061625,-0.28204936,-0.1278746,-0.19587487,-0.20763306,-0.15005873,-0.25122198,193,1.0
-0.13879523,0.18635195,0.17261298,-0.07840055,0.36195388,0.19491757,-0.06093572,-0.11658812,-0.09921788,0.05806098,-0.24357396,-0.2505556,-0.01920965,-0.22200224,-0.014066033,0.02269705,-0.09820174,-0.083782904,0.0039315,0.064545006,0.0034628361,-0.039322138,-0.15564312,0.020353485,0.00419192,-0.034209035,0.14458737,0.08163879,-0.173749,0.19864216,-0.0064882897,0.0525508,193,2.0
-0.1670565,-0.00934829,-0.13369004,-0.13295679,0.689946,-0.008024385,0.02368877,-0.10787086,0.0006803684,-0.24777919,-0.21480611,-0.06837489,0.015156137,-0.07030248,-0.050275773,-0.08910902,-0.017625041,-0.21934368,-0.19453613,-0.06597184,-0.25532532,-0.04809465,-0.20925233,-0.113818556,-0.40049145,-0.011840746,-0.22373044,-0.13681224,-0.19132102,-0.15960322,-0.0615307,-0.35335097,193,1.0
-0.17769635,0.13050525,0.08583489,0.0007205289,1.0030528,0.19892384,0.15961882,-0.22183979,0.01677969,0.34423736,-0.2059286,0.08060136,-0.22450258,-0.08031931,0.1499424,0.14173628,-0.13289814,0.024217088,-0.052611567,-0.25457776,0.020430025,-0.12354796,-0.22906092,-0.05775219,-0.16649811,-0.23091963,-0.020356722,0.047966994,-0.13282487,-0.15535359,-0.30921173,-0.016488625,193,4.0
-0.086039886,0.23391119,0.22461176,-0.06001834,0.39366308,0.25870302,-0.02865218,-0.19448315,-0.15738724,-0.0147919655,-0.25424764,-0.25095576,-0.014775474,-0.2199232,0.018595088,0.13541357,-0.08116138,-0.11403437,0.08414114,0.0880035,0.08537947,-0.05873738,-0.1756544,-0.048407186,0.042339545,-0.014330223,0.14673862,0.12401522,-0.22076608,0.2033954,0.030896448,0.021077285,193,4.0
-0.035889298,-0.014035242,-0.009834718,-0.0033206325,0.5402933,0.10744427,-0.07799191,-0.3615949,0.021369176,-0.30300194,-0.32629004,-0.21925554,0.12322631,-0.016081937,0.013818342,-0.117797464,-0.09688437,-0.058208846,-0.08367552,-0.09491146,-0.12711461,0.04361572,-0.16272528,-0.12397382,-0.27921882,0.13875686,-0.11871797,-0.12909792,-0.13023156,-0.17480518,0.10182537,-0.26793545,193,2.0
-0.119408354,0.2698668,0.19491422,-0.0718446,0.44190496,0.20450513,0.0031297281,-0.07871129,-0.11108529,0.046764225,-0.2377342,-0.22656941,-0.052342534,-0.25140902,0.058686033,0.11269674,-0.082207404,-0.1251509,0.0089131445,0.09440976,0.020131957,-0.11021491,-0.18414079,-0.021862905,-0.047497388,0.037632883,0.13133281,0.05640287,-0.16281705,0.19308975,0.0024781823,0.02390161,193,4.0
-0.19368264,0.11797538,0.030813415,0.09604846,1.0349369,0.15213358,0.027325004,0.10028433,-0.08309105,0.16017658,-0.052977346,0.018339224,-0.23446688,-0.17997545,0.044018008,0.077971265,-0.042699754,-0.09908061,-0.1437412,-0.18788314,-0.032380834,-0.21042183,-0.22020485,-0.15551771,-0.21095333,-0.20447493,-0.144602,0.024069285,-0.28190213,-0.25847727,-0.2325746,-0.093131274,193,3.0
-0.14453581,0.21953572,0.15718803,-0.10505888,0.42059854,0.18419455,-0.04213085,-0.07157051,-0.08542906,0.07429991,-0.25289237,-0.22814223,-0.01939113,-0.24143079,0.022708219,0.03793045,-0.080806434,-0.12504715,0.0016888455,0.0875304,-0.008213013,-0.0823695,-0.13702896,0.0008383505,-0.052138127,-0.009708479,0.11125883,0.023632145,-0.15458673,0.16884586,-0.013914049,0.034981497,193,4.0
-0.13677445,0.1500062,0.09649913,0.04862887,1.0924189,0.17289066,0.09051812,-0.15743473,-0.05851344,0.29398203,-0.20706975,0.07947942,-0.2721643,-0.09115531,0.13746618,0.15143077,-0.12508991,0.00815141,-0.11221043,-0.24785143,0.024239086,-0.15826085,-0.26384455,-0.009977736,-0.13503563,-0.25415745,-0.116990834,0.013981914,-0.25294587,-0.23720282,-0.2842772,0.047729075,193,4.0
-0.23778649,-0.008542901,-0.15939806,-0.07759924,0.7714328,-0.06726793,0.074083045,0.06117048,-0.18245205,-0.1394316,-0.14504524,-0.13122559,-0.04473608,-0.19128294,-0.07872356,-0.09575792,-0.022899285,-0.18637136,-0.1797289,-0.08697358,-0.27231213,-0.09190956,-0.2935527,-0.15890492,-0.25612915,-0.1080843,-0.2678697,-0.13008831,-0.2342431,-0.15206712,-0.123029485,-0.17845014,193,3.0
-0.048212472,0.2212384,0.20726916,-0.09297077,0.43035024,0.2993918,-0.08789095,-0.23226729,-0.23617949,-0.07408861,-0.36204234,-0.19192585,0.075281605,-0.21781753,0.051621918,0.19479685,-0.14934087,-0.14476825,0.1430476,0.06317284,0.25154114,0.06163538,-0.13319759,-0.1583953,0.013313863,-0.041178584,0.070353724,0.012264283,-0.26576322,0.07877675,0.03871452,-0.021176297,193,3.0
-0.18429522,0.13262393,0.08720696,0.12271088,1.1182905,0.18279034,0.09543304,-0.015501656,-0.014142377,0.29999143,-0.15307708,0.112232335,-0.28951964,-0.17998649,0.14238039,0.15474558,-0.109860435,-0.025931444,-0.17076209,-0.21255332,0.0416146,-0.18562146,-0.24173921,-0.15523906,-0.2626369,-0.1973086,-0.1076601,0.064240895,-0.25392178,-0.24986145,-0.3019097,-0.07337784,193,2.0
-0.1924945,0.007868048,-0.1621473,-0.09147221,0.6716042,0.012185546,0.057154372,-0.1195343,0.018324027,-0.24423742,-0.23878911,-0.13347945,0.045168906,-0.1047583,-0.028282396,-0.1037752,-0.031049367,-0.17849211,-0.18766871,-0.06572918,-0.23546815,-0.037485637,-0.18480286,-0.09432612,-0.37510517,0.012646016,-0.19603616,-0.1343565,-0.17487004,-0.20833373,-0.03628403,-0.3494592,193,3.0
-0.07744909,0.25383565,0.19593515,-0.10418092,0.41995272,0.2512892,-0.025111765,-0.18086982,-0.22671019,-0.047816694,-0.3397682,-0.20669067,0.037056476,-0.23588298,0.04826178,0.204151,-0.13478535,-0.15783174,0.11790218,0.10159457,0.1964036,0.016725939,-0.15507163,-0.13419223,-0.0074234307,0.0039930046,0.08274541,0.010510566,-0.25448105,0.11751497,0.037528362,-0.022039603,193,1.0
-0.2351397,0.07591918,-0.05179946,0.0653875,0.9434067,0.13299397,0.029187813,0.14325023,-0.12941885,0.060349226,-0.04749205,-0.06316081,-0.21764916,-0.23088837,0.015984643,0.03668166,0.022303373,-0.107607625,-0.13014983,-0.14789602,-0.055610046,-0.22166425,-0.24266438,-0.11143467,-0.1477611,-0.23133618,-0.20264193,0.02842514,-0.27895296,-0.20919983,-0.21026178,-0.04479661,193,4.0
-0.06627701,-0.00017928891,-0.081386976,-0.06300449,0.6354175,0.1419882,-0.06844856,-0.23450628,0.04961904,-0.20802292,-0.16864762,-0.08235619,0.13347453,-0.08719792,0.041469753,-0.12195693,-0.1001186,-0.14174469,-0.11193093,-0.04485987,-0.18212818,0.015235642,-0.12901473,-0.16545315,-0.3636764,0.039846804,-0.12724583,-0.09375538,-0.1671327,-0.11764742,0.04223699,-0.33366907,193,3.0
-0.14652026,0.19337577,0.16752861,-0.019479541,0.4535257,0.15530492,-0.000781171,0.0381724,-0.048932746,0.19992465,-0.24130428,-0.1940931,-0.07082409,-0.22005196,0.010765351,-0.014496583,-0.10586201,-0.09115903,-0.116164714,0.065140754,-0.08226073,-0.12932381,-0.23389228,0.11842005,-0.077735014,0.03355698,0.0937512,-0.058763117,-0.06064271,0.16171555,-0.13173726,0.0622262,193,2.0
-0.08898611,0.00048395805,-0.10496188,-0.109355316,0.6839083,0.091900915,-0.02081488,-0.19833839,0.033201434,-0.23131058,-0.20645759,-0.07786006,0.0989482,-0.043438464,0.0124334395,-0.12706609,-0.05789521,-0.20360947,-0.16341287,-0.06835743,-0.24065602,-0.0280709,-0.18017717,-0.15725693,-0.3971986,0.026690695,-0.19302955,-0.08419223,-0.15371588,-0.14694679,0.02076187,-0.3367226,193,2.0
-0.25472367,0.047556818,-0.09795311,0.026976638,0.9084866,0.056188174,0.05011721,0.19564408,-0.1715214,-0.01262746,-0.012467444,-0.09451544,-0.14286049,-0.23734629,-0.00092065334,-0.041063547,0.02563408,-0.16879554,-0.15108341,-0.13164672,-0.14563589,-0.22020045,-0.24398538,-0.17088982,-0.21529895,-0.20122486,-0.24726489,0.015826425,-0.21525033,-0.23031828,-0.19934875,-0.12481903,193,4.0
-0.15758003,0.16019563,0.08694041,0.15332347,1.1276772,0.20509017,0.08309896,-0.06862088,0.0068694297,0.35049734,-0.19401528,0.15778515,-0.21284944,-0.17802663,0.20131251,0.13351221,-0.15685678,-0.029236596,-0.17179832,-0.1955795,0.041664273,-0.15045886,-0.2559886,-0.2167822,-0.3156212,-0.13740835,-0.07155689,0.0678859,-0.19884661,-0.24699718,-0.3915878,-0.118007615,193,1.0
-0.020837419,-0.0069379862,-0.04072392,-0.01983388,0.63134485,0.18608052,-0.10263164,-0.26058596,0.03411895,-0.21049625,-0.12825574,-0.084325306,0.16151309,-0.09250474,0.07765226,-0.10738928,-0.10448979,-0.10089603,-0.080399096,-0.024591554,-0.13580388,0.034205146,-0.109543614,-0.20802929,-0.34733987,0.043762255,-0.10035856,-0.084443375,-0.17419137,-0.083432645,0.0635362,-0.30851755,193,1.0
-0.05152604,-0.008400457,-0.07226067,-0.056935087,0.6692486,0.15355836,-0.07849242,-0.25067574,0.056912772,-0.22290003,-0.17304935,-0.080604106,0.13953543,-0.05766459,0.044443376,-0.13201733,-0.095551014,-0.15709238,-0.112244025,-0.058566824,-0.18551093,-0.011644521,-0.14585495,-0.17836122,-0.3662032,0.025074799,-0.15379132,-0.07575668,-0.14941514,-0.106313854,0.057544585,-0.31864563,193,1.0
-0.14221263,0.11802224,-0.012316417,-0.058254097,0.5127789,0.10318127,0.07814768,0.13960615,-0.030984724,0.16506472,-0.25839728,-0.095021464,-0.016142871,-0.21265605,0.012388099,-0.08072522,-0.030469809,-0.13181306,-0.17073056,0.044668324,-0.17558673,-0.06738449,-0.16601609,0.07689621,-0.20626587,0.054863658,-0.02611995,-0.17574364,-0.043062042,0.016277697,-0.07789916,0.0029915087,193,2.0
-0.006549744,0.1525373,0.2340653,-0.024164084,0.3918348,0.35285276,-0.11583902,-0.29001153,-0.15924397,-0.08262316,-0.3227616,-0.22066432,0.09924278,-0.20141676,0.028638624,0.1131946,-0.11131112,-0.09504872,0.14760569,0.023146065,0.1783773,-0.0025476892,-0.11116211,-0.097332224,0.094667405,-0.11205543,0.12186227,0.12155298,-0.25413173,0.16591671,0.030195167,0.025255272,193,1.0
-0.19566068,-0.0017996673,-0.16956979,-0.12819956,0.71850383,0.011958394,0.07612263,-0.076940715,0.001681067,-0.24376816,-0.21165869,-0.10312979,0.03990432,-0.10362046,-0.033476286,-0.10188656,-0.015550654,-0.23145534,-0.19627859,-0.06240391,-0.27831408,-0.045444395,-0.21308154,-0.1385373,-0.40318936,0.00042080134,-0.22572878,-0.115490355,-0.16678825,-0.19238394,-0.07120332,-0.33140972,193,4.0
-0.1634003,0.14550221,0.06079598,0.11429149,1.0518053,0.15710554,0.08133605,-0.08805229,-0.015835239,0.32511723,-0.17675158,0.13249615,-0.22029157,-0.17416753,0.21928695,0.16420817,-0.1560455,-0.015934348,-0.15018801,-0.22048166,0.08159328,-0.12436485,-0.2501974,-0.1458144,-0.26506385,-0.19531634,-0.07877925,0.049261272,-0.22940764,-0.23923293,-0.33536494,-0.05107423,193,3.0
-0.08411432,0.23283173,0.21365872,-0.08686338,0.40882838,0.2621559,-0.03348833,-0.19536841,-0.17924659,-0.024557903,-0.29070595,-0.25109714,0.015667096,-0.22905397,0.017093614,0.14594229,-0.09249306,-0.14484148,0.1087104,0.10180802,0.112241596,-0.03501544,-0.1671423,-0.07562506,0.028988529,-0.015338667,0.11609893,0.080778,-0.23026961,0.17898962,0.041942704,0.008428022,193,3.0
-0.21238676,0.027516026,-0.073865175,-0.06255226,0.73261666,0.012224466,0.057452172,-0.015632235,-0.15845947,-0.14966768,-0.19924691,-0.16066891,0.033591814,-0.11524163,-0.045478433,-0.07570243,-0.046032235,-0.16954249,-0.1605716,-0.068572804,-0.1984083,-0.07711876,-0.2884945,-0.15275958,-0.23657776,-0.06405904,-0.22792295,-0.0841489,-0.12783791,-0.16238919,-0.06513561,-0.22259654,193,3.0
-0.15198597,0.1349383,0.08433069,0.08260585,1.0551202,0.17908879,0.034873784,-0.10881891,-0.04299201,0.24961543,-0.1544658,0.08022153,-0.3178631,-0.058103796,0.123820476,0.15091142,-0.090526104,0.014796681,-0.14833331,-0.2515454,0.09051226,-0.19495939,-0.24400406,-0.013561159,-0.11357334,-0.2549395,-0.09872754,0.0050363485,-0.29040864,-0.25701174,-0.2623192,0.085000925,193,2.0
-0.051897734,0.1555749,0.26106185,-0.047936127,0.5821313,-0.15682322,-0.3303228,-0.50963116,0.026738739,-0.33117652,-0.4882517,-0.5289632,0.03458913,0.117086,0.10930303,0.017233185,-0.031431742,-0.11653918,-0.15272753,-0.17516193,-0.10018715,0.028189959,-0.15450771,-0.13880754,-0.0075366274,-0.0527251,-0.3363241,-0.044755116,0.21560088,-0.16638303,0.3412382,-0.071156956,193,4.0
-0.18301761,0.13146965,0.08057773,0.028875403,1.0035722,0.20072694,0.14538395,-0.22090092,0.029445162,0.36070088,-0.21627432,0.106103696,-0.20779249,-0.11451591,0.16916248,0.14328264,-0.14843789,0.01942007,-0.06942402,-0.25743052,0.03160444,-0.12513484,-0.2244738,-0.09993991,-0.19990095,-0.22577319,-0.01562969,0.06851637,-0.1199924,-0.14271644,-0.3406818,-0.04827331,193,1.0
-0.18950483,0.10942236,0.06250858,0.0886423,1.0602139,0.21614133,0.08490591,0.0032583028,-0.04562894,0.2496531,-0.14017776,0.06466814,-0.33767697,-0.15736946,0.08147664,0.13756423,-0.030475128,-0.020356234,-0.16048357,-0.21594241,0.0736802,-0.22151573,-0.24815883,-0.075588584,-0.14986636,-0.23707667,-0.10584208,0.02955261,-0.30379683,-0.22835085,-0.2388298,0.015379349,193,4.0
-0.025582412,0.21035078,0.20378351,-0.096214205,0.39388537,0.29643017,-0.07552866,-0.21590087,-0.27268764,-0.08171732,-0.3950443,-0.20757008,0.06755249,-0.20837983,0.035420954,0.19862314,-0.1725764,-0.16609065,0.14598301,0.07746442,0.25654015,0.04849405,-0.12089832,-0.16122292,0.009334359,-0.04867863,0.03843619,0.0068375114,-0.26973855,0.06970315,0.030285623,-0.029668357,193,2.0
-0.04764072,0.2771746,0.12889448,-0.13044994,0.445634,0.24420358,-0.0394874,-0.086332805,-0.27328905,-0.045141883,-0.43004933,-0.109226644,0.07788055,-0.22664025,0.111744,0.2596879,-0.19576037,-0.16668381,0.08122992,0.10242717,0.32887992,0.11615413,-0.10872729,-0.19080582,-0.10580215,0.0329139,-0.03795916,-0.12092618,-0.28403705,-0.0266887,0.018530088,-0.0357399,193,4.0
-0.034887366,0.22752249,0.21350056,-0.07854861,0.41759855,0.29246604,-0.07231545,-0.2228908,-0.27298543,-0.080116875,-0.3968595,-0.18949792,0.086563185,-0.20230737,0.044471797,0.22939028,-0.17936835,-0.15466474,0.15309343,0.07711983,0.28932905,0.069538824,-0.16068557,-0.17135987,0.008585248,-0.02838599,0.038616493,-0.030197166,-0.2773984,0.051882625,0.02018381,-0.030793235,193,3.0
-0.11127729,0.084100075,0.10269599,0.011381656,0.7030292,-0.016299248,-0.098929346,-0.33041695,-0.049437933,-0.18751016,-0.35750142,-0.27394146,0.14529014,0.09504652,0.022605684,-0.05281131,-0.1621261,-0.12547663,-0.106786266,-0.1090113,-0.08726965,-0.022556668,-0.28605,-0.14747104,-0.13364536,0.014227606,-0.19295883,-0.08704192,-0.010317895,-0.1222224,0.08211067,-0.25194734,193,3.0
-0.11942939,0.023951225,-0.092510425,-0.09764588,0.721341,0.055110857,0.020774283,-0.1791019,-0.0036638323,-0.26262254,-0.25356814,-0.12167345,0.079486676,-0.01301631,-0.014281586,-0.12760988,-0.04833837,-0.22590028,-0.19137707,-0.099527374,-0.270076,-0.07373976,-0.23650365,-0.16759932,-0.3653242,0.017886415,-0.23669803,-0.07054108,-0.11754104,-0.1733673,0.008854751,-0.31006086,193,1.0
-0.04581608,0.24044535,0.20113131,-0.09960076,0.4261434,0.27862757,-0.055060346,-0.20277137,-0.24667305,-0.06041555,-0.3670271,-0.20420313,0.06324447,-0.21835352,0.04737134,0.21102877,-0.14271994,-0.17648979,0.1505307,0.104492515,0.22719145,0.047650687,-0.15427016,-0.14255303,-0.00087718666,-0.00905782,0.045415364,-0.007547142,-0.26391125,0.081071846,0.04007098,-0.023643948,193,3.0
-0.19116037,0.0042305123,-0.14527395,-0.10294509,0.7291517,0.03501357,0.07984017,-0.079898804,-0.0051572584,-0.25053045,-0.23214722,-0.11926234,0.0499022,-0.090481065,-0.02502817,-0.110267274,-0.019185908,-0.23075639,-0.19260691,-0.07223335,-0.28903458,-0.07039053,-0.23333715,-0.15394454,-0.3802454,-0.0054990053,-0.2444165,-0.091141514,-0.1296666,-0.17451355,-0.048603557,-0.302067,193,1.0
-0.082935646,0.03199108,-0.03491199,-0.058904737,0.6969419,0.056079935,-0.019582056,-0.2654014,0.016254598,-0.27710006,-0.28095642,-0.16773677,0.09994177,0.02836983,-0.002403278,-0.124926105,-0.07924705,-0.18256646,-0.15550101,-0.11582669,-0.2149047,-0.06514361,-0.24907295,-0.16151372,-0.31493825,0.053617556,-0.23007503,-0.07907265,-0.09454044,-0.16864367,0.059502788,-0.30139512,193,1.0
-0.19190061,0.006955093,-0.16562666,-0.11799471,0.6845409,0.01589264,0.053619757,-0.1128882,0.009419819,-0.23376724,-0.21657982,-0.10988124,0.052838836,-0.10562663,-0.023411416,-0.09932884,-0.03012339,-0.20068558,-0.18321836,-0.052912295,-0.24593458,-0.0248423,-0.19344206,-0.11251606,-0.39301068,0.013081092,-0.20192939,-0.11893911,-0.17671753,-0.19645971,-0.049326807,-0.34554127,193,3.0
-0.16636424,0.14207928,0.089093685,0.11655712,1.0515983,0.11759884,0.0658818,-0.07955357,-0.026013158,0.3089687,-0.1923495,0.12397946,-0.20795316,-0.13885792,0.20969495,0.17533366,-0.21478593,-0.024696384,-0.1397121,-0.23234925,0.06303158,-0.12784608,-0.24674717,-0.12755236,-0.23891354,-0.21558586,-0.07816377,0.040289655,-0.23111866,-0.24211505,-0.33377486,-0.08221369,193,4.0
-0.20666412,0.14594936,0.068396956,0.08638854,1.1196251,0.2211988,0.10351576,0.050812818,-0.03930316,0.27684864,-0.16202639,0.06041982,-0.272342,-0.2181232,0.07204383,0.098786905,-0.04868215,-0.03060883,-0.18572193,-0.16922411,0.006613925,-0.1836658,-0.261694,-0.13994522,-0.23606911,-0.18442819,-0.13835517,0.044866607,-0.25610173,-0.22668116,-0.2740004,-0.07687511,193,3.0
-0.13869,0.21104799,0.18489383,-0.038857184,0.389983,0.17794718,-0.009894785,-0.06527286,-0.09400338,0.10505542,-0.23690692,-0.23478246,-0.0696003,-0.21347067,0.014990766,0.03878916,-0.1078776,-0.07788009,-0.030148976,0.07940285,-0.026223376,-0.10798804,-0.19816773,0.055882193,-0.023063283,0.019725174,0.14620736,0.041320734,-0.12975954,0.1942709,-0.04507439,0.05081927,193,4.0
-0.03251756,0.23025392,0.20340633,-0.08941311,0.4564551,0.31407243,-0.10742133,-0.23389027,-0.24449874,-0.083549134,-0.38671455,-0.16806436,0.09473126,-0.20647,0.07294505,0.21970765,-0.16005456,-0.15083203,0.15139928,0.058092143,0.29240042,0.09451123,-0.13684228,-0.17409386,-0.005246818,-0.029636525,0.03620947,-0.030685607,-0.27069387,0.027151912,0.03421682,-0.029151708,193,1.0
-0.16521654,0.011200158,-0.14011486,-0.106322914,0.6834979,-0.006648479,0.06362338,-0.11429347,-0.010911817,-0.25188982,-0.25097507,-0.14553297,0.032516498,-0.08498596,-0.046081573,-0.10444001,-0.019363854,-0.19084872,-0.20660952,-0.06872184,-0.25577354,-0.053338524,-0.22100541,-0.09989457,-0.3727723,0.020223591,-0.21077162,-0.14058003,-0.16809513,-0.20191665,-0.039012827,-0.3384288,193,4.0
-0.22281994,-0.015328253,-0.17640321,-0.10760675,0.7383569,0.009711497,0.12395443,-0.036250263,-0.023025874,-0.24009189,-0.20909452,-0.13040327,0.043765947,-0.12876686,-0.032063015,-0.1175601,0.003746882,-0.2403809,-0.19748697,-0.066749044,-0.30734175,-0.0717343,-0.24046396,-0.17284793,-0.3880332,-0.017536908,-0.25917277,-0.089137375,-0.12674935,-0.1853075,-0.074790746,-0.27612752,193,2.0
-0.114991784,0.22110489,0.21238333,0.011769664,0.35741708,0.19136715,-0.001953356,-0.09347329,-0.103321314,0.12629491,-0.22088549,-0.259033,-0.10962202,-0.18404919,0.0024666935,0.04484003,-0.11081248,-0.031739146,-0.043731935,0.06821808,-0.0166144,-0.10834628,-0.23550649,0.10775538,0.024004947,0.034574118,0.16983539,0.072480425,-0.13900656,0.20245776,-0.06903945,0.06557699,193,3.0
-0.12835369,0.0009886995,-0.14796591,-0.10578668,0.7147574,0.09426958,0.030318275,-0.14924318,0.04897929,-0.21437073,-0.19983259,-0.09267475,0.09994915,-0.080557056,0.014991533,-0.13437477,-0.0463957,-0.21992421,-0.17609686,-0.072253905,-0.26522818,-0.03534438,-0.18498336,-0.16958784,-0.3965614,0.014869522,-0.20729837,-0.09658294,-0.14993702,-0.14905322,-0.0055622905,-0.3072151,193,4.0
-0.17158,0.1525915,0.10172409,-0.031202052,0.48678368,0.12251021,0.026705131,0.09897449,-0.03584892,0.2141397,-0.25321782,-0.14697388,-0.029236209,-0.2321101,-0.0069217347,-0.045836188,-0.08521176,-0.11114259,-0.1468343,0.057177305,-0.117812485,-0.11725216,-0.20279025,0.10768385,-0.12935996,0.013678607,0.039356634,-0.12563765,-0.043903086,0.110742725,-0.14738753,0.033256866,193,3.0
-0.26605523,-0.011133818,-0.17540549,-0.06130481,0.7607136,-0.044681713,0.1184234,0.06209346,-0.122106306,-0.15635982,-0.124760315,-0.14138094,-0.026489418,-0.21388817,-0.06435373,-0.12321241,0.004066482,-0.1847136,-0.20218772,-0.07368882,-0.27079737,-0.100528575,-0.24981026,-0.13956775,-0.31140628,-0.06532387,-0.26601002,-0.0956996,-0.17686075,-0.18673159,-0.11675307,-0.23263556,193,2.0
-0.20538662,0.14193271,0.06574796,0.11444081,1.1274533,0.20313373,0.11213958,0.019845888,-0.017563216,0.28891322,-0.14901598,0.10988728,-0.2873977,-0.21019046,0.12025099,0.13489886,-0.07868373,-0.016010083,-0.19317047,-0.18973294,0.03258398,-0.19068025,-0.23703076,-0.18146944,-0.2764091,-0.17583612,-0.104895934,0.07480554,-0.24245588,-0.2489931,-0.3055448,-0.09065275,193,4.0
-0.18265222,0.13709287,0.0793315,0.119015634,1.1064675,0.17949136,0.11189945,-0.06081202,0.006822156,0.33412266,-0.18231949,0.13402641,-0.2750672,-0.1786559,0.17514977,0.1696663,-0.13741662,-0.008016597,-0.16707468,-0.20941782,0.06518783,-0.1571542,-0.2429089,-0.16473575,-0.2805701,-0.18794784,-0.0878706,0.06750559,-0.2372966,-0.2380864,-0.3296858,-0.07088949,193,1.0
-0.16066432,0.16264273,0.03883111,0.08983189,0.9758893,0.1769786,0.079380825,-0.1744498,0.026699668,0.38635382,-0.2097544,0.15883493,-0.14607371,-0.17510377,0.21675444,0.12943773,-0.19877318,-0.006379639,-0.11846313,-0.21735731,0.06584135,-0.10271028,-0.20587572,-0.17732973,-0.24561766,-0.17976126,-0.036267623,0.06528551,-0.15737972,-0.14742292,-0.36277026,-0.07402618,193,4.0
-0.06887345,-0.013985353,-0.08707062,-0.08939125,0.655781,0.14148071,-0.06306935,-0.19216576,0.05057393,-0.15926787,-0.08772458,-0.061218213,0.11185261,-0.05713696,0.04878191,-0.13358139,-0.06411324,-0.18556437,-0.117307454,-0.04589256,-0.1942598,0.01663177,-0.13836356,-0.2126166,-0.38900334,0.028907862,-0.1598329,-0.06910682,-0.1805666,-0.09597144,0.024437968,-0.3124104,193,1.0
-0.2362113,0.002471175,-0.13802382,-0.067052975,0.72996134,-0.0010781381,0.087214455,-0.060792614,-0.078067265,-0.18591276,-0.19594142,-0.17446561,0.037620455,-0.120969385,-0.05993499,-0.0957136,-0.03359354,-0.15460448,-0.18769202,-0.07844998,-0.20841128,-0.06663647,-0.25108287,-0.12794973,-0.30006817,-0.038832158,-0.24396607,-0.09527114,-0.14212762,-0.19982386,-0.07753675,-0.2865209,193,1.0
-0.045666415,0.20232508,0.21135783,-0.09483495,0.398504,0.29074514,-0.07183261,-0.22896782,-0.25056455,-0.078846,-0.36041313,-0.21059832,0.060867667,-0.21294507,0.02340086,0.18397327,-0.15675212,-0.1547315,0.14215913,0.07611598,0.22378032,0.03880044,-0.13576728,-0.15650763,0.02393232,-0.05004389,0.06854162,0.032932453,-0.26539898,0.10218576,0.03331574,-0.014792233,193,3.0
-0.20422716,0.17237495,0.060035232,-0.035832148,0.56077635,0.12900773,0.049443334,0.16499567,-0.004498966,0.2162669,-0.262446,-0.12932703,-0.022160653,-0.25790796,-0.0041547976,-0.06914052,-0.03949633,-0.14551434,-0.18337625,0.020693477,-0.15617386,-0.15420997,-0.2039037,0.08257172,-0.16113691,-0.011383183,0.00086914375,-0.16060422,-0.030774694,0.04270647,-0.1770738,0.010588566,193,2.0
-0.086402066,-0.004015332,-0.10031457,-0.08776091,0.6344866,0.10690376,-0.039901145,-0.23539776,0.030403683,-0.21850461,-0.20950401,-0.097221814,0.11647234,-0.06095402,0.019365715,-0.13033807,-0.086931884,-0.16353981,-0.13596374,-0.059662342,-0.21127051,0.01014737,-0.15802583,-0.15553693,-0.3712535,0.053391732,-0.15519322,-0.08623237,-0.16126403,-0.13892816,0.04255606,-0.32903737,193,1.0
-0.01733781,0.04441352,0.018420722,-0.038125824,0.69435215,0.056356404,-0.07752712,-0.340298,0.01818378,-0.308106,-0.2834457,-0.17380187,0.105257496,0.072877064,0.005386602,-0.12890556,-0.09939928,-0.16905375,-0.13737068,-0.14261568,-0.18650404,-0.07714303,-0.26078367,-0.18612218,-0.2878054,0.059673388,-0.23274091,-0.068319544,-0.07472532,-0.17245518,0.10118972,-0.29699907,193,4.0
-0.25740987,-0.010235215,-0.1644448,-0.03216127,0.7853128,-0.039809756,0.061859548,0.12356397,-0.16496265,-0.0807927,-0.061900333,-0.121130675,-0.07581767,-0.22825822,-0.023332544,-0.10033931,0.016145945,-0.17568913,-0.1655125,-0.08675739,-0.24079475,-0.13133329,-0.25982335,-0.13297987,-0.24122828,-0.14042929,-0.28509352,-0.084109455,-0.22771487,-0.15152165,-0.13681233,-0.12523569,193,2.0
-0.16537371,0.17742024,0.072668105,0.020988625,0.95471674,0.10142336,0.09554435,-0.19913164,-0.07680507,0.29532623,-0.21830717,0.06895008,-0.22182007,-0.12544024,0.17146996,0.19456577,-0.16486081,0.07103029,-0.09755771,-0.27628848,0.08538137,-0.105928645,-0.24607095,-0.008819424,-0.113306046,-0.2814698,-0.08514984,0.049490675,-0.24199413,-0.2085562,-0.3178903,0.06533599,193,1.0
-0.15283257,0.14548829,0.107199386,0.059970234,1.0847362,0.15544465,0.06991868,-0.14075781,-0.056620516,0.28675935,-0.19590393,0.08096071,-0.26903778,-0.08481269,0.14823994,0.15422244,-0.14877108,-0.001317543,-0.12169368,-0.26565593,0.040127546,-0.16598858,-0.26993474,-0.028874733,-0.14444242,-0.2684651,-0.1249025,0.030978715,-0.25240204,-0.24267697,-0.28332788,0.037126243,193,3.0
-0.21953683,0.0065665096,-0.13232984,-0.08036943,0.7240427,0.014719736,0.10409059,-0.051589563,-0.046426892,-0.23727405,-0.22960839,-0.1596146,0.040921826,-0.11753445,-0.034379594,-0.10454962,-0.011455227,-0.20918512,-0.18968676,-0.06473186,-0.2749546,-0.08069601,-0.25092945,-0.16168953,-0.34079644,-0.019447923,-0.24803731,-0.08276651,-0.12141215,-0.17968825,-0.050326243,-0.2644819,193,3.0
-0.14274183,0.15315062,0.110957354,0.15984878,1.1268146,0.16366996,0.03361068,-0.000479348,-0.021752313,0.3089159,-0.14327785,0.14313042,-0.20578504,-0.1434157,0.17247534,0.119523525,-0.17022683,-0.060032725,-0.16687474,-0.18367001,-0.0072264224,-0.16337134,-0.22678155,-0.2146328,-0.29412264,-0.1304357,-0.070707254,0.033706047,-0.20269041,-0.2770819,-0.3512531,-0.16498719,193,4.0
-0.16901867,0.056047,-0.0114049055,-0.043847807,0.756612,0.029381895,0.002685681,-0.07758815,-0.14786156,-0.09666062,-0.2330654,-0.13534029,0.035763063,-0.05938952,-0.03248471,-0.05090628,-0.08638619,-0.13952507,-0.15475029,-0.09087443,-0.13319989,-0.074326195,-0.28836727,-0.13839932,-0.2031378,-0.07621571,-0.2070573,-0.09024612,-0.13556133,-0.16661799,-0.0550391,-0.24773194,193,3.0
0.009096604,0.1223532,0.25530735,0.01485819,0.37996063,0.34706563,-0.121153936,-0.32652134,-0.20192018,-0.10998646,-0.35976478,-0.22654894,0.123019524,-0.18486927,0.0040620677,0.13951759,-0.15406737,-0.09558429,0.18048152,0.022098847,0.22729677,-0.009194261,-0.13038655,-0.14001612,0.10256696,-0.123836,0.10871456,0.09131838,-0.26619813,0.1455349,-0.013945535,0.0135549065,193,1.0
-0.23433769,0.08707654,-0.03239587,0.071218625,0.9647973,0.13721496,0.045726754,0.16067159,-0.12697877,0.08637579,-0.04381203,-0.042527225,-0.23391277,-0.22446203,0.02250842,0.03843239,0.013528936,-0.11035913,-0.13459332,-0.1625925,-0.051168904,-0.23242027,-0.23433958,-0.12800921,-0.15967196,-0.22604579,-0.1918559,0.036012314,-0.2682715,-0.22173454,-0.20569773,-0.062659025,193,2.0
-0.24571587,-0.021782791,-0.17007507,-0.0649437,0.76535136,-0.058794864,0.11010277,0.06702598,-0.11722028,-0.13652584,-0.11228612,-0.119668104,-0.04714963,-0.20992208,-0.056890614,-0.12732555,0.005904615,-0.2017393,-0.19347212,-0.07788811,-0.29266903,-0.10192289,-0.25408602,-0.1524809,-0.30370784,-0.06857843,-0.27220386,-0.111196466,-0.19966751,-0.16744746,-0.110504895,-0.20593332,193,1.0
-0.17513901,0.1355366,0.08682519,0.10746314,1.090857,0.17034058,0.078839675,-0.054309405,-0.02614164,0.3061404,-0.16685313,0.11039073,-0.27574348,-0.15972862,0.16928937,0.16009134,-0.13389836,-0.027373057,-0.15968901,-0.23167005,0.058747586,-0.16692431,-0.25551286,-0.12949255,-0.2415471,-0.21677962,-0.10635346,0.05312582,-0.25750932,-0.2500449,-0.29457045,-0.043036908,193,3.0
-0.16016704,0.017235316,-0.119072825,-0.07716624,0.6588645,0.02630377,0.04611063,-0.18161607,0.015789004,-0.25450727,-0.2840684,-0.17722738,0.075886615,-0.055348597,-0.01803457,-0.114876255,-0.047008723,-0.16181344,-0.17512624,-0.07288989,-0.22976297,-0.034624487,-0.21355194,-0.09919001,-0.35338017,0.055069588,-0.20228219,-0.12502034,-0.13968322,-0.20180908,0.0064826496,-0.32617754,193,3.0
-0.22459821,-0.0065563116,-0.17406344,-0.09511861,0.7182307,-0.03334788,0.099963084,-0.036474638,-0.030847207,-0.22460213,-0.20316592,-0.13332294,3.2788143e-05,-0.14134766,-0.056314617,-0.10764449,-0.0048713684,-0.20934258,-0.20648986,-0.068739794,-0.27554724,-0.070625626,-0.22407822,-0.12765771,-0.36135015,-0.019691274,-0.23656583,-0.1267523,-0.17492925,-0.19813974,-0.074773714,-0.30139127,193,2.0
-0.12171357,0.21477892,0.18377464,-0.10344632,0.39521784,0.2236235,-0.040244557,-0.15406647,-0.14240089,0.009801753,-0.2787936,-0.25302964,-0.002184039,-0.23150834,0.008197289,0.08373559,-0.09615833,-0.12426449,0.06447136,0.089587845,0.058081776,-0.051053297,-0.14025292,-0.043833856,0.005452603,-0.030011326,0.12899822,0.07117245,-0.2066857,0.1866131,0.022924867,0.020989565,193,1.0
-0.162409,0.16112715,0.068951726,0.013602518,0.96892864,0.12403778,0.08449447,-0.17597806,-0.062636614,0.28279757,-0.1875311,0.065083764,-0.21290566,-0.08133463,0.18919441,0.16842714,-0.15436499,0.039094556,-0.097859845,-0.27135724,0.07818032,-0.11118337,-0.2522068,-0.0152762085,-0.11480382,-0.2767999,-0.089136064,0.03563434,-0.21881697,-0.2098824,-0.28324717,0.06903556,193,2.0
-0.09254021,0.26895922,0.21476963,-0.071088046,0.42465547,0.2546019,-0.02567852,-0.17824322,-0.15880407,-0.032704733,-0.24863982,-0.20797566,-0.01134466,-0.24094848,0.05783975,0.17279746,-0.08280958,-0.10909065,0.07644462,0.068419024,0.12527826,-0.026999874,-0.15954694,-0.08986753,0.0043101013,0.0074181855,0.153323,0.10844488,-0.22309837,0.17757112,0.04812939,0.00021744706,193,4.0
-0.11198507,0.221963,0.13134894,-0.14991206,0.4220201,0.20941056,-0.028875176,-0.105835766,-0.17870624,0.012901843,-0.32448992,-0.19689064,0.030337509,-0.25178567,0.048773643,0.11098361,-0.11865978,-0.15528409,0.07399931,0.11958925,0.10633512,-0.008964546,-0.09852186,-0.08577934,-0.06010335,-0.01972533,0.07063836,-0.014713809,-0.21234457,0.12034205,0.039668337,0.007531099,193,2.0
-0.18708901,0.13345036,0.07974261,0.071560636,1.0846567,0.16291742,0.12357581,-0.09189312,-0.0047259293,0.32787913,-0.19802433,0.11846975,-0.2840049,-0.12376081,0.15309843,0.17259234,-0.17547223,0.0016795164,-0.14749609,-0.22254804,0.06466528,-0.14308462,-0.24521673,-0.108367056,-0.2234952,-0.21203828,-0.07458476,0.035127908,-0.25303012,-0.23154227,-0.3124314,-0.04863766,193,1.0
-0.21894956,-0.0071887206,-0.115292564,-0.062276557,0.77499676,0.004298264,0.06518248,0.0021963418,-0.1431143,-0.117984466,-0.1370916,-0.1352934,0.01328697,-0.12665819,-0.056653924,-0.08214833,-0.031582054,-0.1677201,-0.17197005,-0.08968669,-0.190655,-0.0840431,-0.272089,-0.15754916,-0.2617799,-0.08548156,-0.24099395,-0.08739565,-0.16243292,-0.19033137,-0.11547625,-0.24137601,193,1.0
-0.060908854,0.22702871,0.2045368,-0.10296662,0.4327629,0.27383757,-0.08153079,-0.22988239,-0.22807288,-0.07081526,-0.35207918,-0.21135929,0.0676793,-0.22374527,0.03689767,0.1886712,-0.13718063,-0.16244136,0.14620727,0.08418525,0.22222352,0.047210395,-0.14565317,-0.15960182,0.009633824,-0.0227658,0.06485907,0.008950913,-0.26691023,0.08946081,0.032676134,-0.017352115,193,1.0
-0.19009566,0.15652446,0.09254448,0.029804166,0.99648756,0.16394451,0.1333083,-0.18655139,0.009337774,0.3534545,-0.22477055,0.10096743,-0.21884342,-0.10693357,0.14996448,0.14328238,-0.20722058,0.0054255603,-0.08453652,-0.2278783,0.019760035,-0.11571405,-0.22270288,-0.08912854,-0.19628984,-0.21211842,-0.05421277,0.045685843,-0.17973793,-0.16562918,-0.32697493,-0.035115264,193,4.0
-0.25253886,0.07366153,-0.0607683,0.057116743,0.95080286,0.11584252,0.07603547,0.18445918,-0.15812281,0.035320334,-0.06841991,-0.07793019,-0.20342056,-0.26535574,-0.006352626,0.030702773,0.030639648,-0.09812348,-0.14613287,-0.14505008,-0.06962806,-0.22461306,-0.2702786,-0.14520991,-0.16778813,-0.21542913,-0.21540096,0.031514235,-0.26635176,-0.21878843,-0.21231766,-0.040830217,193,2.0
-0.060393497,0.18701495,0.19046174,-0.10700531,0.38503948,0.29124743,-0.12061362,-0.20099565,-0.10949659,-0.04430311,-0.25647712,-0.20047519,0.041773014,-0.22525336,0.035196368,0.07282094,-0.066923335,-0.103203066,0.06034241,0.014769786,0.10775493,0.015573768,-0.07200974,-0.07588349,0.03632546,-0.09225727,0.108744,0.14303364,-0.22151607,0.16707332,0.06978231,0.038600318,193,4.0
-0.27428538,0.026205651,-0.14118837,0.007453516,0.8489002,0.03123844,0.033177234,0.18285051,-0.18323329,-0.050095335,-0.025518343,-0.12723556,-0.12255159,-0.24359721,-0.0016482808,-0.05029401,0.028978623,-0.166794,-0.1484565,-0.10776483,-0.14304185,-0.19509488,-0.2552803,-0.13165365,-0.19331133,-0.20884109,-0.26635295,-0.009989984,-0.23083238,-0.20007479,-0.18627046,-0.095413685,193,2.0
-0.20404564,0.122393265,0.0532167,0.10729763,1.0694082,0.18543082,0.07609369,0.07236608,-0.05646938,0.21502021,-0.09792419,0.053333186,-0.28698564,-0.19990554,0.07447733,0.10784452,-0.036984265,-0.05406391,-0.16667473,-0.19644445,0.014977768,-0.22316201,-0.2297015,-0.14270562,-0.21567595,-0.20507914,-0.13322309,0.05392413,-0.27554667,-0.24444595,-0.25115597,-0.06231542,193,3.0
-0.11838771,0.18810375,0.062304925,-0.09790233,0.42089385,0.17686088,-0.05048476,0.031480595,-0.026488736,0.1554038,-0.2619003,-0.17795435,-0.008039709,-0.21116689,0.0359169,-0.053880952,-0.03852924,-0.14247507,-0.09416694,0.05759976,-0.10051711,-0.047996003,-0.1579369,0.12525524,-0.09951018,0.009818099,0.030523568,-0.071576536,-0.08429264,0.065222174,-0.02551283,0.034180157,193,4.0
-0.15572326,0.17867497,0.11625093,-0.04222589,0.4975638,0.15083511,0.007234186,0.088766925,-0.0106811365,0.20460656,-0.24313125,-0.16162825,-0.047601365,-0.23782663,0.029971275,-0.041336395,-0.070021026,-0.13723567,-0.14227223,0.06194954,-0.12410173,-0.14594448,-0.207306,0.106022656,-0.1376905,0.023664482,0.040008947,-0.10075382,-0.033884212,0.11498127,-0.1297751,0.04424648,193,4.0
-0.08307353,0.003171347,-0.024280448,-0.0095535945,0.5662655,0.07759031,-0.045771126,-0.32964224,0.044040486,-0.30225104,-0.34566763,-0.23668271,0.11907663,-0.002567682,0.020814043,-0.11621289,-0.094603635,-0.08488738,-0.08797193,-0.09213672,-0.1618895,0.013648274,-0.18252881,-0.09669845,-0.2939174,0.13840833,-0.15864454,-0.15567787,-0.11648559,-0.19158633,0.10153817,-0.2975733,193,2.0
-0.19572692,-0.0016673077,-0.17032194,-0.116745174,0.702667,0.0068170642,0.0739903,-0.088924095,0.0034775585,-0.24509424,-0.22071165,-0.12115879,0.040712185,-0.10909267,-0.033128247,-0.10273375,-0.013259426,-0.21121776,-0.19636476,-0.061755896,-0.26129106,-0.04221013,-0.20592532,-0.123458564,-0.3925055,0.0029006153,-0.21596268,-0.12109866,-0.17376783,-0.19966081,-0.05778438,-0.33098072,193,1.0
-0.20598863,-0.009052845,-0.106625214,-0.05293601,0.6985792,0.011851716,0.058470413,-0.11592162,-0.06027721,-0.16075471,-0.21070299,-0.19492775,0.057343286,-0.071217045,-0.056516506,-0.08426026,-0.05598139,-0.13547973,-0.16722898,-0.09180465,-0.15059242,-0.052366998,-0.25691593,-0.12392065,-0.2761727,-0.025872953,-0.24024522,-0.11939269,-0.13495629,-0.19132681,-0.05476565,-0.28639752,193,3.0
-0.09197746,0.24810478,0.19724654,-0.09360516,0.42862302,0.26393545,-0.06364393,-0.18560852,-0.14673139,-0.0055244863,-0.26413462,-0.22877407,0.0139813395,-0.23851787,0.047216073,0.11795348,-0.067082055,-0.128537,0.10364611,0.0881538,0.08644277,-0.009158979,-0.15804505,-0.05857065,0.019449558,-0.020028822,0.12947598,0.088888414,-0.22466421,0.15775071,0.052825972,0.01813457,193,4.0
-0.0479737,0.20794941,0.20975712,-0.091726646,0.4391738,0.30990076,-0.10750221,-0.24669966,-0.21231775,-0.079583935,-0.3431437,-0.18663415,0.083362475,-0.21624023,0.047621593,0.17683867,-0.13254014,-0.13489042,0.13930622,0.048714247,0.23714414,0.065782025,-0.123949535,-0.159876,0.019027319,-0.052596517,0.074434556,0.032721877,-0.26037923,0.08695721,0.044892557,-0.007548536,193,4.0
-0.26529714,-0.0370948,-0.17718552,-0.041435093,0.8236384,-0.064201295,0.12021895,0.1629934,-0.17521493,-0.09280499,-0.05666411,-0.12976912,-0.08596263,-0.24563214,-0.031938955,-0.11649207,0.046673417,-0.2075491,-0.1650656,-0.096578196,-0.2822096,-0.16296294,-0.25833964,-0.19220312,-0.26274598,-0.14167824,-0.3052268,-0.07443045,-0.21860494,-0.16807865,-0.13169032,-0.10719697,193,2.0
-0.21628578,-0.006316932,-0.1319657,-0.07213306,0.69944894,-0.0020702556,0.09884167,-0.0888682,-0.06450006,-0.22302267,-0.24083865,-0.2227177,0.06540416,-0.11123369,-0.0521783,-0.101841465,-0.017062612,-0.15890983,-0.17276531,-0.062036216,-0.21531418,-0.03793278,-0.2696587,-0.12964413,-0.31252047,-0.0052782446,-0.24118638,-0.11108403,-0.14246897,-0.20706348,-0.042131245,-0.26364732,193,3.0
-0.2577481,0.033518203,-0.12539256,-0.018296558,0.86770886,0.013971769,0.04344684,0.16900104,-0.22254014,-0.06269369,-0.066625625,-0.1199323,-0.09429508,-0.21924633,-0.055815764,-0.03630365,-0.0021761805,-0.16485366,-0.14991592,-0.119683824,-0.15513279,-0.1670322,-0.28843158,-0.17449096,-0.1971818,-0.19906184,-0.23820099,-0.044275895,-0.24788769,-0.22922213,-0.1914558,-0.119610965,193,2.0
-0.14927438,0.12083796,0.060732972,0.05663752,1.0334622,0.1275877,0.0006126389,0.08441775,-0.12257292,0.11100787,-0.06751222,0.07035156,-0.119771525,-0.09769967,0.052981567,0.009341601,-0.10034506,-0.15280163,-0.1552356,-0.19949183,-0.17176102,-0.19383603,-0.22206146,-0.21904185,-0.2508916,-0.12931529,-0.15376018,-0.0032389648,-0.1604615,-0.25523528,-0.25396615,-0.2280697,193,2.0
-0.19100213,0.09874514,-0.0025137365,-0.01426192,0.8815705,0.0630116,0.028265856,0.102753215,-0.21042037,0.005401831,-0.14848046,-0.023554616,-0.046295673,-0.11214343,-0.0045729578,-0.046582118,-0.08548478,-0.16895768,-0.1562487,-0.12535611,-0.18314388,-0.14987628,-0.2661749,-0.17916006,-0.20187736,-0.11857689,-0.19573653,-0.052473597,-0.14935304,-0.187321,-0.13247125,-0.22870591,193,2.0
-0.11960128,0.16274883,0.16655272,-0.07629752,0.3275311,0.21869732,-0.05532084,-0.15276626,-0.120585844,0.026192233,-0.26426393,-0.2581726,-0.0036186203,-0.21301602,-0.020972155,0.026240122,-0.106695615,-0.07889311,0.026940167,0.06395196,0.021540038,-0.030661909,-0.13895695,0.00873247,0.033830453,-0.055634074,0.14956692,0.10369361,-0.1914792,0.19742218,0.020058028,0.042457446,193,4.0
-0.29238707,0.04089007,-0.11468029,0.04062039,0.79400015,-0.043177493,0.23416586,0.3572526,-0.1322411,0.0027006567,-0.12625378,-0.0809786,-0.11947255,-0.3018273,-0.04577957,-0.124095954,0.06291232,-0.24574588,-0.23084658,-0.082003586,-0.32351023,-0.24766253,-0.26301596,-0.15868334,-0.26714948,-0.12301964,-0.22996572,-0.15690999,-0.08014974,-0.13322143,-0.19654208,-0.07181716,193,4.0
-0.17909743,0.15134172,0.08774479,0.1397782,1.1510371,0.20935048,0.10673034,-0.037926383,0.023482734,0.3433804,-0.17596485,0.14466533,-0.26199463,-0.19474694,0.15776402,0.15083122,-0.1271074,-0.0074351644,-0.1821203,-0.18561032,0.04864388,-0.16553247,-0.24071673,-0.20038319,-0.31391957,-0.15770343,-0.08345866,0.076151446,-0.22377297,-0.24107873,-0.3589229,-0.105891675,193,3.0
-0.18604842,0.042232487,-0.050834075,-0.040512964,0.71337837,0.026382895,0.053567052,-0.04877826,-0.13572921,-0.186901,-0.2162604,-0.1612843,0.053592294,-0.06493281,-0.022232637,-0.09236031,-0.05288293,-0.2146113,-0.18111835,-0.10062071,-0.23108128,-0.13042511,-0.2583962,-0.19355942,-0.24331519,-0.048843965,-0.23696727,-0.0475682,-0.069708675,-0.14597295,-0.021862559,-0.19627136,193,1.0
-0.2804458,0.0075657535,-0.14445181,-0.020161958,0.84855664,-0.012026086,0.095171705,0.20419544,-0.21551411,-0.07809969,-0.029030703,-0.11838771,-0.079551734,-0.2441442,-0.027200237,-0.10251404,0.025741726,-0.2009652,-0.1773164,-0.09793726,-0.21706304,-0.18844922,-0.2608445,-0.18940054,-0.25848654,-0.15410343,-0.27978566,-0.021771548,-0.16648966,-0.21399511,-0.17507814,-0.17568557,193,2.0
-0.16519625,0.1611162,0.083500504,0.0386631,1.0002686,0.11294369,0.099301726,-0.18370171,-0.062889755,0.2951548,-0.21850196,0.0771969,-0.24892384,-0.111213796,0.16214927,0.19445655,-0.1714633,0.05537614,-0.11163213,-0.27325177,0.07669469,-0.12653787,-0.25347245,-0.022287846,-0.13105364,-0.27389532,-0.09160893,0.04587706,-0.24991275,-0.22509642,-0.3203923,0.05349692,193,3.0
-0.23541507,0.08388797,-0.02845376,0.07196908,0.96678543,0.13215399,0.05194834,0.15574536,-0.12290328,0.07950847,-0.049557164,-0.04201409,-0.2253564,-0.22448017,0.00794483,0.03951355,0.0073960796,-0.10606762,-0.13960297,-0.16385257,-0.049803533,-0.22999114,-0.23480059,-0.14036232,-0.1705505,-0.21260759,-0.19030178,0.030933777,-0.26948732,-0.223941,-0.21252163,-0.06777079,193,3.0
-0.2793233,-0.054813303,-0.17122278,-0.049654264,0.8331374,-0.0868299,0.20634066,0.20344973,-0.1816833,-0.16695851,-0.1198844,-0.1373445,-0.072469786,-0.26203677,-0.05461637,-0.12694424,0.05109805,-0.27231088,-0.18070325,-0.08085472,-0.36181223,-0.16843946,-0.311443,-0.2518846,-0.31259987,-0.11031466,-0.313957,-0.112003565,-0.16279395,-0.18313842,-0.14572121,-0.14338093,193,4.0
-0.120921075,0.0066522285,-0.1133315,-0.07151623,0.636946,0.07540923,0.008078471,-0.2206279,0.040108338,-0.2537402,-0.27373707,-0.14257902,0.10487424,-0.053332336,0.009459831,-0.12144397,-0.06600869,-0.15252604,-0.1562784,-0.072458,-0.21185088,-0.017842935,-0.17080781,-0.10757218,-0.36266696,0.06250426,-0.16714844,-0.12620518,-0.15370457,-0.18180828,0.02882355,-0.33646068,193,1.0
-0.27768537,-0.0413367,-0.16289343,-0.07327363,0.79254293,-0.06444766,0.18336795,0.14201516,-0.17081048,-0.1974552,-0.14573008,-0.15207282,-0.034069963,-0.2301133,-0.058256105,-0.11099481,0.028631985,-0.26047564,-0.18519115,-0.06889697,-0.33855063,-0.13770913,-0.3051337,-0.23763709,-0.32430327,-0.08239969,-0.29383123,-0.10249086,-0.14482914,-0.17823432,-0.1316167,-0.18014453,193,1.0
-0.18548575,0.13208593,0.040998783,0.08903068,1.0594772,0.13394886,0.035707258,0.12851566,-0.110231034,0.15345082,-0.057649516,0.049905457,-0.20187178,-0.17641963,0.055549018,0.04843077,-0.062033698,-0.11330572,-0.16748747,-0.19193238,-0.105763316,-0.21141168,-0.2220109,-0.2007418,-0.25221387,-0.16661847,-0.15553746,0.032593735,-0.21237463,-0.2778903,-0.25587183,-0.1607191,193,2.0
-0.23732431,0.004943678,-0.12841642,-0.075114354,0.72519207,-0.015711062,0.095602885,-0.025900796,-0.10560031,-0.19772372,-0.21196944,-0.17652634,0.023775544,-0.14257595,-0.05922062,-0.08887175,-0.02178885,-0.17867461,-0.18143597,-0.06647848,-0.23741868,-0.07187159,-0.27296698,-0.1506081,-0.29653168,-0.049847722,-0.24922684,-0.095148645,-0.1548517,-0.19148599,-0.0699625,-0.2587417,193,2.0
-0.2409655,0.008980783,-0.12218967,-0.07297614,0.73191386,-0.0062070284,0.092500016,-0.017985485,-0.1200854,-0.1844131,-0.19531423,-0.1729688,0.029806256,-0.14534934,-0.055254422,-0.09149061,-0.024399396,-0.17009878,-0.17915201,-0.058699265,-0.23019373,-0.067701794,-0.26909745,-0.14731725,-0.28639325,-0.046432428,-0.23974898,-0.086297035,-0.14074855,-0.17964037,-0.07770262,-0.24722439,193,3.0
-0.16277432,0.15101261,0.08143367,0.047160838,1.0204628,0.13864654,0.075400904,-0.14337142,-0.053962395,0.29016465,-0.19209865,0.08244676,-0.2632943,-0.0897196,0.16906145,0.16740565,-0.15008573,0.02422484,-0.13168198,-0.26150566,0.07907908,-0.13997579,-0.2575131,-0.03463224,-0.14202751,-0.2581243,-0.10126816,0.031049332,-0.25872675,-0.23637304,-0.28138864,0.058879822,193,3.0
-0.1724908,0.029618002,-0.03532113,-0.04886122,0.7943234,0.029955182,-0.012418963,-0.047334842,-0.14438215,-0.032726854,-0.11587866,-0.03650799,0.016348366,-0.032436404,-0.005091101,-0.0750754,-0.10575296,-0.1633297,-0.15592462,-0.11106654,-0.17703491,-0.09482877,-0.22711651,-0.17417814,-0.21852928,-0.060139008,-0.19964707,-0.056504987,-0.09546006,-0.15944056,-0.0999908,-0.27175158,193,2.0
-0.15450847,0.20943251,0.15665334,-0.07735366,0.43918097,0.16060105,0.0015389919,-0.025607057,-0.07968454,0.117190555,-0.25519451,-0.20443162,-0.03313864,-0.25061783,0.03469448,0.0383154,-0.10904656,-0.110648006,-0.032784317,0.0992989,-0.030026875,-0.13261646,-0.16098277,0.019516904,-0.075123996,0.011892542,0.1155046,-0.022818053,-0.11951504,0.1737399,-0.054277375,0.03527599,193,4.0
-0.20409042,0.16650392,0.06585409,0.092162535,1.1104516,0.19004205,0.07699838,0.09479835,-0.056594543,0.26358467,-0.14772527,0.08599547,-0.23728248,-0.21007033,0.05500195,0.06348805,-0.08227674,-0.042936567,-0.19689146,-0.16101769,-0.053512126,-0.18597417,-0.23397724,-0.18258521,-0.25008473,-0.14722127,-0.14721966,0.041731164,-0.22013427,-0.22931686,-0.26250666,-0.14547138,193,3.0
-0.21531455,0.06725564,-0.05261818,0.046905983,0.9372197,0.0779635,0.0114137605,0.14350948,-0.14019758,0.03324333,-0.023453347,-0.064828515,-0.15495384,-0.1898577,-0.016424738,0.0022324529,-0.014406741,-0.15375863,-0.13887842,-0.15550476,-0.09912869,-0.2018302,-0.22801083,-0.17389593,-0.20515443,-0.2016621,-0.19449347,-0.00517698,-0.26670545,-0.25504053,-0.21280716,-0.12053999,193,2.0
-0.1290122,0.2139455,0.14405718,-0.0023526996,0.7254184,0.21199185,0.08096935,0.07587043,-0.095589936,0.36532247,-0.25295797,-0.038258195,-0.23767966,-0.15448405,0.0030216277,-0.117725946,-0.040805303,-0.033892468,-0.18147665,-0.025136746,-0.11078133,-0.10003677,-0.32115299,0.070462346,-0.0718986,0.04888936,-0.065641016,-0.09141893,-0.07613783,0.017692659,-0.12015925,0.016451018,193,3.0
-0.097097896,0.052131325,0.079912975,-0.006864764,0.6027298,-0.01916457,-0.112938136,-0.3932317,0.008763993,-0.23867726,-0.35337994,-0.30356133,0.13751066,0.091497116,0.031903878,-0.08053538,-0.13899684,-0.11964312,-0.08356638,-0.112702064,-0.13126472,-0.0024194166,-0.24780896,-0.14997649,-0.15829341,0.09897405,-0.2167229,-0.106263824,0.0020763613,-0.11108466,0.15794194,-0.26076475,193,3.0
-0.14472798,0.14032327,0.07080589,0.072271615,1.0594447,0.12342285,-0.0034219027,0.10460561,-0.13684602,0.1417681,-0.0785341,0.08668024,-0.13389504,-0.10597212,0.07143047,0.020641636,-0.11872451,-0.13821708,-0.16068771,-0.20150617,-0.16949923,-0.19844666,-0.21703564,-0.22007854,-0.24267994,-0.13473707,-0.14424324,0.0016179178,-0.1623933,-0.26548594,-0.2538091,-0.2351666,193,2.0
-0.014152069,0.007056754,-0.04817755,-0.06329199,0.6469039,0.12448093,-0.091404215,-0.29636747,0.024049958,-0.25546467,-0.2229695,-0.083156064,0.11949927,-0.021722006,0.025963938,-0.13385178,-0.10288631,-0.14321594,-0.13274343,-0.07950675,-0.19539317,-0.019027572,-0.16013165,-0.16439302,-0.35099292,0.055694826,-0.14183363,-0.07468873,-0.13912629,-0.1386707,0.082683146,-0.32106292,193,1.0
-0.2959879,0.028844628,-0.1126217,0.03456259,0.7842352,-0.066545494,0.1877156,0.33188298,-0.19415447,-0.06599031,-0.13374867,-0.110327944,-0.11439647,-0.27718654,-0.08801583,-0.12982166,0.041938864,-0.28605855,-0.22748965,-0.10208195,-0.32587513,-0.27459136,-0.30054274,-0.20024458,-0.22903869,-0.16321078,-0.25616023,-0.15656556,-0.11259841,-0.1497332,-0.17427483,-0.06039782,193,4.0
-0.08654642,0.31637388,0.1127173,-0.13858294,0.51827943,0.23321643,-0.041539542,-0.088758916,-0.19702561,-0.0342177,-0.363282,-0.10449268,0.07255268,-0.27064952,0.151799,0.2319925,-0.117837444,-0.18249452,0.08044312,0.12107783,0.23634703,0.10472971,-0.1281762,-0.16913791,-0.12279859,0.08475824,0.008756246,-0.10508927,-0.2566523,-0.006946653,0.0498518,-0.033252433,193,4.0
-0.24277464,-0.025430957,-0.17365612,-0.06836982,0.7682688,-0.07314831,0.073861375,0.07175086,-0.18004148,-0.12720594,-0.12877806,-0.13115054,-0.048586145,-0.20256719,-0.06276926,-0.10040333,-0.009234674,-0.17927036,-0.17127907,-0.08626327,-0.27665934,-0.091901824,-0.2902226,-0.15423286,-0.2502169,-0.11647365,-0.27970368,-0.1294692,-0.2444519,-0.1411457,-0.12873235,-0.15202288,193,2.0
-0.079743475,0.22613604,0.19058354,-0.106160775,0.36889198,0.24281603,-0.010015573,-0.17196608,-0.2400173,-0.04543312,-0.35355568,-0.22531992,0.02733031,-0.21959518,0.0145387165,0.17867999,-0.14198968,-0.15968524,0.113004036,0.1199784,0.15663022,-0.0042575123,-0.14415412,-0.11388072,0.0020664744,-0.014966004,0.073963135,0.038582623,-0.24223633,0.13883238,0.04206759,-0.013403184,193,4.0
-0.07017645,0.21331319,0.20301968,-0.10115209,0.4188997,0.2846365,-0.08243267,-0.2244364,-0.1772818,-0.040988892,-0.29864493,-0.22891322,0.046417385,-0.22535107,0.029205777,0.1294226,-0.09100049,-0.14006019,0.12997696,0.075313434,0.14105809,0.016759848,-0.1376074,-0.098054975,0.036241766,-0.0498491,0.102584876,0.07447723,-0.24072431,0.14506565,0.05423589,0.011683384,193,4.0
-0.2819628,0.006782517,-0.13223414,-0.0044464543,0.8196206,-0.056441113,0.20309402,0.27710393,-0.19253153,-0.16736957,-0.13554458,-0.11475515,-0.103828505,-0.2530096,-0.07818321,-0.116204105,0.052106567,-0.30616158,-0.20877084,-0.12488454,-0.35387066,-0.26763332,-0.3142903,-0.23825102,-0.2681291,-0.16111451,-0.2895842,-0.12849613,-0.115311615,-0.18340704,-0.17095442,-0.11680792,193,4.0
-0.2124737,0.12872581,0.02703498,0.05213217,0.9767962,0.14595367,0.096079186,0.14461759,-0.10595313,0.1873244,-0.13311256,-0.01262293,-0.22961116,-0.23069017,0.010423921,0.009167332,0.0007716343,-0.08814988,-0.16003159,-0.13261801,-0.11455293,-0.18029301,-0.25191084,-0.1002851,-0.17107576,-0.1610674,-0.19560096,-0.009265134,-0.24232675,-0.16213055,-0.17069149,-0.066867925,193,3.0
-0.23720647,0.023080759,-0.109478146,-0.010614872,0.8728231,0.008486175,0.057231292,0.15451893,-0.18482059,-0.052506655,-0.031004317,-0.08446895,-0.089739,-0.19448832,-0.03503961,-0.07072128,0.005138524,-0.18842086,-0.17218354,-0.12749347,-0.19782576,-0.19226608,-0.24706075,-0.19279502,-0.24605684,-0.1585128,-0.24871832,-0.029122692,-0.18820755,-0.2368952,-0.18084402,-0.17837779,193,3.0
-0.20529267,0.13593806,0.10222748,0.050610732,1.1457913,0.2516204,0.161506,-0.08081808,0.013221214,0.3553963,-0.23107803,0.10964493,-0.30106837,-0.15924878,0.09265703,0.1076237,-0.1087406,-0.002972233,-0.15589456,-0.19050115,0.0035889335,-0.1639458,-0.27389225,-0.093025684,-0.23722795,-0.18108329,-0.10942884,0.0441688,-0.21523187,-0.1970895,-0.31282842,-0.06270673,193,3.0
-0.16184771,0.14553036,0.028928336,0.01812404,0.9252569,0.054248728,-0.030449573,0.11053165,-0.19294347,0.08690087,-0.12791122,0.066888876,-0.084336475,-0.099803716,0.018963393,-0.028184585,-0.12422243,-0.14392205,-0.17040394,-0.16073847,-0.18843752,-0.1911086,-0.2057297,-0.16642109,-0.17658989,-0.1046141,-0.16914707,-0.054730244,-0.14134113,-0.19769903,-0.1393363,-0.24139135,193,3.0
-0.1652781,0.08774463,-0.008416094,-0.016799852,0.8837732,0.04923284,-0.010745913,0.065609045,-0.17752723,0.010425452,-0.10025723,0.012573265,-0.054033972,-0.09153584,-0.00565698,-0.03825531,-0.08632538,-0.1657893,-0.15675989,-0.14920932,-0.19707152,-0.15564042,-0.2264484,-0.17920987,-0.20336942,-0.10703107,-0.18697867,-0.058924176,-0.14828916,-0.19643389,-0.14101444,-0.2335459,193,2.0
-0.23330185,-0.003756469,-0.12926596,-0.064695075,0.7707942,-0.0007593557,0.15760551,0.09979861,-0.115676865,-0.21811697,-0.18013963,-0.12304807,-0.017370127,-0.16754848,-0.046747275,-0.10948768,0.013647489,-0.28785047,-0.20244014,-0.09565157,-0.3457952,-0.16772547,-0.2868548,-0.2232318,-0.3244789,-0.083695866,-0.28694546,-0.09039871,-0.09139896,-0.16613027,-0.10662924,-0.20233884,193,4.0
-0.1955136,0.034004502,-0.07129134,-0.053436793,0.72268915,0.03149004,0.06959763,-0.065090135,-0.09334107,-0.21404386,-0.23237917,-0.16526394,0.0562085,-0.07842519,-0.024857238,-0.09345818,-0.044139788,-0.20502554,-0.17801514,-0.08195314,-0.2426543,-0.10085473,-0.2670249,-0.17960994,-0.2815896,-0.027896486,-0.24151123,-0.059909362,-0.08841098,-0.15854557,-0.02711422,-0.23123485,193,1.0
0.075047754,0.0030974522,0.09028222,0.033458572,0.556002,0.12383278,-0.16485009,-0.43641844,0.007609505,-0.37508273,-0.29336482,-0.20307015,0.10728199,0.047099147,0.03547315,-0.10368811,-0.086881354,-0.01999347,-0.05564116,-0.106310084,-0.053646892,-0.010290189,-0.20121369,-0.15292577,-0.23896997,0.11275056,-0.1378032,-0.10680018,-0.07808999,-0.17913254,0.14972857,-0.26008356,193,1.0
-0.20021212,0.0033436548,-0.11766654,-0.083507255,0.747465,0.02875073,0.09593147,-0.042948317,-0.048369233,-0.23781678,-0.2173284,-0.13433273,0.032147832,-0.09948424,-0.03533341,-0.09706709,-0.013990883,-0.23138294,-0.19041017,-0.08151771,-0.28150907,-0.094126806,-0.25914073,-0.17191893,-0.34881437,-0.02925963,-0.25807178,-0.08034866,-0.12518725,-0.17250234,-0.061444484,-0.2687119,193,1.0
-0.19182399,0.18833303,0.11414251,0.09295437,1.1298476,0.24624956,0.08122501,0.03212738,-0.015096728,0.3514902,-0.20341551,0.11352038,-0.24626604,-0.19461708,0.07337248,0.038708948,-0.11914213,-0.03499464,-0.18112653,-0.15721151,-0.06098494,-0.17026815,-0.2586517,-0.15592621,-0.23768824,-0.10794134,-0.15263017,0.051524848,-0.18044145,-0.19301999,-0.26259065,-0.15407063,193,3.0
-0.11479336,0.16839485,0.15929285,-0.09667221,0.33380517,0.21884178,-0.018379603,-0.14825217,-0.1552921,-0.0004024282,-0.28205174,-0.23703325,-0.021762706,-0.19956961,-0.0006986186,0.06492839,-0.10527627,-0.11401197,0.0407001,0.09004238,0.023809526,-0.057973385,-0.13378921,-0.025978785,0.014259446,-0.03187023,0.124485604,0.09462698,-0.17558134,0.18352793,0.045581285,0.022866083,193,4.0
-0.16127165,0.0023334268,-0.15132238,-0.08929156,0.665847,0.048443362,0.04486324,-0.15476824,0.036089912,-0.24916759,-0.24615824,-0.13297631,0.07637839,-0.0837679,-0.007824391,-0.11542805,-0.03952354,-0.17466196,-0.17786506,-0.06878512,-0.23030114,-0.029700203,-0.17814656,-0.10081224,-0.38281855,0.029023103,-0.18807665,-0.12921326,-0.16351174,-0.19632488,-0.014697291,-0.34651574,193,1.0
-0.047960244,-0.011831084,-0.05505305,-0.032816734,0.6226589,0.134111,-0.07772149,-0.29838824,0.039075956,-0.25299495,-0.23520157,-0.12868792,0.14935386,-0.04517274,0.03476046,-0.12509272,-0.103554584,-0.11299306,-0.10114998,-0.067702025,-0.16203973,0.0041586165,-0.15129521,-0.1467753,-0.33740368,0.05923087,-0.1408727,-0.09497643,-0.14253612,-0.13521242,0.08105454,-0.31088707,193,2.0
-0.206309,0.1382709,0.07216272,-0.030801108,0.5382196,0.106825665,0.056815103,0.14513281,-0.031797513,0.22780144,-0.2564919,-0.12303662,-0.018189926,-0.25498196,-0.012508079,-0.062173475,-0.071393386,-0.118021145,-0.17947121,0.044624664,-0.14541942,-0.15038836,-0.19297192,0.08104401,-0.15719233,-0.00805743,0.014538772,-0.16025083,-0.028476998,0.07999073,-0.17119579,0.018845366,193,4.0
-0.26947436,0.01790507,-0.13451795,-0.01082615,0.8716811,-0.00082204305,0.079984054,0.19259605,-0.19337262,-0.06564701,-0.011124499,-0.10309819,-0.09199297,-0.2372478,-0.020840153,-0.09442108,0.02459097,-0.19528629,-0.17770642,-0.11124978,-0.21516481,-0.2041345,-0.24443646,-0.19106224,-0.25913617,-0.16188964,-0.2728735,-0.013035564,-0.16977333,-0.22282583,-0.18817395,-0.17772037,193,1.0
-0.23539224,0.11414929,-0.004312627,0.07920019,1.0196426,0.16500755,0.08880265,0.13489696,-0.10684269,0.1406948,-0.09838717,-0.006957367,-0.2541488,-0.25287554,0.021663358,0.07843344,0.006180048,-0.044915836,-0.17340809,-0.15778571,-0.013477445,-0.2189452,-0.24951665,-0.13654946,-0.18717657,-0.2043457,-0.16352783,0.042967558,-0.2800838,-0.22236776,-0.24147122,-0.04009646,193,2.0
-0.2782114,-0.008265981,-0.1672795,-0.052912556,0.779973,-0.03546057,0.12938888,0.07704284,-0.146694,-0.14909887,-0.111065775,-0.13831161,-0.019839466,-0.21604684,-0.05670017,-0.12333074,0.010191232,-0.18061064,-0.20543554,-0.07048269,-0.261617,-0.11969851,-0.24777009,-0.15732452,-0.31224146,-0.07555584,-0.27400145,-0.06337345,-0.14744861,-0.19526975,-0.12193392,-0.23475897,193,1.0
-0.2581975,-0.03759004,-0.18159652,-0.106806815,0.77893513,-0.062375985,0.14734493,0.047831982,-0.09787994,-0.20773503,-0.16027784,-0.13239425,-0.021590393,-0.1799479,-0.06858926,-0.1094688,0.020596579,-0.24634336,-0.2000858,-0.07778793,-0.31125844,-0.092317834,-0.2581391,-0.20002252,-0.3511077,-0.045146704,-0.26909962,-0.11356594,-0.17892106,-0.20110638,-0.11834632,-0.23635931,193,2.0
-0.16314459,0.16269408,0.13555038,-0.047355186,0.4473802,0.1338256,-0.0054139495,0.04059451,-0.039959025,0.17994794,-0.24091545,-0.17722905,-0.03783581,-0.23232676,0.00037298724,-0.025535421,-0.100967094,-0.10635303,-0.10330608,0.07507363,-0.08651504,-0.12303618,-0.18571256,0.085893944,-0.09865999,0.007187262,0.07869127,-0.06925284,-0.05974435,0.15427813,-0.11376423,0.04814975,193,4.0
-0.14205565,0.20626941,0.19332649,-0.029038958,0.41312322,0.1591959,-0.001785852,-0.03382116,-0.08342614,0.13568076,-0.22427845,-0.22605869,-0.080835044,-0.21875341,0.016476065,0.03041688,-0.11872186,-0.07819912,-0.059633195,0.08108295,-0.041145146,-0.13459323,-0.21620733,0.06400885,-0.036322586,0.038759097,0.13268092,0.011835715,-0.09727545,0.20075703,-0.07826433,0.063594095,193,4.0
-0.2443422,-0.02254231,-0.15797341,-0.08136889,0.74568784,-0.03823767,0.1252006,0.035774387,-0.11410635,-0.19274086,-0.17634925,-0.15434946,-0.009005602,-0.17975843,-0.058213852,-0.107693486,0.0046833083,-0.2176529,-0.18725502,-0.06946234,-0.28921866,-0.093314014,-0.27571157,-0.18090187,-0.31454098,-0.06540554,-0.26758808,-0.100343436,-0.17258099,-0.17671423,-0.08710168,-0.22123207,193,1.0
-0.21288484,0.16831422,0.06658575,0.03912529,0.9806073,0.17588748,0.09643471,0.12973234,-0.090111926,0.24952573,-0.18668926,0.02410978,-0.23130113,-0.21198818,0.00790764,-0.008090178,-0.02901433,-0.07464637,-0.18162803,-0.120263286,-0.10423872,-0.16325976,-0.2574445,-0.102811426,-0.1773516,-0.11164936,-0.18370703,-0.013530046,-0.20616266,-0.14641117,-0.16432296,-0.09437762,193,3.0
-0.2601998,0.06292179,-0.06614791,-0.0077304486,0.7764499,-0.028732195,0.11939356,0.27242923,-0.25815418,-0.025398828,-0.11287138,-0.09118273,-0.11579043,-0.24917419,-0.054117627,-0.1052918,-0.00010637194,-0.23218362,-0.19157994,-0.07181035,-0.2703841,-0.19904788,-0.29930785,-0.17820898,-0.2042998,-0.11377784,-0.26095748,-0.09590002,-0.13721587,-0.13159999,-0.101885125,-0.10422968,193,2.0
-0.29240167,0.022466734,-0.14355575,0.029847458,0.82819736,-0.06494979,0.25455242,0.3600869,-0.14200494,-0.055684894,-0.12420249,-0.09152113,-0.109773874,-0.31272474,-0.05643054,-0.11474017,0.08069692,-0.2518727,-0.21739522,-0.08231563,-0.3412316,-0.23933896,-0.26301005,-0.19989043,-0.292734,-0.11422663,-0.24703047,-0.16029818,-0.10211687,-0.163301,-0.19581969,-0.08811196,193,4.0
-0.049871445,-0.015899578,-0.054358713,-0.026290026,0.60854447,0.14654331,-0.07001942,-0.29564756,0.034272768,-0.25000817,-0.23923504,-0.13291378,0.15343791,-0.06367614,0.04319212,-0.11479118,-0.10106814,-0.09666912,-0.093095556,-0.058772124,-0.14742753,0.03163042,-0.13552126,-0.14878282,-0.33360153,0.07560654,-0.11521103,-0.10745422,-0.15836684,-0.13188893,0.073218614,-0.30353373,193,2.0
-0.06093932,0.008716879,-0.07297045,-0.084291086,0.6723039,0.12151311,-0.07012147,-0.24257067,0.0401994,-0.22610879,-0.19876501,-0.068382114,0.10668866,-0.0380627,0.018507797,-0.13567379,-0.098474406,-0.18170954,-0.1387063,-0.07502026,-0.22489905,-0.02248852,-0.16737346,-0.16876684,-0.36974275,0.03864623,-0.16937813,-0.06963249,-0.14047351,-0.122280724,0.05334679,-0.32856116,193,2.0
-0.23450223,0.093359776,-0.016183186,0.009656835,0.6903275,0.006574168,0.13179581,0.25223652,-0.16259645,0.14395481,-0.15320545,-0.057878688,-0.14622396,-0.25692204,-0.034695648,-0.118945986,-0.008461237,-0.1754788,-0.22450453,-0.004292844,-0.24239844,-0.15737455,-0.2704548,-0.087764114,-0.1807608,-0.068536244,-0.16743323,-0.13127895,-0.11315956,-0.034529313,-0.107875094,-0.02642484,193,1.0
-0.14386183,0.19653076,0.1800553,-0.07104325,0.37170315,0.19191244,-0.025447357,-0.116127536,-0.117953435,0.05785469,-0.25961143,-0.25276652,-0.03274447,-0.22111708,-0.006071195,0.0467754,-0.11052406,-0.0872594,0.01515048,0.08214097,0.008483317,-0.07445204,-0.1650434,0.011639738,0.00034672394,-0.019747056,0.15276182,0.06492767,-0.1722077,0.20177715,-0.012573224,0.038255326,193,4.0
-0.10272455,-0.0032215137,-0.112171024,-0.102075994,0.68225247,0.10570894,-0.037206575,-0.1865204,0.043367945,-0.19290128,-0.15630609,-0.068584844,0.09769675,-0.0655055,0.014866773,-0.13338172,-0.07341007,-0.20518705,-0.1420176,-0.060234852,-0.2328459,-0.012664151,-0.17005035,-0.17066948,-0.3889166,0.019952476,-0.1877912,-0.07582026,-0.15781064,-0.12605226,0.012103202,-0.32425582,193,1.0
-0.08132701,-0.0025621671,-0.09857346,-0.08710843,0.6688429,0.112817235,-0.046061203,-0.22391987,0.0428174,-0.22250977,-0.19422136,-0.0827388,0.116461106,-0.05403721,0.02178565,-0.13446084,-0.08046989,-0.18197897,-0.14095682,-0.06378971,-0.22050306,-0.017749138,-0.16526043,-0.16164573,-0.37951332,0.027068678,-0.17364454,-0.08003199,-0.15039743,-0.13265182,0.03901659,-0.32973287,193,1.0
-0.2168765,0.15443234,0.06322761,0.08074048,1.119754,0.21916492,0.11496866,0.043402888,-0.023197332,0.2967794,-0.172692,0.09156703,-0.27478305,-0.21068487,0.071934834,0.098044746,-0.07257385,-0.012993374,-0.19863947,-0.16214514,0.013064418,-0.17704567,-0.24351428,-0.15227994,-0.24993595,-0.16705602,-0.12147737,0.049137622,-0.2459483,-0.22014247,-0.2797901,-0.09819061,193,3.0
-0.093952134,0.16291,0.052887034,-0.05470427,0.6443413,0.20685995,0.11323936,0.0701694,-0.065915376,0.23776656,-0.2838644,-0.10251723,-0.12998751,-0.12988952,0.017322846,-0.11428102,0.023090318,-0.06152022,-0.19429639,-0.013743922,-0.12443575,-0.074733846,-0.26032853,0.07657817,-0.109800056,0.07688874,-0.06395016,-0.1831507,-0.07637272,-0.039991677,-0.09691727,0.07083089,193,4.0
-0.16216213,0.14890476,0.06482147,0.095347166,1.0551631,0.12411057,-0.010021675,0.11142408,-0.08784858,0.19157639,-0.068205945,0.08126479,-0.18682729,-0.13744934,0.04602188,0.048228376,-0.11369726,-0.09597476,-0.16290587,-0.17418689,-0.078132436,-0.19102585,-0.19049758,-0.18278925,-0.22782311,-0.14729482,-0.116018444,-0.023019392,-0.2344978,-0.27430308,-0.25252426,-0.17896466,193,3.0
-0.23313788,0.11743796,-0.016950574,0.068446994,1.001025,0.12561578,0.06274095,0.16964555,-0.13782293,0.110837035,-0.07658154,-0.021367371,-0.21302867,-0.23856279,0.0034556761,0.043119043,-0.012389086,-0.087948404,-0.16457373,-0.15553677,-0.06881136,-0.2087339,-0.24677898,-0.15989633,-0.19218397,-0.19679067,-0.18035406,0.017925004,-0.26357114,-0.23588654,-0.22228862,-0.084043205,193,2.0
-0.28821933,0.008424824,-0.15159486,-0.014124287,0.85397243,-0.029520422,0.09980498,0.24602497,-0.23787719,-0.08505041,-0.030630812,-0.13813083,-0.11264257,-0.2852022,-0.023181759,-0.09212423,0.044986486,-0.19804038,-0.15578064,-0.09590446,-0.24281925,-0.20368968,-0.28338262,-0.18489254,-0.2261877,-0.18470117,-0.3035089,-0.031359192,-0.19503771,-0.19017369,-0.15893564,-0.09648997,193,1.0
-0.16266224,0.13754395,0.088972956,0.14912361,1.0857656,0.13769619,0.054148488,-0.027540006,-0.010750727,0.29032257,-0.13081965,0.11622103,-0.2568814,-0.16073932,0.16846074,0.16425194,-0.13697326,-0.033287156,-0.15981436,-0.20756069,0.054754328,-0.16359363,-0.22754155,-0.14986879,-0.27054894,-0.18019685,-0.08454034,0.034436174,-0.2636634,-0.2722289,-0.31393105,-0.07175662,193,3.0
-0.15413226,0.19368853,0.10132159,0.0008562282,0.96789235,0.109509535,0.093578026,-0.23213851,-0.11452203,0.28197616,-0.23133808,0.0672412,-0.18696289,-0.12104152,0.17126036,0.1625551,-0.17416379,0.055449024,-0.050266404,-0.29037654,0.038408004,-0.116723575,-0.2509147,0.01361485,-0.09216732,-0.29940015,-0.09788716,0.051889226,-0.21738538,-0.19999303,-0.32775718,0.056864664,193,3.0
-0.13400483,0.20502724,0.19513267,0.004712766,0.44261774,0.15573137,0.01879438,0.009819031,-0.062039167,0.20122379,-0.2179173,-0.19880806,-0.108524606,-0.21603121,0.020733308,0.008989226,-0.12219787,-0.059041083,-0.105069816,0.06889934,-0.065032855,-0.1618975,-0.24484521,0.11070232,-0.044698194,0.050495014,0.122123785,-0.028719055,-0.06207502,0.18927693,-0.13103807,0.071537636,193,4.0
-0.17779034,0.1415386,0.10327716,0.11675471,1.12103,0.19016518,0.10728322,-0.04640624,0.008782329,0.33712992,-0.1848424,0.12291046,-0.2868914,-0.16464768,0.14108512,0.15369914,-0.1411851,-0.013534016,-0.16107267,-0.1999329,0.04693576,-0.17036133,-0.24041109,-0.13723454,-0.25588194,-0.18861297,-0.09803351,0.047264814,-0.25275952,-0.23673919,-0.31441367,-0.072971925,193,2.0
-0.15862012,0.23413026,0.039669257,0.027350735,0.7830551,0.05369587,0.020249039,-0.20145693,-0.12605688,0.20787925,-0.16297677,0.037753426,-0.13516189,-0.15632398,0.20104244,0.1884475,-0.122564554,0.15719795,-0.08538094,-0.26792243,0.18707809,-0.04731768,-0.22837709,0.09305216,-0.03707373,-0.29243025,-0.112279795,0.053593196,-0.2513737,-0.19307405,-0.33986747,0.17421165,193,3.0
-0.0308271,0.11354465,0.12630536,0.023912728,0.6923452,-0.07977762,-0.14418983,-0.43498158,-0.025784869,-0.28487563,-0.37979838,-0.3265816,0.13615611,0.13613708,0.034060746,-0.05885884,-0.14381114,-0.12589535,-0.107884474,-0.1611228,-0.096531644,-0.025482792,-0.292688,-0.19235542,-0.11469284,0.019384462,-0.20907435,-0.07611567,0.010098322,-0.17431074,0.14414205,-0.24585377,193,2.0
-0.10666811,0.013689464,-0.049795266,-0.025367768,0.5925784,0.053626385,-0.016142681,-0.29773012,0.04558982,-0.2834689,-0.334815,-0.23679668,0.11083195,-0.0010123993,0.011162061,-0.12289863,-0.08756946,-0.10851672,-0.10693723,-0.09062944,-0.18164049,-0.002398613,-0.20700258,-0.09967068,-0.30519786,0.12486045,-0.1859304,-0.1473705,-0.10810066,-0.18984829,0.08939111,-0.30056736,193,1.0
-0.30587363,0.05244934,-0.12909204,0.041191686,0.7898782,-0.05194611,0.1786651,0.33510897,-0.13265091,-0.04732488,-0.15386765,-0.10082142,-0.102737755,-0.25826848,-0.11935709,-0.14064935,0.050245374,-0.298373,-0.23383546,-0.12599498,-0.32427394,-0.2894675,-0.28127733,-0.1834423,-0.21348725,-0.19911131,-0.22141495,-0.18301648,-0.10774874,-0.16391182,-0.20719288,-0.05706685,193,4.0
-0.213643,0.12514363,-0.009455163,0.006993495,0.93946594,0.07276192,0.03596706,0.18348393,-0.20483065,0.06441778,-0.09790018,-0.0063097402,-0.13283704,-0.18288484,-0.018533207,-0.030315487,-0.04995888,-0.15408634,-0.16928282,-0.14106819,-0.17263746,-0.18346244,-0.26026586,-0.1776912,-0.19503494,-0.1437135,-0.20582932,-0.036535077,-0.19013521,-0.20734458,-0.1676065,-0.1699014,193,2.0
-0.17409693,0.16565973,0.10789381,0.14040132,1.1703359,0.22391172,0.087234795,-0.008592937,0.008882439,0.35417995,-0.19462961,0.14812568,-0.24954513,-0.18946733,0.14622775,0.11878224,-0.16270837,-0.02495753,-0.18146893,-0.17766863,0.005131919,-0.17011817,-0.24829587,-0.21340941,-0.2972725,-0.14146176,-0.09860955,0.071192846,-0.19692256,-0.2418046,-0.3505684,-0.15461384,193,3.0
-0.2111207,0.024024526,-0.085005775,-0.06498033,0.7149318,0.028668268,0.086188465,-0.05128108,-0.103744745,-0.22030371,-0.24125817,-0.19051917,0.06571534,-0.09319615,-0.030525595,-0.09354397,-0.034016944,-0.20237908,-0.17147508,-0.06542917,-0.23654768,-0.08248303,-0.2777645,-0.18151976,-0.2830281,-0.02953019,-0.23801392,-0.06849439,-0.09338672,-0.1697051,-0.03868614,-0.22426237,193,1.0
-0.21248466,0.108330525,0.024919558,0.091741994,1.0279511,0.19767727,0.06720355,0.09471788,-0.0841714,0.1755122,-0.0933481,0.011078127,-0.29100406,-0.2123743,0.051791232,0.095410615,0.004298538,-0.061127134,-0.15332787,-0.18405277,0.024214875,-0.23405796,-0.2448965,-0.10962452,-0.15666059,-0.22896221,-0.14512514,0.045362256,-0.29193512,-0.2255011,-0.22792958,-0.022072379,193,3.0
-0.27648,-0.039056227,-0.16735002,-0.06283052,0.8046172,-0.07111392,0.14785147,0.14858878,-0.18805861,-0.13970038,-0.1050127,-0.14125873,-0.06068872,-0.24241957,-0.05034925,-0.12337224,0.025673889,-0.23186098,-0.17185578,-0.07978432,-0.3193669,-0.13702449,-0.29506978,-0.21564175,-0.28350967,-0.11384847,-0.30313253,-0.093459465,-0.18871805,-0.16473112,-0.12554301,-0.14646144,193,2.0
-0.18416221,0.13355328,0.06754556,0.087153375,1.0811685,0.18307495,0.114589974,-0.07227125,-0.009502988,0.32662064,-0.17999008,0.123311974,-0.29234535,-0.16404152,0.16155759,0.17424496,-0.12779099,0.005164791,-0.16538769,-0.2177771,0.07602143,-0.15255979,-0.24777372,-0.13430321,-0.24406548,-0.20352656,-0.084352724,0.051483847,-0.26297703,-0.23205774,-0.30040288,-0.03479291,193,3.0
0.02867616,0.01072349,0.005642753,-0.022346774,0.6638382,0.15114902,-0.1412192,-0.3487049,0.031801946,-0.26476622,-0.21362808,-0.10355641,0.12903419,0.0037654745,0.0409777,-0.13317248,-0.12123406,-0.11532837,-0.09437239,-0.09342379,-0.15097176,-0.03863602,-0.19019425,-0.17639388,-0.31524175,0.060946807,-0.1543256,-0.06793171,-0.11398653,-0.10889653,0.12329011,-0.28589347,193,1.0
-0.2248219,-0.015579669,-0.18083768,-0.10773471,0.73234016,-0.038244344,0.10266508,-0.023721553,-0.03547143,-0.22215858,-0.19099157,-0.123340756,-0.0021111649,-0.1452158,-0.057484396,-0.10195819,0.0023484677,-0.22400346,-0.20298913,-0.06874737,-0.27813464,-0.06362238,-0.22780438,-0.14312714,-0.3669264,-0.02170249,-0.24001142,-0.12794538,-0.18847154,-0.20161186,-0.08473337,-0.29160324,193,1.0
-0.22704963,0.09945698,-0.04063334,0.025252827,0.9674084,0.083626375,0.031086214,0.16580158,-0.18321085,0.050945766,-0.053119972,-0.029432666,-0.14514491,-0.19138362,-0.019903168,0.0031844005,-0.033518154,-0.13832189,-0.15882286,-0.15371862,-0.11741759,-0.18983483,-0.2522916,-0.19149472,-0.2056593,-0.18976745,-0.18015304,-0.013233287,-0.23656477,-0.25973642,-0.22065215,-0.13972436,193,2.0
-0.08272945,0.2323307,0.18070619,-0.1134004,0.41948158,0.27230018,-0.0602369,-0.17770097,-0.16783154,-0.029615857,-0.29744667,-0.21843982,0.032438304,-0.23165698,0.03916886,0.12299818,-0.08168398,-0.14771391,0.10064594,0.087033615,0.116161525,0.005786311,-0.12113793,-0.085981876,-0.00017276034,-0.025551848,0.0956791,0.06828778,-0.2226072,0.14164257,0.06907428,0.0059844125,193,4.0
-0.10528449,0.1267886,0.13459332,-0.07807168,0.27935272,0.20905943,-0.060369246,-0.14858407,-0.11474093,0.038250677,-0.2850867,-0.2743148,0.026935294,-0.20738545,-0.050341554,-0.008914143,-0.12386905,-0.0640608,0.007877484,0.049016926,0.011693452,-0.0034493087,-0.11564665,0.042520113,0.05379192,-0.07416747,0.13470459,0.076178506,-0.19014552,0.18056342,0.020666318,0.03513959,193,4.0
-0.09916715,0.035191357,-0.013837509,-0.036172934,0.6502329,0.030068241,-0.028618675,-0.2977331,0.022001954,-0.27677822,-0.3198406,-0.22334868,0.102765955,0.03081653,-0.001232218,-0.109422,-0.09780456,-0.13475925,-0.12641266,-0.10645817,-0.17976093,-0.034135144,-0.24564292,-0.124467075,-0.27734202,0.08720207,-0.21398732,-0.11896112,-0.08121514,-0.17623495,0.07725118,-0.3105407,193,2.0
-0.13593647,0.14935537,0.07103616,-0.01985455,0.5407784,0.10361824,0.07411647,0.112533666,-0.077804066,0.24705616,-0.22307879,-0.08362365,-0.111527726,-0.19360596,-0.011751987,-0.10048657,-0.05457238,-0.084570244,-0.19184302,0.03804365,-0.16154894,-0.091228254,-0.25679508,0.07007654,-0.12055875,0.031978004,-0.007852532,-0.13909526,-0.04736554,0.067126215,-0.117440104,0.0440574,193,4.0
-0.19193982,0.1771862,0.11106777,0.093466595,1.1419626,0.22925434,0.08832364,0.040190615,-0.02305355,0.34137723,-0.19300176,0.11410897,-0.25428933,-0.18869175,0.08019185,0.059361994,-0.12156461,-0.035936523,-0.18022752,-0.16657192,-0.04919123,-0.17439264,-0.25751773,-0.14844106,-0.2437646,-0.13688713,-0.14875841,0.052611172,-0.19421402,-0.20509976,-0.2767707,-0.15650223,193,3.0
-0.23300456,0.12936018,0.020796265,-0.0013509225,0.61574656,0.08298459,0.10663125,0.21857613,-0.03043885,0.21291873,-0.23852003,-0.089531966,-0.04268773,-0.2712198,-0.0229282,-0.08483801,-0.030726958,-0.1413041,-0.22336671,0.0004248172,-0.19286335,-0.17289482,-0.21161494,0.045603395,-0.1912385,-0.028336689,-0.03956354,-0.1826077,-0.030622214,0.014543669,-0.19810098,-0.0027492475,193,4.0
-0.2528491,-0.0010570418,-0.17319863,-0.09208475,0.73751277,-0.049877748,0.121399105,0.0046744198,-0.07426857,-0.22225791,-0.20311972,-0.14785007,-0.00919725,-0.16885245,-0.06765846,-0.0975007,-0.003670998,-0.21252114,-0.2060376,-0.06384796,-0.28654468,-0.08059679,-0.24687147,-0.15099744,-0.34404853,-0.03356015,-0.24658093,-0.11892185,-0.17196177,-0.2061895,-0.09271887,-0.27972806,193,1.0
-0.15203097,0.0037175138,-0.1341449,-0.09155518,0.6499148,0.052527755,0.012640685,-0.17359123,0.029590117,-0.24166578,-0.2336207,-0.11702962,0.08219768,-0.078487344,-0.007650908,-0.11282063,-0.050434306,-0.17156762,-0.16613063,-0.06317743,-0.2199324,-0.026355423,-0.17145236,-0.107657894,-0.37574196,0.018802736,-0.1818263,-0.113043115,-0.16154116,-0.17967093,-0.0046870746,-0.34897164,193,1.0
-0.17616062,0.14095765,0.073637575,0.12434949,1.0973332,0.16493133,0.04320755,0.04710319,-0.0496576,0.23107079,-0.091673434,0.07832608,-0.2430599,-0.18126395,0.106137305,0.1080669,-0.079151995,-0.07434799,-0.16707532,-0.19925186,-0.018129341,-0.19751981,-0.2301261,-0.17753536,-0.27220193,-0.17898768,-0.12577498,0.048117734,-0.24557377,-0.27943954,-0.29243797,-0.112063594,193,2.0
-0.09718431,0.1985044,0.19322188,-0.09344578,0.3430273,0.23977657,-0.0035103261,-0.17864427,-0.21740854,-0.034897454,-0.32867733,-0.24234483,0.005506143,-0.20970793,-0.0030268729,0.13865682,-0.13145155,-0.13580526,0.091113724,0.10756159,0.10614531,-0.035534374,-0.15433356,-0.083684504,0.030669596,-0.031233028,0.10977765,0.08439785,-0.22296269,0.17631724,0.04378259,-0.00093529,193,4.0
-0.2804461,0.016562048,-0.14583752,-0.000861641,0.8534322,0.005310909,0.06834982,0.20829964,-0.2075426,-0.07172503,-0.030959688,-0.13219683,-0.114990726,-0.26112124,-0.01755397,-0.06860653,0.037573956,-0.1767563,-0.15488254,-0.108069845,-0.18559456,-0.20416132,-0.26846468,-0.15811066,-0.21120518,-0.19636685,-0.28449976,-0.013239397,-0.21224032,-0.2034849,-0.17714426,-0.102818616,193,2.0
-0.28601885,-0.015481396,-0.18121289,-0.058534905,0.7782565,-0.048408404,0.14639542,0.07916769,-0.13767187,-0.16313729,-0.10997623,-0.14414199,-0.012849789,-0.22968648,-0.05347684,-0.13513845,0.022600561,-0.18510258,-0.21295246,-0.06160724,-0.2820649,-0.11213021,-0.23895684,-0.15801266,-0.33675432,-0.057323806,-0.27879027,-0.06749854,-0.13819055,-0.19441624,-0.121772245,-0.23554899,193,1.0
-0.085695475,-0.009826517,-0.10293038,-0.09070791,0.6772411,0.118317276,-0.044026017,-0.2074089,0.049216047,-0.21348944,-0.16961648,-0.070634276,0.11566439,-0.059822917,0.027692674,-0.13016358,-0.07007384,-0.18616399,-0.13828832,-0.058017425,-0.21219099,-0.015973577,-0.15824546,-0.16524534,-0.38958585,0.016985692,-0.1762853,-0.07654335,-0.15434265,-0.12636732,0.02544874,-0.33053696,193,1.0
-0.18276924,0.13139191,0.043694112,-0.0057052914,0.64560264,0.0662048,0.107907444,0.1781843,-0.12764034,0.2382465,-0.18037568,-0.037413817,-0.15968017,-0.22385935,-0.015718937,-0.115520924,-0.030405384,-0.121459246,-0.21616174,0.012935799,-0.20474178,-0.11568237,-0.2737222,-0.014256116,-0.14527586,-0.02151458,-0.095406674,-0.11776545,-0.08928624,0.014367844,-0.10590255,-0.006479443,193,3.0
-0.2230845,0.102111794,-0.0195481,0.07011297,0.98294234,0.12101793,0.037749514,0.1748065,-0.13565804,0.10057969,-0.0357558,-0.03146419,-0.21573389,-0.21470347,0.025270768,0.027129214,-0.005382709,-0.12610559,-0.13794723,-0.16626933,-0.084955946,-0.22444585,-0.22939833,-0.14681341,-0.18280843,-0.21702823,-0.19329631,0.028179387,-0.25424358,-0.23413673,-0.20191905,-0.09947091,193,2.0
-0.18510167,0.09238132,-0.029838968,-0.01996352,0.8837094,0.039302584,0.0015243515,0.10638692,-0.2043199,-0.0005291216,-0.092868805,-0.008138463,-0.06823253,-0.12768315,-0.016824238,-0.04203537,-0.06708894,-0.16451724,-0.15899098,-0.13744438,-0.19367081,-0.16321559,-0.2470241,-0.1769254,-0.20087159,-0.1302967,-0.19486558,-0.060755923,-0.16365342,-0.20419039,-0.15361029,-0.21437109,193,2.0
-0.16498245,0.01646729,-0.09949897,-0.044875678,0.6585896,0.031523097,0.040409558,-0.20024428,0.030784162,-0.2561727,-0.29157454,-0.20014821,0.07581052,-0.040779773,-0.0188592,-0.11592573,-0.06467509,-0.14185785,-0.15692383,-0.087182604,-0.2133736,-0.04034191,-0.21671261,-0.095342964,-0.32582396,0.062414706,-0.2112037,-0.13008693,-0.11743104,-0.19955868,0.019524708,-0.32064447,193,1.0
-0.19501728,0.017028132,-0.0797355,-0.051237006,0.7017455,0.022107149,0.045662045,-0.14903471,-0.035983413,-0.19692332,-0.23619333,-0.17426148,0.070582084,-0.05281552,-0.026452638,-0.09853118,-0.063017525,-0.15046863,-0.16494936,-0.076724015,-0.20094436,-0.05468174,-0.24201153,-0.13040562,-0.28133553,0.00609912,-0.23222908,-0.08204788,-0.10017454,-0.16117464,-0.009245843,-0.28049937,193,2.0
-0.15886086,0.10116894,0.01674584,-0.007946413,0.90602684,0.07770781,0.00048025697,0.052557155,-0.16479358,0.013908159,-0.13872023,0.005464457,-0.04824452,-0.085217714,0.002599813,-0.028631542,-0.09095075,-0.16042484,-0.1571031,-0.15087625,-0.18016395,-0.15271932,-0.24134283,-0.18012346,-0.21268466,-0.11189463,-0.1849494,-0.050195068,-0.15654796,-0.19213629,-0.14000665,-0.23550797,193,1.0
-0.16681483,0.13980779,0.07773611,0.123857304,1.028466,0.112838924,0.052158915,-0.07850495,-0.017886845,0.28559572,-0.15494876,0.11152295,-0.24207991,-0.13230845,0.19234464,0.17963071,-0.16102102,0.0002537733,-0.1526593,-0.23344776,0.1026431,-0.13923468,-0.23638335,-0.09381996,-0.22525841,-0.21256033,-0.0737041,0.02758049,-0.28036526,-0.25807902,-0.30929452,-0.009857131,193,3.0
-0.14641024,0.15849106,0.06797537,0.12943116,0.9587931,0.08578579,0.00024919212,-0.09089764,-0.049525328,0.25117755,-0.12832141,0.09923365,-0.19339857,-0.13275602,0.22060826,0.1702867,-0.14616579,0.014683186,-0.14132899,-0.2350421,0.1235529,-0.1111086,-0.24575357,-0.042295184,-0.19416703,-0.20603648,-0.07160984,0.008744648,-0.2903284,-0.2681851,-0.29988652,0.039091542,193,3.0
-0.008790486,-0.031111432,0.0113134645,0.045215193,0.5618541,0.19035544,-0.1324892,-0.3164893,-0.0013115089,-0.27245113,-0.18514314,-0.124543816,0.19039339,-0.089003175,0.074205875,-0.08092828,-0.11520472,-0.021329723,-0.032342568,-0.012756556,-0.09101471,0.071765035,-0.0873368,-0.17605509,-0.30568603,0.07838915,-0.058491908,-0.10190034,-0.16465022,-0.10061988,0.071317285,-0.30098423,193,1.0
-0.22536735,0.0041985232,-0.10843955,-0.06679857,0.7841348,0.015009068,0.07304844,0.021980256,-0.16057742,-0.114525296,-0.1179696,-0.10499815,0.018776521,-0.113026984,-0.03629274,-0.092470266,-0.038710825,-0.17970897,-0.16899414,-0.087202184,-0.21919042,-0.099546924,-0.2525678,-0.17783329,-0.25454515,-0.07089352,-0.23457989,-0.06426745,-0.111242674,-0.16873196,-0.10850784,-0.23256566,193,1.0
-0.11143017,0.22061358,0.19738007,-0.0904848,0.39299753,0.23902345,-0.043088943,-0.17597283,-0.1550911,-0.010445423,-0.26017404,-0.23694897,-0.0042395554,-0.22796829,0.016598783,0.106882036,-0.09427985,-0.11241959,0.076021396,0.08164928,0.0784736,-0.03149421,-0.15335189,-0.061884355,0.018650334,-0.028476395,0.14183494,0.10036779,-0.21512476,0.19081274,0.0356578,0.025268735,193,4.0
